Supplemental results for CODEML (seqf: ccnd2.fasta  treef: ccnd2_tree.txt)


MLEs of dN/dS (w) for site classes (K=6)

p:   0.20000  0.20000  0.20000  0.20000  0.20000  0.00001
w:   0.00000  0.00001  0.00134  0.03419  0.37895  1.00000

Naive Empirical Bayes (NEB) probabilities for 6 classes & postmean_w
(amino acids refer to 1st sequence: Calidris_pugnax)

   1 -   0.24415 0.24414 0.24286 0.21342 0.05543 0.00000 ( 1)  0.029
   2 -   0.23857 0.23856 0.23754 0.21384 0.07149 0.00000 ( 1)  0.035
   3 -   0.22676 0.22676 0.22617 0.21205 0.10826 0.00000 ( 1)  0.049
   4 -   0.22700 0.22699 0.22639 0.21212 0.10749 0.00000 ( 1)  0.048
   5 -   0.23649 0.23648 0.23555 0.21378 0.07770 0.00000 ( 1)  0.037
   6 -   0.23649 0.23648 0.23555 0.21378 0.07770 0.00000 ( 1)  0.037
   7 -   0.23852 0.23851 0.23749 0.21381 0.07167 0.00000 ( 1)  0.035
   8 -   0.23450 0.23450 0.23364 0.21359 0.08377 0.00000 ( 1)  0.039
   9 -   0.23728 0.23727 0.23631 0.21380 0.07534 0.00000 ( 1)  0.036
  10 -   0.23403 0.23403 0.23319 0.21352 0.08523 0.00000 ( 1)  0.040
  11 -   0.24415 0.24414 0.24286 0.21342 0.05543 0.00000 ( 1)  0.029
  12 -   0.00000 0.00007 0.00898 0.20625 0.78469 0.00002 ( 5)  0.304
  13 -   0.23584 0.23584 0.23493 0.21371 0.07969 0.00000 ( 1)  0.038
  14 -   0.23194 0.23193 0.23117 0.21321 0.09174 0.00000 ( 1)  0.042
  15 -   0.22674 0.22674 0.22614 0.21203 0.10835 0.00000 ( 1)  0.049
  16 -   0.23190 0.23190 0.23114 0.21321 0.09185 0.00000 ( 1)  0.042
  17 -   0.24056 0.24055 0.23945 0.21380 0.06564 0.00000 ( 1)  0.033
  18 -   0.00000 0.00006 0.00780 0.18200 0.81012 0.00002 ( 5)  0.313
  19 -   0.00000 0.00007 0.00987 0.22447 0.76557 0.00001 ( 5)  0.298
  20 -   0.22592 0.22592 0.22535 0.21183 0.11097 0.00000 ( 1)  0.050
  21 -   0.23343 0.23342 0.23261 0.21346 0.08708 0.00000 ( 1)  0.041
  22 -   0.23417 0.23417 0.23332 0.21355 0.08479 0.00000 ( 1)  0.040
  23 -   0.23909 0.23909 0.23805 0.21382 0.06996 0.00000 ( 1)  0.034
  24 -   0.24046 0.24045 0.23935 0.21379 0.06594 0.00000 ( 1)  0.033
  25 -   0.23418 0.23418 0.23334 0.21354 0.08476 0.00000 ( 1)  0.040
  26 -   0.23024 0.23023 0.22953 0.21290 0.09710 0.00000 ( 1)  0.044
  27 -   0.22592 0.22592 0.22535 0.21183 0.11097 0.00000 ( 1)  0.050
  28 -   0.23981 0.23980 0.23873 0.21384 0.06783 0.00000 ( 1)  0.033
  29 -   0.24058 0.24057 0.23947 0.21380 0.06557 0.00000 ( 1)  0.032
  30 -   0.22295 0.22295 0.22247 0.21090 0.12073 0.00000 ( 1)  0.053
  31 -   0.22648 0.22648 0.22589 0.21196 0.10919 0.00000 ( 1)  0.049
  32 -   0.23499 0.23499 0.23412 0.21363 0.08227 0.00000 ( 1)  0.039
  33 -   0.24062 0.24061 0.23950 0.21377 0.06550 0.00000 ( 1)  0.032
  34 -   0.23857 0.23856 0.23754 0.21384 0.07149 0.00000 ( 1)  0.035
  35 -   0.23853 0.23852 0.23750 0.21383 0.07162 0.00000 ( 1)  0.035
  36 -   0.23686 0.23685 0.23590 0.21366 0.07673 0.00000 ( 1)  0.037
  37 -   0.23017 0.23016 0.22946 0.21289 0.09731 0.00000 ( 1)  0.044
  38 -   0.22699 0.22699 0.22639 0.21212 0.10750 0.00000 ( 1)  0.048
  39 -   0.23403 0.23403 0.23319 0.21352 0.08523 0.00000 ( 1)  0.040
  40 -   0.23271 0.23271 0.23192 0.21331 0.08934 0.00000 ( 1)  0.041
  41 -   0.23649 0.23648 0.23555 0.21378 0.07770 0.00000 ( 1)  0.037
  42 -   0.23339 0.23339 0.23257 0.21345 0.08719 0.00000 ( 1)  0.041
  43 -   0.23421 0.23421 0.23337 0.21356 0.08465 0.00000 ( 1)  0.040
  44 -   0.23617 0.23616 0.23524 0.21377 0.07866 0.00000 ( 1)  0.037
  45 -   0.23841 0.23840 0.23739 0.21381 0.07198 0.00000 ( 1)  0.035
  46 -   0.23649 0.23648 0.23555 0.21378 0.07770 0.00000 ( 1)  0.037
  47 -   0.23437 0.23437 0.23352 0.21358 0.08416 0.00000 ( 1)  0.040
  48 -   0.23282 0.23281 0.23202 0.21335 0.08899 0.00000 ( 1)  0.041
  49 -   0.23847 0.23846 0.23745 0.21384 0.07178 0.00000 ( 1)  0.035
  50 -   0.24067 0.24067 0.23956 0.21380 0.06531 0.00000 ( 1)  0.032
  51 -   0.23619 0.23618 0.23526 0.21375 0.07862 0.00000 ( 1)  0.037
  52 -   0.23286 0.23285 0.23206 0.21338 0.08885 0.00000 ( 1)  0.041
  53 -   0.23404 0.23403 0.23320 0.21352 0.08521 0.00000 ( 1)  0.040
  54 -   0.23617 0.23616 0.23524 0.21377 0.07866 0.00000 ( 1)  0.037
  55 -   0.24415 0.24414 0.24286 0.21342 0.05543 0.00000 ( 1)  0.029
  56 -   0.23809 0.23808 0.23709 0.21382 0.07292 0.00000 ( 1)  0.035
  57 -   0.23817 0.23816 0.23716 0.21383 0.07268 0.00000 ( 1)  0.035
  58 -   0.24415 0.24414 0.24286 0.21342 0.05543 0.00000 ( 1)  0.029
  59 -   0.23449 0.23448 0.23363 0.21359 0.08380 0.00000 ( 1)  0.039
  60 -   0.23499 0.23499 0.23411 0.21363 0.08228 0.00000 ( 1)  0.039
  61 -   0.23086 0.23086 0.23013 0.21302 0.09513 0.00000 ( 1)  0.044
  62 -   0.23139 0.23139 0.23065 0.21314 0.09343 0.00000 ( 1)  0.043
  63 -   0.24415 0.24414 0.24286 0.21342 0.05543 0.00000 ( 1)  0.029
  64 -   0.22694 0.22693 0.22633 0.21210 0.10770 0.00000 ( 1)  0.048
  65 -   0.23857 0.23856 0.23754 0.21384 0.07149 0.00000 ( 1)  0.035
  66 -   0.23428 0.23428 0.23343 0.21356 0.08444 0.00000 ( 1)  0.040
  67 -   0.23340 0.23340 0.23258 0.21345 0.08717 0.00000 ( 1)  0.041
  68 -   0.23833 0.23832 0.23731 0.21384 0.07220 0.00000 ( 1)  0.035
  69 -   0.23853 0.23852 0.23750 0.21383 0.07162 0.00000 ( 1)  0.035
  70 -   0.23286 0.23285 0.23206 0.21338 0.08885 0.00000 ( 1)  0.041
  71 -   0.23847 0.23846 0.23745 0.21384 0.07178 0.00000 ( 1)  0.035
  72 -   0.23390 0.23389 0.23306 0.21353 0.08561 0.00000 ( 1)  0.040
  73 -   0.23833 0.23832 0.23731 0.21384 0.07220 0.00000 ( 1)  0.035
  74 -   0.23833 0.23832 0.23731 0.21384 0.07220 0.00000 ( 1)  0.035
  75 -   0.23833 0.23832 0.23731 0.21384 0.07220 0.00000 ( 1)  0.035
  76 -   0.23024 0.23023 0.22953 0.21290 0.09710 0.00000 ( 1)  0.044
  77 -   0.23592 0.23591 0.23500 0.21374 0.07943 0.00000 ( 1)  0.038
  78 -   0.23000 0.23000 0.22930 0.21285 0.09785 0.00000 ( 1)  0.045
  79 -   0.22689 0.22689 0.22629 0.21208 0.10785 0.00000 ( 1)  0.048
  80 -   0.23417 0.23416 0.23332 0.21354 0.08482 0.00000 ( 1)  0.040
  81 -   0.00000 0.00008 0.01147 0.25643 0.73200 0.00001 ( 5)  0.286
  82 -   0.23738 0.23738 0.23641 0.21383 0.07500 0.00000 ( 1)  0.036
  83 -   0.23457 0.23456 0.23370 0.21360 0.08357 0.00000 ( 1)  0.039
  84 -   0.22624 0.22624 0.22566 0.21193 0.10992 0.00000 ( 1)  0.049
  85 -   0.24108 0.24108 0.23995 0.21378 0.06411 0.00000 ( 1)  0.032
  86 -   0.23623 0.23623 0.23531 0.21374 0.07849 0.00000 ( 1)  0.037
  87 -   0.23656 0.23655 0.23562 0.21380 0.07747 0.00000 ( 1)  0.037
  88 -   0.22325 0.22324 0.22275 0.21100 0.11976 0.00000 ( 1)  0.053
  89 -   0.23126 0.23126 0.23052 0.21310 0.09386 0.00000 ( 1)  0.043
  90 -   0.23489 0.23488 0.23401 0.21364 0.08259 0.00000 ( 1)  0.039
  91 -   0.23489 0.23488 0.23401 0.21364 0.08259 0.00000 ( 1)  0.039
  92 -   0.23441 0.23441 0.23356 0.21357 0.08405 0.00000 ( 1)  0.039
  93 -   0.23145 0.23144 0.23070 0.21313 0.09327 0.00000 ( 1)  0.043
  94 -   0.22616 0.22616 0.22558 0.21188 0.11021 0.00000 ( 1)  0.049
  95 -   0.23887 0.23887 0.23784 0.21385 0.07057 0.00000 ( 1)  0.034
  96 -   0.23688 0.23687 0.23593 0.21381 0.07651 0.00000 ( 1)  0.037
  97 -   0.23662 0.23661 0.23568 0.21380 0.07730 0.00000 ( 1)  0.037
  98 -   0.22733 0.22732 0.22671 0.21221 0.10642 0.00000 ( 1)  0.048
  99 -   0.23303 0.23303 0.23223 0.21337 0.08835 0.00000 ( 1)  0.041
 100 -   0.22730 0.22730 0.22669 0.21221 0.10650 0.00000 ( 1)  0.048
 101 -   0.22723 0.22723 0.22662 0.21218 0.10675 0.00000 ( 1)  0.048
 102 -   0.23652 0.23651 0.23558 0.21376 0.07763 0.00000 ( 1)  0.037
 103 -   0.23536 0.23536 0.23447 0.21367 0.08114 0.00000 ( 1)  0.038
 104 -   0.23481 0.23480 0.23393 0.21363 0.08283 0.00000 ( 1)  0.039
 105 -   0.23688 0.23687 0.23593 0.21381 0.07651 0.00000 ( 1)  0.037
 106 -   0.24457 0.24456 0.24326 0.21335 0.05427 0.00000 ( 1)  0.028
 107 -   0.23656 0.23655 0.23562 0.21380 0.07747 0.00000 ( 1)  0.037
 108 -   0.22733 0.22732 0.22671 0.21221 0.10642 0.00000 ( 1)  0.048
 109 -   0.23539 0.23538 0.23449 0.21367 0.08107 0.00000 ( 1)  0.038
 110 -   0.23376 0.23375 0.23293 0.21350 0.08606 0.00000 ( 1)  0.040
 111 -   0.23887 0.23887 0.23784 0.21385 0.07057 0.00000 ( 1)  0.034
 112 -   0.22743 0.22742 0.22681 0.21224 0.10609 0.00000 ( 1)  0.048
 113 -   0.23864 0.23863 0.23761 0.21385 0.07128 0.00000 ( 1)  0.035
 114 -   0.23897 0.23896 0.23793 0.21384 0.07029 0.00000 ( 1)  0.034
 115 -   0.23528 0.23528 0.23439 0.21366 0.08138 0.00000 ( 1)  0.038
 116 -   0.23679 0.23678 0.23584 0.21380 0.07678 0.00000 ( 1)  0.037
 117 -   0.23441 0.23441 0.23356 0.21357 0.08405 0.00000 ( 1)  0.039
 118 -   0.23360 0.23360 0.23278 0.21348 0.08654 0.00000 ( 1)  0.040
 119 -   0.23528 0.23528 0.23439 0.21366 0.08138 0.00000 ( 1)  0.038
 120 -   0.23535 0.23534 0.23445 0.21367 0.08119 0.00000 ( 1)  0.038
 121 -   0.23897 0.23896 0.23793 0.21384 0.07029 0.00000 ( 1)  0.034
 122 -   0.23876 0.23875 0.23773 0.21381 0.07095 0.00000 ( 1)  0.035
 123 -   0.22789 0.22789 0.22726 0.21236 0.10459 0.00000 ( 1)  0.047
 124 -   0.23688 0.23687 0.23593 0.21381 0.07651 0.00000 ( 1)  0.037
 125 -   0.24115 0.24114 0.24001 0.21378 0.06393 0.00000 ( 1)  0.032
 126 -   0.23236 0.23236 0.23158 0.21330 0.09040 0.00000 ( 1)  0.042
 127 -   0.23556 0.23555 0.23466 0.21369 0.08054 0.00000 ( 1)  0.038
 128 -   0.24108 0.24108 0.23995 0.21378 0.06411 0.00000 ( 1)  0.032
 129 -   0.23734 0.23734 0.23637 0.21383 0.07512 0.00000 ( 1)  0.036
 130 -   0.23378 0.23377 0.23294 0.21351 0.08600 0.00000 ( 1)  0.040
 131 -   0.23679 0.23678 0.23584 0.21380 0.07678 0.00000 ( 1)  0.037
 132 -   0.23864 0.23863 0.23761 0.21385 0.07128 0.00000 ( 1)  0.035
 133 -   0.23441 0.23441 0.23356 0.21357 0.08405 0.00000 ( 1)  0.039
 134 -   0.23302 0.23301 0.23222 0.21341 0.08834 0.00000 ( 1)  0.041
 135 P   0.00000 0.00000 0.00003 0.02000 0.97991 0.00006 ( 5)  0.372
 136 L   0.22948 0.22947 0.22880 0.21272 0.09953 0.00000 ( 1)  0.045
 137 Q   0.00000 0.00000 0.00003 0.01707 0.98281 0.00009 ( 5)  0.373
 138 E   0.00000 0.00000 0.00005 0.02741 0.97251 0.00004 ( 5)  0.370
 139 W   0.00000 0.00000 0.00002 0.01150 0.98837 0.00011 ( 5)  0.375
 140 E   0.24021 0.24020 0.23911 0.21381 0.06666 0.00000 ( 1)  0.033
 141 L   0.23149 0.23148 0.23074 0.21314 0.09316 0.00000 ( 1)  0.043
 142 V   0.23607 0.23607 0.23515 0.21374 0.07897 0.00000 ( 1)  0.038
 143 V   0.23603 0.23602 0.23511 0.21373 0.07910 0.00000 ( 1)  0.038
 144 L   0.22805 0.22805 0.22741 0.21237 0.10412 0.00000 ( 1)  0.047
 145 G   0.23720 0.23720 0.23624 0.21379 0.07558 0.00000 ( 1)  0.036
 146 K   0.00000 0.00007 0.00965 0.21993 0.77034 0.00001 ( 5)  0.299
 147 L   0.22725 0.22725 0.22664 0.21220 0.10667 0.00000 ( 1)  0.048
 148 K   0.24012 0.24011 0.23902 0.21381 0.06694 0.00000 ( 1)  0.033
 149 W   0.23289 0.23289 0.23209 0.21339 0.08874 0.00000 ( 1)  0.041
 150 N   0.24142 0.24141 0.24027 0.21372 0.06317 0.00000 ( 1)  0.032
 151 L   0.23183 0.23182 0.23107 0.21321 0.09207 0.00000 ( 1)  0.042
 152 A   0.23565 0.23565 0.23475 0.21370 0.08025 0.00000 ( 1)  0.038
 153 A   0.00000 0.00006 0.00850 0.19638 0.79504 0.00002 ( 5)  0.308
 154 V   0.00000 0.00000 0.00004 0.02144 0.97847 0.00006 ( 5)  0.372
 155 T   0.23633 0.23633 0.23540 0.21374 0.07820 0.00000 ( 1)  0.037
 156 P   0.23562 0.23562 0.23472 0.21369 0.08035 0.00000 ( 1)  0.038
 157 H   0.23949 0.23948 0.23843 0.21380 0.06880 0.00000 ( 1)  0.034
 158 D   0.23876 0.23875 0.23773 0.21385 0.07091 0.00000 ( 1)  0.035
 159 F   0.23777 0.23777 0.23679 0.21386 0.07382 0.00000 ( 1)  0.036
 160 I   0.00000 0.00006 0.00791 0.18420 0.80781 0.00002 ( 5)  0.312
 161 E   0.23998 0.23998 0.23890 0.21381 0.06733 0.00000 ( 1)  0.033
 162 H   0.24141 0.24140 0.24026 0.21374 0.06318 0.00000 ( 1)  0.032
 163 I   0.23603 0.23603 0.23512 0.21375 0.07907 0.00000 ( 1)  0.038
 164 L   0.22817 0.22817 0.22753 0.21242 0.10370 0.00000 ( 1)  0.047
 165 R   0.00000 0.00007 0.00914 0.20944 0.78134 0.00002 ( 5)  0.303
 166 K   0.24012 0.24011 0.23902 0.21381 0.06694 0.00000 ( 1)  0.033
 167 L   0.00000 0.00005 0.00676 0.15993 0.83323 0.00003 ( 5)  0.321
 168 P   0.23150 0.23149 0.23075 0.21314 0.09313 0.00000 ( 1)  0.043
 169 L   0.22951 0.22950 0.22882 0.21274 0.09942 0.00000 ( 1)  0.045
 170 P   0.23361 0.23360 0.23278 0.21347 0.08654 0.00000 ( 1)  0.040
 171 K   0.00000 0.00005 0.00621 0.14576 0.84795 0.00004 ( 5)  0.326
 172 D   0.24447 0.24446 0.24317 0.21334 0.05456 0.00000 ( 1)  0.028
 173 -   0.20000 0.20000 0.20000 0.20000 0.20000 0.00001 ( 5)  0.083
 174 L   0.22708 0.22708 0.22647 0.21214 0.10723 0.00000 ( 1)  0.048
 175 L   0.00000 0.00005 0.00702 0.16561 0.82729 0.00003 ( 5)  0.319
 176 L   0.22728 0.22727 0.22667 0.21219 0.10659 0.00000 ( 1)  0.048
 177 I   0.23776 0.23776 0.23677 0.21383 0.07387 0.00000 ( 1)  0.036
 178 R   0.23402 0.23402 0.23318 0.21350 0.08528 0.00000 ( 1)  0.040
 179 K   0.24008 0.24007 0.23899 0.21380 0.06706 0.00000 ( 1)  0.033
 180 H   0.23783 0.23782 0.23684 0.21385 0.07366 0.00000 ( 1)  0.036
 181 A   0.23653 0.23652 0.23559 0.21375 0.07760 0.00000 ( 1)  0.037
 182 Q   0.23417 0.23416 0.23332 0.21355 0.08479 0.00000 ( 1)  0.040
 183 T   0.23644 0.23644 0.23551 0.21376 0.07785 0.00000 ( 1)  0.037
 184 F   0.23695 0.23694 0.23600 0.21380 0.07631 0.00000 ( 1)  0.037
 185 I   0.23589 0.23589 0.23498 0.21373 0.07951 0.00000 ( 1)  0.038
 186 A   0.23648 0.23648 0.23555 0.21375 0.07774 0.00000 ( 1)  0.037
 187 L   0.00000 0.00005 0.00703 0.16570 0.82720 0.00003 ( 5)  0.319
 188 C   0.23419 0.23419 0.23334 0.21357 0.08471 0.00000 ( 1)  0.040
 189 A   0.23657 0.23656 0.23563 0.21376 0.07748 0.00000 ( 1)  0.037
 190 T   0.23648 0.23647 0.23554 0.21375 0.07776 0.00000 ( 1)  0.037
 191 D   0.23765 0.23764 0.23667 0.21383 0.07420 0.00000 ( 1)  0.036
 192 F   0.23318 0.23317 0.23237 0.21344 0.08784 0.00000 ( 1)  0.041
 193 N   0.24121 0.24120 0.24006 0.21376 0.06377 0.00000 ( 1)  0.032
 194 F   0.23318 0.23317 0.23237 0.21344 0.08784 0.00000 ( 1)  0.041
 195 A   0.23558 0.23557 0.23468 0.21368 0.08049 0.00000 ( 1)  0.038
 196 L   0.00000 0.00000 0.00005 0.02923 0.97069 0.00003 ( 5)  0.369
 197 Y   0.23460 0.23459 0.23373 0.21360 0.08348 0.00000 ( 1)  0.039
 198 P   0.23453 0.23452 0.23367 0.21357 0.08371 0.00000 ( 1)  0.039
 199 P   0.23461 0.23461 0.23375 0.21358 0.08344 0.00000 ( 1)  0.039
 200 S   0.22908 0.22908 0.22841 0.21262 0.10080 0.00000 ( 1)  0.046
 201 M   0.24479 0.24478 0.24347 0.21329 0.05368 0.00000 ( 1)  0.028
 202 I   0.24136 0.24135 0.24021 0.21375 0.06332 0.00000 ( 1)  0.032
 203 A   0.23499 0.23498 0.23411 0.21363 0.08228 0.00000 ( 1)  0.039
 204 T   0.23141 0.23141 0.23067 0.21312 0.09339 0.00000 ( 1)  0.043
 205 G   0.23426 0.23425 0.23341 0.21353 0.08456 0.00000 ( 1)  0.040
 206 S   0.23770 0.23770 0.23672 0.21383 0.07405 0.00000 ( 1)  0.036
 207 V   0.23509 0.23508 0.23421 0.21365 0.08198 0.00000 ( 1)  0.039
 208 G   0.23436 0.23435 0.23350 0.21354 0.08425 0.00000 ( 1)  0.040
 209 A   0.23553 0.23552 0.23463 0.21367 0.08065 0.00000 ( 1)  0.038
 210 A   0.23558 0.23557 0.23468 0.21368 0.08049 0.00000 ( 1)  0.038
 211 I   0.23700 0.23699 0.23604 0.21380 0.07616 0.00000 ( 1)  0.036
 212 C   0.23323 0.23323 0.23242 0.21344 0.08768 0.00000 ( 1)  0.041
 213 G   0.23633 0.23633 0.23540 0.21373 0.07821 0.00000 ( 1)  0.037
 214 L   0.22998 0.22997 0.22928 0.21285 0.09792 0.00000 ( 1)  0.045
 215 Q   0.23338 0.23338 0.23256 0.21343 0.08725 0.00000 ( 1)  0.041
 216 L   0.00000 0.00000 0.00003 0.01809 0.98180 0.00008 ( 5)  0.373
 217 N   0.00000 0.00007 0.00887 0.20411 0.78693 0.00002 ( 5)  0.305
 218 D   0.23800 0.23800 0.23700 0.21382 0.07318 0.00000 ( 1)  0.035
 219 G   0.23505 0.23504 0.23417 0.21363 0.08212 0.00000 ( 1)  0.039
 220 D   0.24125 0.24124 0.24010 0.21375 0.06366 0.00000 ( 1)  0.032
 221 R   0.00000 0.00007 0.01012 0.22946 0.76034 0.00001 ( 5)  0.296
 222 F   0.00000 0.00005 0.00703 0.16585 0.82704 0.00003 ( 5)  0.319
 223 T   0.23560 0.23559 0.23470 0.21368 0.08044 0.00000 ( 1)  0.038
 224 D   0.00000 0.00000 0.00005 0.02608 0.97383 0.00004 ( 5)  0.370
 225 L   0.00000 0.00000 0.00002 0.01487 0.98500 0.00010 ( 5)  0.374
 226 L   0.22751 0.22750 0.22689 0.21225 0.10585 0.00000 ( 1)  0.048
 227 A   0.23558 0.23557 0.23468 0.21368 0.08049 0.00000 ( 1)  0.038
 228 K   0.23909 0.23908 0.23804 0.21383 0.06996 0.00000 ( 1)  0.034
 229 I   0.23677 0.23676 0.23582 0.21378 0.07687 0.00000 ( 1)  0.037
 230 T   0.23549 0.23548 0.23459 0.21367 0.08077 0.00000 ( 1)  0.038
 231 N   0.00000 0.00000 0.00000 0.00177 0.99807 0.00016 ( 5)  0.378
 232 I   0.00000 0.00006 0.00831 0.19256 0.79904 0.00002 ( 5)  0.309
 233 D   0.23873 0.23872 0.23770 0.21385 0.07100 0.00000 ( 1)  0.035
 234 V   0.00000 0.00000 0.00000 0.00185 0.99797 0.00018 ( 5)  0.378
 235 D   0.00000 0.00000 0.00003 0.01983 0.98008 0.00006 ( 5)  0.372
 236 C   0.00000 0.00000 0.00003 0.01843 0.98147 0.00007 ( 5)  0.373
 237 L   0.00000 0.00005 0.00703 0.16579 0.82710 0.00003 ( 5)  0.319
 238 K   0.23589 0.23588 0.23497 0.21373 0.07953 0.00000 ( 1)  0.038
 239 A   0.22881 0.22880 0.22815 0.21258 0.10166 0.00000 ( 1)  0.046
 240 C   0.23377 0.23377 0.23294 0.21351 0.08601 0.00000 ( 1)  0.040
 241 Q   0.00000 0.00000 0.00003 0.01665 0.98324 0.00009 ( 5)  0.373
 242 E   0.23598 0.23597 0.23506 0.21373 0.07925 0.00000 ( 1)  0.038
 243 Q   0.23069 0.23068 0.22996 0.21300 0.09567 0.00000 ( 1)  0.044
 244 I   0.23253 0.23252 0.23174 0.21333 0.08988 0.00000 ( 1)  0.042
 245 E   0.23619 0.23619 0.23527 0.21374 0.07860 0.00000 ( 1)  0.037
 246 A   0.00000 0.00000 0.00003 0.01751 0.98237 0.00009 ( 5)  0.373
 247 V   0.23225 0.23225 0.23148 0.21328 0.09074 0.00000 ( 1)  0.042
 248 L   0.22581 0.22581 0.22524 0.21180 0.11134 0.00000 ( 1)  0.050
 249 V   0.23206 0.23206 0.23129 0.21325 0.09134 0.00000 ( 1)  0.042
 250 N   0.00000 0.00000 0.00004 0.02325 0.97666 0.00005 ( 5)  0.371
 251 S   0.00000 0.00007 0.00904 0.20761 0.78326 0.00002 ( 5)  0.304
 252 L   0.22708 0.22707 0.22647 0.21215 0.10722 0.00000 ( 1)  0.048
 253 R   0.00000 0.00000 0.00003 0.02006 0.97984 0.00007 ( 5)  0.372
 254 Q   0.23048 0.23048 0.22977 0.21296 0.09631 0.00000 ( 1)  0.044
 255 V   0.23196 0.23196 0.23120 0.21323 0.09165 0.00000 ( 1)  0.042
 256 R   0.00000 0.00005 0.00700 0.16506 0.82786 0.00003 ( 5)  0.319
 257 -   0.20000 0.20000 0.20000 0.20000 0.20000 0.00001 ( 5)  0.083
 258 R   0.00000 0.00005 0.00680 0.16081 0.83231 0.00003 ( 5)  0.321
 259 Q   0.23064 0.23063 0.22992 0.21297 0.09584 0.00000 ( 1)  0.044
 260 Q   0.23051 0.23051 0.22979 0.21295 0.09623 0.00000 ( 1)  0.044
 261 Q   0.23064 0.23063 0.22992 0.21297 0.09584 0.00000 ( 1)  0.044
 262 Q   0.23050 0.23050 0.22979 0.21296 0.09626 0.00000 ( 1)  0.044
 263 S   0.00000 0.00005 0.00680 0.16152 0.83160 0.00002 ( 5)  0.321
 264 N   0.00000 0.00006 0.00810 0.18823 0.80359 0.00002 ( 5)  0.311
 265 P   0.00000 0.00005 0.00647 0.15379 0.83967 0.00003 ( 5)  0.323
 266 S   0.22828 0.22827 0.22764 0.21246 0.10335 0.00000 ( 1)  0.047
 267 K   0.23610 0.23610 0.23518 0.21374 0.07888 0.00000 ( 1)  0.038
 268 T   0.00000 0.00000 0.00003 0.01951 0.98039 0.00007 ( 5)  0.372
 269 V   0.00000 0.00005 0.00720 0.16938 0.82334 0.00003 ( 5)  0.318
 270 D   0.00000 0.00006 0.00836 0.19364 0.79791 0.00002 ( 5)  0.309
 271 E   0.23598 0.23597 0.23506 0.21373 0.07925 0.00000 ( 1)  0.038
 272 L   0.22509 0.22508 0.22454 0.21158 0.11371 0.00000 ( 1)  0.051
 273 D   0.23827 0.23826 0.23726 0.21385 0.07236 0.00000 ( 1)  0.035
 274 Q   0.23067 0.23066 0.22995 0.21299 0.09573 0.00000 ( 1)  0.044
 275 A   0.23275 0.23274 0.23195 0.21335 0.08922 0.00000 ( 1)  0.041
 276 S   0.23827 0.23826 0.23726 0.21385 0.07236 0.00000 ( 1)  0.035
 277 T   0.22877 0.22877 0.22811 0.21257 0.10178 0.00000 ( 1)  0.046
 278 P   0.23175 0.23175 0.23099 0.21318 0.09232 0.00000 ( 1)  0.043
 279 T   0.23257 0.23256 0.23178 0.21332 0.08976 0.00000 ( 1)  0.042
 280 D   0.23491 0.23491 0.23404 0.21363 0.08251 0.00000 ( 1)  0.039
 281 V   0.23226 0.23226 0.23149 0.21328 0.09071 0.00000 ( 1)  0.042
 282 R   0.23360 0.23360 0.23278 0.21347 0.08656 0.00000 ( 1)  0.040
 283 D   0.23542 0.23541 0.23452 0.21369 0.08095 0.00000 ( 1)  0.038
 284 I   0.23410 0.23409 0.23326 0.21356 0.08499 0.00000 ( 1)  0.040
 285 D   0.00000 0.00000 0.00004 0.02306 0.97685 0.00005 ( 5)  0.371
 286 L   0.22509 0.22508 0.22454 0.21158 0.11371 0.00000 ( 1)  0.051

Positively selected sites

	Prob(w>1)  mean w



lnL = -3016.041345

