

TREE # 1

  0  0.0000   3442.843212  x:  0.10228   0.06530   0.01905   0.02312   0.04515   0.05894   0.08217   0.05399   0.01059   0.05039   0.07027   0.01208   0.07714   0.08645   0.08262   0.07519   0.08715   0.05836   0.04071   0.03518   0.02268   0.09174   0.05719   0.07403   0.10922   0.07692   0.08786   0.05139   0.07658   0.02588   0.08402   0.02723   0.08187   0.01652   0.03720   0.01800   0.07421   0.06024   0.08372   0.05969   0.05573   0.10391   0.01091   0.02630   0.06873   0.05192   0.08253   0.02710   0.01353   0.06946   0.07532   0.08112   0.07689   0.10292   0.09407   2.00000   0.90000   0.52348   1.15378  
  1 99.0000   3253.134357  x:  0.06875   0.05244   0.04005   0.06237   0.02144   0.06237   0.05897   0.02238   0.18512   0.14341   0.08487   0.40519   0.05942   0.06794   0.06895   0.05210   0.09446   0.06605   0.01983   0.03436   0.00528   0.07419   0.06198   0.07419   0.09717   0.05444   0.08593   0.03324   0.10318   0.00000   0.06257   0.02170   0.08105   0.04002   0.04338   0.01176   0.06612   0.03920   0.06267   0.02657   0.02158   0.06952   0.00412   0.00555   0.03368   0.03483   0.04862   0.03804   0.03096   0.03923   0.05432   0.06295   0.04402   0.07113   0.07002   2.00332   0.91412   0.49402   1.16128  
  2 2569.2552   3194.406423  x:  0.04715   0.04320   0.04082   0.06385   0.00967   0.06320   0.05288   0.00096   0.18190   0.15109   0.07541   0.41098   0.04257   0.05536   0.06197   0.04027   0.09769   0.06837   0.01238   0.03485   0.00749   0.06520   0.06492   0.07399   0.08960   0.04236   0.08568   0.02234   0.11407   0.00000   0.05030   0.02214   0.08059   0.03712   0.04390   0.01390   0.06208   0.02597   0.05163   0.00713   0.00000   0.04762   0.03309   0.02406   0.01082   0.03003   0.02659   0.03671   0.02417   0.02141   0.04105   0.05142   0.02366   0.05135   0.05680   2.00524   0.92095   0.47549   1.16545  
  3 878.5750   3192.048685  x:  0.04619   0.04282   0.04085   0.06388   0.00943   0.06321   0.05264   0.00000   0.18164   0.15134   0.07501   0.41100   0.04184   0.05481   0.06172   0.03981   0.09780   0.06843   0.01221   0.03485   0.00748   0.06483   0.06502   0.07396   0.08927   0.04190   0.08566   0.02196   0.11446   0.00000   0.04979   0.02218   0.08056   0.03700   0.04388   0.01388   0.06192   0.02539   0.05121   0.00660   0.00000   0.04668   0.03292   0.02383   0.00980   0.02993   0.02558   0.03664   0.02396   0.02072   0.04047   0.05092   0.02282   0.05051   0.05628   2.00533   0.92133   0.47470   1.16564  
  4 3036.0846   3173.672675  x:  0.03709   0.03964   0.04117   0.06399   0.00962   0.06312   0.05061   0.00000   0.17925   0.15348   0.07172   0.41163   0.03508   0.04970   0.05984   0.03609   0.09843   0.06866   0.01165   0.03473   0.00770   0.06143   0.06578   0.07360   0.08609   0.03817   0.08534   0.01938   0.11760   0.00000   0.04525   0.02255   0.08016   0.03619   0.04353   0.01383   0.06049   0.01997   0.04781   0.01000   0.00000   0.03788   0.03301   0.02326   0.00000   0.02922   0.01574   0.03609   0.02284   0.01553   0.03518   0.04619   0.01595   0.04275   0.05184   2.00626   0.92591   0.46730   1.16750  
  5 6695.1442   3154.537114  x:  0.02336   0.03708   0.04187   0.06331   0.01089   0.06188   0.04865   0.00000   0.17570   0.15506   0.06916   0.41316   0.02616   0.04295   0.05963   0.03432   0.09779   0.06756   0.01364   0.03374   0.00763   0.05727   0.06603   0.07243   0.08137   0.03645   0.08409   0.02024   0.11925   0.00000   0.04041   0.02342   0.07911   0.03614   0.04238   0.01340   0.05912   0.01240   0.04611   0.00846   0.00000   0.02604   0.03415   0.02340   0.00000   0.02934   0.00000   0.03550   0.02420   0.01617   0.02834   0.03953   0.01255   0.03349   0.04848   2.00790   0.93639   0.45724   1.17042  
  6 2907.4314   3131.587705  x:  0.00000   0.03453   0.04228   0.06114   0.00373   0.05976   0.04570   0.00000   0.16963   0.15642   0.06667   0.41605   0.01194   0.03295   0.06036   0.03275   0.09583   0.06553   0.00910   0.03204   0.00804   0.05063   0.06627   0.07012   0.07333   0.03463   0.08158   0.01801   0.12024   0.00000   0.03408   0.02414   0.07708   0.03501   0.04135   0.01365   0.05752   0.00017   0.04484   0.00922   0.00000   0.00957   0.03473   0.02271   0.00000   0.02769   0.00000   0.03457   0.02075   0.01707   0.01699   0.02814   0.01254   0.02187   0.04488   2.01082   0.95583   0.44106   1.17519  
  7 4494.8931   3131.354361  x:  0.00000   0.03452   0.04227   0.06110   0.00383   0.05975   0.04565   0.00000   0.16954   0.15643   0.06666   0.41610   0.01174   0.03284   0.06037   0.03272   0.09580   0.06551   0.00901   0.03204   0.00805   0.05055   0.06627   0.07008   0.07322   0.03460   0.08155   0.01792   0.12024   0.00000   0.03401   0.02414   0.07705   0.03497   0.04135   0.01365   0.05751   0.00000   0.04483   0.00919   0.00000   0.00948   0.03474   0.02270   0.00000   0.02764   0.00000   0.03456   0.02064   0.01703   0.01683   0.02797   0.01256   0.02179   0.04484   2.01086   0.95612   0.44084   1.17525  
  8 1970.3753   3120.779927  x:  0.00000   0.03473   0.04134   0.05880   0.00336   0.05916   0.04263   0.00000   0.16400   0.15687   0.06619   0.41919   0.00000   0.02709   0.06076   0.03023   0.09461   0.06542   0.01227   0.03272   0.00897   0.04626   0.06637   0.06785   0.06589   0.03166   0.08006   0.01317   0.12071   0.00000   0.03055   0.02422   0.07521   0.03288   0.04135   0.01296   0.05694   0.00000   0.04377   0.00833   0.00000   0.01337   0.03565   0.02270   0.00000   0.02588   0.00000   0.03363   0.01837   0.01386   0.00709   0.01760   0.01120   0.02017   0.04233   2.01358   0.97389   0.42681   1.17909  
  9 1631.9088   3112.946972  x:  0.00000   0.03381   0.03883   0.05848   0.00291   0.05934   0.03786   0.00000   0.15586   0.15774   0.06739   0.42196   0.00000   0.02511   0.06051   0.02599   0.09446   0.06610   0.00458   0.03199   0.00651   0.04104   0.06721   0.06530   0.05661   0.02678   0.07949   0.01662   0.12289   0.00000   0.02802   0.02467   0.07330   0.03213   0.04106   0.01446   0.05554   0.00000   0.03924   0.00792   0.00000   0.01911   0.03666   0.02221   0.00000   0.02698   0.00000   0.03283   0.02266   0.01508   0.00000   0.00646   0.00445   0.02418   0.03834   2.01690   0.99281   0.40890   1.18292  
 10 770.8232   3109.222613  x:  0.00000   0.03194   0.03726   0.05972   0.00278   0.06014   0.03389   0.00000   0.15061   0.15942   0.06866   0.42357   0.00000   0.02655   0.05861   0.02311   0.09578   0.06750   0.00463   0.03170   0.00793   0.03949   0.06835   0.06416   0.05136   0.02376   0.07993   0.01758   0.12580   0.00000   0.02697   0.02478   0.07263   0.03198   0.04086   0.01483   0.05412   0.00000   0.03486   0.00782   0.00000   0.01928   0.03698   0.02138   0.00000   0.02714   0.00000   0.03259   0.02222   0.01709   0.00000   0.00187   0.00732   0.02693   0.03532   2.01866   0.99999   0.39810   1.18436  
 11 520.4170   3107.584587  x:  0.00000   0.03147   0.03691   0.06010   0.00274   0.06036   0.03160   0.00000   0.14741   0.16044   0.07025   0.42463   0.00000   0.02753   0.05781   0.02313   0.09627   0.06790   0.00520   0.03149   0.00803   0.03897   0.06889   0.06345   0.04860   0.02390   0.08002   0.01708   0.12695   0.00000   0.02684   0.02477   0.07226   0.03186   0.04071   0.01451   0.05357   0.00000   0.03402   0.00781   0.00000   0.01872   0.03714   0.02109   0.00000   0.02672   0.00000   0.03251   0.02091   0.01847   0.00000   0.00000   0.00628   0.02813   0.03477   2.01964   0.99999   0.39222   1.18494  
 12 660.1624   3091.327700  x:  0.00000   0.02955   0.03915   0.06189   0.00255   0.06077   0.00000   0.00000   0.10307   0.17818   0.09488   0.43695   0.00000   0.03260   0.04923   0.02505   0.10013   0.06924   0.00590   0.03067   0.00526   0.03333   0.07570   0.05497   0.01723   0.02742   0.08010   0.00876   0.13975   0.00000   0.02403   0.02489   0.06838   0.03102   0.03880   0.01051   0.04989   0.00000   0.03548   0.00761   0.00000   0.01559   0.03813   0.01994   0.00000   0.02559   0.00000   0.03155   0.02400   0.01622   0.00000   0.00000   0.00723   0.03094   0.03297   2.03180   0.99999   0.31702   1.19090  
 13 1202.4085   3084.909672  x:  0.00000   0.02871   0.04034   0.06217   0.00238   0.06084   0.00280   0.00000   0.07807   0.18898   0.10914   0.44478   0.00000   0.03437   0.04493   0.02538   0.10155   0.06950   0.00653   0.03045   0.00646   0.03069   0.07944   0.05026   0.00215   0.02805   0.07980   0.00665   0.14610   0.00000   0.02227   0.02495   0.06622   0.03048   0.03812   0.01036   0.04838   0.00000   0.03643   0.00738   0.00000   0.01455   0.03831   0.01933   0.00000   0.02479   0.00000   0.03102   0.02430   0.01380   0.00000   0.00000   0.00717   0.03090   0.03224   2.03867   0.99999   0.27468   1.19416  
 14 1304.5865   3074.239799  x:  0.00000   0.02745   0.04130   0.06059   0.00192   0.06031   0.00089   0.00000   0.02731   0.20984   0.13637   0.46165   0.00000   0.03404   0.03878   0.02323   0.10244   0.06905   0.00847   0.03014   0.01156   0.02484   0.08729   0.04117   0.00867   0.02654   0.07804   0.00880   0.15675   0.00000   0.01824   0.02511   0.06126   0.02849   0.03732   0.01258   0.04609   0.00000   0.03739   0.00689   0.00000   0.01463   0.03819   0.01802   0.00000   0.02204   0.00000   0.02967   0.01907   0.01098   0.00000   0.00000   0.00541   0.02914   0.03072   2.05342   0.99999   0.18615   1.20151  
 15 1352.7630   3071.295859  x:  0.00000   0.02698   0.03938   0.05591   0.00207   0.06098   0.00243   0.00000   0.02867   0.21319   0.14077   0.46017   0.00000   0.02856   0.04049   0.01491   0.09929   0.06626   0.00879   0.02929   0.00522   0.02147   0.08892   0.03755   0.01050   0.02323   0.07572   0.00374   0.15623   0.00000   0.01795   0.02559   0.05947   0.02658   0.03644   0.00698   0.04650   0.00000   0.03649   0.00723   0.00000   0.01671   0.03801   0.01907   0.00000   0.02301   0.00000   0.02859   0.01747   0.01614   0.00000   0.00000   0.00620   0.02402   0.03090   2.05924   0.99999   0.15953   1.20258  
 16 231.6232   3068.861412  x:  0.00000   0.02734   0.03727   0.04992   0.00197   0.06189   0.00098   0.00000   0.03443   0.21527   0.14396   0.45767   0.00000   0.02125   0.04302   0.00643   0.09467   0.06265   0.01010   0.02862   0.00434   0.02043   0.09003   0.03360   0.00815   0.02114   0.07272   0.00842   0.15346   0.00000   0.01817   0.02539   0.05763   0.02457   0.03607   0.00747   0.04739   0.00000   0.03666   0.00722   0.00000   0.01907   0.03718   0.01983   0.00000   0.02182   0.00000   0.02754   0.01196   0.01617   0.00000   0.00000   0.00578   0.01755   0.03201   2.06528   0.99999   0.13613   1.20291  
 17 540.5778   3067.646654  x:  0.00000   0.02706   0.03502   0.04705   0.00206   0.06316   0.00049   0.00000   0.03862   0.21435   0.14303   0.45619   0.00000   0.01686   0.04421   0.00509   0.09108   0.06051   0.01029   0.02743   0.00990   0.02114   0.09037   0.03089   0.00812   0.02149   0.07058   0.00531   0.15021   0.00000   0.01782   0.02462   0.05616   0.02476   0.03569   0.01097   0.04690   0.00000   0.03458   0.00690   0.00000   0.01858   0.03672   0.01937   0.00000   0.02065   0.00000   0.02720   0.01463   0.01580   0.00000   0.00000   0.00442   0.01579   0.03096   2.06973   0.99999   0.12534   1.20305  
 18 232.5042   3066.020405  x:  0.00000   0.02622   0.03227   0.04550   0.00204   0.06544   0.00148   0.00000   0.04329   0.21067   0.13655   0.45500   0.00000   0.01196   0.04356   0.01073   0.08641   0.05883   0.01145   0.02637   0.00968   0.01851   0.09060   0.02696   0.00923   0.02312   0.06782   0.00608   0.14545   0.00000   0.01583   0.02326   0.05371   0.02489   0.03465   0.00908   0.04466   0.00000   0.02981   0.00662   0.00000   0.01656   0.03746   0.01843   0.00000   0.01831   0.00000   0.02693   0.01599   0.00876   0.00000   0.00000   0.00526   0.01583   0.02659   2.07724   0.99999   0.11480   1.20352  
 19 194.1453   3064.157402  x:  0.00000   0.02727   0.03593   0.04678   0.00214   0.06283   0.00144   0.00000   0.04121   0.20713   0.12039   0.45741   0.00000   0.01002   0.04026   0.01426   0.08098   0.05801   0.01232   0.02941   0.00999   0.01360   0.09104   0.02318   0.00871   0.01609   0.06550   0.00490   0.13830   0.00000   0.01145   0.02481   0.05151   0.02436   0.03577   0.01185   0.04377   0.00000   0.03063   0.00647   0.00000   0.01715   0.03774   0.01776   0.00000   0.02390   0.00000   0.02698   0.01355   0.00747   0.00000   0.00000   0.00507   0.00809   0.02332   2.08962   0.99999   0.11296   1.20328  
 20 111.4472   3062.894279  x:  0.00000   0.02601   0.04000   0.04652   0.00206   0.05848   0.00186   0.00000   0.03822   0.20720   0.10466   0.45929   0.00000   0.00861   0.03879   0.00942   0.07914   0.05779   0.01171   0.03154   0.01356   0.01119   0.09218   0.02225   0.00840   0.01505   0.06481   0.00571   0.13513   0.00000   0.00823   0.02824   0.05101   0.02222   0.03632   0.00718   0.04468   0.00000   0.03398   0.00632   0.00000   0.01555   0.03694   0.01809   0.00000   0.01930   0.00000   0.02642   0.01514   0.00693   0.00000   0.00000   0.00458   0.00721   0.02481   2.10036   0.99999   0.11292   1.20338  
 21 159.3551   3062.365059  x:  0.00000   0.02386   0.04184   0.04509   0.00210   0.05657   0.00234   0.00000   0.03745   0.20950   0.09617   0.45953   0.00000   0.00822   0.03969   0.00700   0.07977   0.05764   0.01274   0.03192   0.01162   0.00887   0.09314   0.02300   0.00852   0.01744   0.06499   0.00510   0.13536   0.00000   0.00780   0.02995   0.05154   0.02244   0.03643   0.01049   0.04564   0.00000   0.03529   0.00628   0.00000   0.01416   0.03604   0.01887   0.00000   0.01840   0.00000   0.02606   0.01546   0.00622   0.00000   0.00000   0.00510   0.00853   0.02561   2.10661   0.99999   0.11218   1.20372  
 22 147.0741   3061.363888  x:  0.00000   0.01813   0.04396   0.03989   0.00208   0.05616   0.00248   0.00000   0.03761   0.21960   0.08142   0.45826   0.00000   0.00811   0.04471   0.01097   0.08340   0.05719   0.01190   0.03090   0.01308   0.00957   0.09587   0.02664   0.00812   0.01990   0.06611   0.00560   0.13961   0.00000   0.00868   0.03059   0.05419   0.02322   0.03595   0.00994   0.04824   0.00000   0.03571   0.00628   0.00000   0.01479   0.03349   0.02136   0.00000   0.02052   0.00000   0.02578   0.01521   0.00718   0.00000   0.00000   0.00540   0.00592   0.02587   2.12127   0.99999   0.10954   1.20477  
 23 120.0641   3060.726501  x:  0.00000   0.01873   0.04672   0.03891   0.00202   0.05492   0.00245   0.00000   0.03921   0.22869   0.07657   0.45535   0.00000   0.00746   0.04806   0.01275   0.08443   0.05540   0.01273   0.02942   0.01352   0.01073   0.09718   0.02872   0.00808   0.01598   0.06590   0.00569   0.14264   0.00000   0.00773   0.02876   0.05602   0.02377   0.03523   0.00943   0.04923   0.00000   0.03729   0.00617   0.00000   0.01070   0.03221   0.02268   0.00000   0.02293   0.00000   0.02639   0.01529   0.00647   0.00000   0.00000   0.00503   0.00971   0.02646   2.13336   0.99999   0.10844   1.20561  
 24 131.3945   3059.369403  x:  0.00000   0.02322   0.04930   0.04336   0.00197   0.05302   0.00244   0.00000   0.04243   0.24710   0.07527   0.44753   0.00000   0.01144   0.05025   0.01319   0.08506   0.05315   0.01423   0.02696   0.01151   0.01088   0.09866   0.03126   0.00855   0.01326   0.06495   0.00581   0.14937   0.00000   0.00830   0.02514   0.05873   0.02379   0.03420   0.01105   0.04792   0.00000   0.03647   0.00606   0.00000   0.00536   0.03101   0.02271   0.00000   0.01821   0.00000   0.02732   0.01779   0.00709   0.00000   0.00000   0.00496   0.00680   0.02483   2.16039   0.99999   0.10891   1.20773  
 25 169.7576   3058.310719  x:  0.00000   0.02407   0.04988   0.04802   0.00191   0.05146   0.00244   0.00000   0.04374   0.26075   0.07775   0.44227   0.00000   0.00684   0.04808   0.01154   0.08450   0.05239   0.01453   0.02631   0.01162   0.01094   0.09901   0.03203   0.00890   0.01643   0.06417   0.00607   0.15435   0.00000   0.00876   0.02604   0.06000   0.02425   0.03371   0.01050   0.04552   0.00000   0.03481   0.00604   0.00000   0.00226   0.03121   0.02159   0.00000   0.02074   0.00000   0.02733   0.01793   0.00784   0.00000   0.00000   0.00481   0.00646   0.02362   2.18119   0.99999   0.11187   1.20919  
 26 255.6002   3057.884289  x:  0.00000   0.01947   0.05066   0.04872   0.00193   0.05000   0.00232   0.00000   0.04537   0.26721   0.07984   0.43935   0.00000   0.00797   0.04600   0.01169   0.08243   0.05035   0.01449   0.02425   0.01216   0.00957   0.09830   0.03120   0.00922   0.01695   0.06290   0.00611   0.15616   0.00000   0.00399   0.02811   0.05965   0.02641   0.03215   0.01046   0.04319   0.00000   0.03498   0.00602   0.00000   0.00263   0.03184   0.02032   0.00000   0.02114   0.00000   0.02720   0.01756   0.00800   0.00000   0.00000   0.00482   0.00647   0.02492   2.19153   0.99999   0.11323   1.21016  
 27 116.1659   3057.735696  x:  0.00000   0.01676   0.05147   0.04844   0.00193   0.04967   0.00223   0.00000   0.04599   0.26965   0.08070   0.43831   0.00000   0.00832   0.04488   0.01243   0.08117   0.04972   0.01462   0.02384   0.01243   0.00852   0.09761   0.03031   0.00933   0.01563   0.06227   0.00611   0.15668   0.00000   0.00546   0.03070   0.05907   0.02672   0.03151   0.01057   0.04240   0.00000   0.03516   0.00600   0.00000   0.00234   0.03222   0.01964   0.00000   0.02074   0.00000   0.02716   0.01774   0.00786   0.00000   0.00000   0.00475   0.00674   0.02526   2.19634   0.99999   0.11363   1.21076  
 28 99.8832   3057.635978  x:  0.00000   0.01602   0.05372   0.04782   0.00193   0.04998   0.00223   0.00000   0.04644   0.27128   0.08056   0.43760   0.00000   0.00742   0.04425   0.01335   0.08045   0.05022   0.01439   0.02429   0.01256   0.00748   0.09656   0.02907   0.00941   0.01544   0.06229   0.00632   0.15710   0.00000   0.00503   0.03082   0.05804   0.02569   0.03170   0.01106   0.04258   0.00000   0.03487   0.00605   0.00000   0.00274   0.03236   0.01912   0.00000   0.01983   0.00000   0.02744   0.01810   0.00896   0.00000   0.00000   0.00485   0.00729   0.02426   2.20147   0.99999   0.11398   1.21163  
 29 39.9983   3057.461267  x:  0.00000   0.01571   0.05694   0.04641   0.00190   0.05071   0.00226   0.00000   0.04724   0.27297   0.08027   0.43675   0.00000   0.00940   0.04418   0.01275   0.07934   0.05184   0.01396   0.02515   0.01341   0.00631   0.09418   0.02627   0.00971   0.01657   0.06267   0.00661   0.15725   0.00000   0.00502   0.03074   0.05553   0.02431   0.03224   0.01072   0.04337   0.00000   0.03346   0.00602   0.00000   0.00226   0.03271   0.01847   0.00000   0.02123   0.00000   0.02754   0.01853   0.00901   0.00000   0.00000   0.00480   0.00774   0.02329   2.21249   0.99999   0.11385   1.21389  
 30 86.5067   3057.082473  x:  0.00000   0.01576   0.06062   0.04791   0.00189   0.05103   0.00234   0.00000   0.04672   0.27453   0.07818   0.43573   0.00000   0.00884   0.04540   0.01120   0.08012   0.05421   0.01311   0.02254   0.01384   0.00571   0.08975   0.02211   0.00991   0.01640   0.06444   0.00670   0.15805   0.00000   0.00684   0.02902   0.05089   0.02825   0.03169   0.01010   0.04341   0.00000   0.02959   0.00591   0.00000   0.00305   0.03278   0.01801   0.00000   0.02167   0.00000   0.02749   0.01836   0.00891   0.00000   0.00000   0.00479   0.00745   0.02498   2.23972   0.99999   0.11472   1.22000  
 31 93.0939   3056.013676  x:  0.00000   0.01137   0.05154   0.05038   0.00174   0.05399   0.00261   0.00000   0.04524   0.27257   0.07668   0.43596   0.00000   0.00813   0.04776   0.00902   0.08634   0.05593   0.01150   0.02618   0.01167   0.00958   0.08273   0.02078   0.01013   0.01270   0.06836   0.00721   0.15957   0.00000   0.00537   0.02795   0.04430   0.02718   0.03345   0.01109   0.04191   0.00000   0.02917   0.00557   0.00000   0.00222   0.03104   0.01933   0.00000   0.02235   0.00000   0.02500   0.02039   0.00940   0.00000   0.00000   0.00494   0.00736   0.02482   2.32011   0.99999   0.11844   1.23869  
 32 135.6521   3054.911361  x:  0.00000   0.01636   0.04388   0.05221   0.00179   0.05412   0.00304   0.00000   0.04567   0.27037   0.07190   0.43560   0.00000   0.00916   0.04566   0.00701   0.09031   0.05265   0.00899   0.02465   0.01207   0.01122   0.08012   0.02616   0.01031   0.01215   0.06823   0.00781   0.16352   0.00000   0.00421   0.03483   0.04432   0.02563   0.03121   0.01157   0.03962   0.00000   0.02837   0.00529   0.00000   0.00352   0.02994   0.01953   0.00000   0.02478   0.00000   0.02807   0.02124   0.00984   0.00000   0.00000   0.00528   0.00777   0.01927   2.40970   0.99999   0.12015   1.26040  
 33 365.4468   3054.336633  x:  0.00000   0.01820   0.04106   0.05216   0.00196   0.05405   0.00317   0.00000   0.04662   0.26692   0.07078   0.43538   0.00000   0.00922   0.04198   0.00773   0.08901   0.05409   0.00808   0.02627   0.01279   0.00859   0.08257   0.03173   0.01024   0.01101   0.06619   0.00833   0.16677   0.00000   0.00368   0.03543   0.05005   0.02464   0.03244   0.01202   0.04200   0.00000   0.02360   0.00520   0.00000   0.00356   0.03041   0.01798   0.00000   0.02605   0.00000   0.02679   0.02265   0.01022   0.00000   0.00000   0.00530   0.00774   0.02419   2.45813   0.99999   0.12076   1.27272  
 34 238.3043   3053.971392  x:  0.00000   0.01567   0.04165   0.05276   0.00202   0.05317   0.00341   0.00000   0.04750   0.26218   0.07200   0.43509   0.00000   0.00946   0.04143   0.00650   0.08578   0.05717   0.00756   0.02624   0.01386   0.00664   0.08644   0.03501   0.01031   0.01090   0.06473   0.00866   0.16969   0.00000   0.00517   0.03219   0.05601   0.02705   0.03332   0.01142   0.04382   0.00000   0.02564   0.00512   0.00000   0.00391   0.03087   0.01678   0.00000   0.02686   0.00000   0.02532   0.02301   0.01031   0.00000   0.00000   0.00520   0.00785   0.02127   2.49030   0.99999   0.12170   1.28153  
 35 157.9127   3053.707827  x:  0.00000   0.01362   0.04493   0.05298   0.00204   0.05294   0.00368   0.00000   0.04811   0.25541   0.07485   0.43556   0.00000   0.00901   0.04494   0.00616   0.08374   0.05900   0.00766   0.02506   0.01385   0.00725   0.09146   0.03425   0.01048   0.01070   0.06684   0.00866   0.17347   0.00000   0.00470   0.03313   0.05945   0.02475   0.03310   0.01185   0.04191   0.00000   0.02475   0.00503   0.00000   0.00410   0.02955   0.01814   0.00000   0.02730   0.00000   0.02843   0.02327   0.00983   0.00000   0.00000   0.00519   0.00737   0.02180   2.51657   0.99999   0.12386   1.28972  
 36 72.2654   3053.365175  x:  0.00000   0.01567   0.04818   0.05144   0.00203   0.05431   0.00415   0.00000   0.04998   0.24662   0.07659   0.43598   0.00000   0.00890   0.04623   0.00682   0.08338   0.05761   0.00746   0.02640   0.01420   0.00821   0.09817   0.02938   0.01099   0.01042   0.06934   0.00883   0.17931   0.00000   0.00356   0.03619   0.06065   0.02661   0.03263   0.01241   0.04080   0.00000   0.02565   0.00503   0.00000   0.00399   0.02796   0.01945   0.00000   0.02712   0.00000   0.02401   0.02347   0.01010   0.00000   0.00000   0.00526   0.00726   0.02189   2.55258   0.99999   0.12621   1.30165  
 37 103.0180   3052.858853  x:  0.00000   0.01610   0.04726   0.05009   0.00226   0.05402   0.00475   0.00000   0.05180   0.23598   0.07627   0.43669   0.00000   0.00889   0.04363   0.00718   0.08439   0.05197   0.00754   0.02749   0.01452   0.00860   0.10668   0.01955   0.01173   0.01070   0.06809   0.00921   0.18541   0.00000   0.00448   0.03404   0.05863   0.02758   0.03253   0.01296   0.04482   0.00000   0.02873   0.00507   0.00000   0.00389   0.02760   0.01876   0.00000   0.02786   0.00000   0.02830   0.02417   0.01061   0.00000   0.00000   0.00529   0.00696   0.02391   2.60813   0.99999   0.12966   1.32030  
 38 143.3156   3052.428576  x:  0.00000   0.01647   0.04517   0.04973   0.00277   0.04791   0.00493   0.00000   0.05178   0.23255   0.07567   0.43762   0.00000   0.00881   0.04578   0.00836   0.08335   0.05103   0.00806   0.02346   0.01435   0.00909   0.11125   0.01628   0.01179   0.01099   0.06331   0.00932   0.18312   0.00000   0.00523   0.03270   0.05490   0.02375   0.03262   0.01347   0.04636   0.00000   0.02868   0.00505   0.00000   0.00419   0.02742   0.01817   0.00000   0.02865   0.00000   0.02487   0.02463   0.01058   0.00000   0.00000   0.00536   0.00691   0.02386   2.65559   0.99999   0.13393   1.33557  
 39 120.3750   3051.597830  x:  0.00000   0.01876   0.04209   0.04741   0.00346   0.04289   0.00490   0.00000   0.05172   0.23106   0.07510   0.43733   0.00000   0.00877   0.05136   0.01002   0.07886   0.05527   0.00836   0.02782   0.01405   0.00892   0.11572   0.01984   0.01142   0.01128   0.05771   0.00952   0.16705   0.00000   0.00481   0.03383   0.04794   0.02852   0.03344   0.01305   0.04451   0.00000   0.02848   0.00506   0.00000   0.00377   0.02605   0.01829   0.00000   0.02751   0.00000   0.02802   0.02486   0.01115   0.00000   0.00000   0.00509   0.00719   0.02399   2.75352   0.99999   0.13987   1.36645  
 40 187.1061   3050.353895  x:  0.00000   0.01828   0.04390   0.05030   0.00360   0.05176   0.00490   0.00000   0.05208   0.23232   0.07319   0.43619   0.00000   0.00917   0.04930   0.00969   0.07513   0.05418   0.00954   0.02406   0.01364   0.00914   0.11484   0.02818   0.01149   0.01262   0.06239   0.00976   0.13476   0.00000   0.00601   0.03142   0.04729   0.02639   0.03054   0.01333   0.04316   0.00000   0.03225   0.00501   0.00000   0.00374   0.02512   0.01730   0.00000   0.02806   0.00000   0.02697   0.02500   0.01181   0.00000   0.00000   0.00465   0.00748   0.02654   2.89923   0.99999   0.14578   1.41202  
 41 295.9848   3049.854148  x:  0.00000   0.01697   0.04629   0.04849   0.00390   0.04820   0.00468   0.00000   0.05271   0.23441   0.07601   0.43486   0.00000   0.00928   0.04805   0.01010   0.07911   0.04988   0.00982   0.02438   0.01302   0.01101   0.10716   0.02895   0.01161   0.01299   0.06514   0.00958   0.12244   0.00000   0.00609   0.03178   0.05448   0.02756   0.03455   0.01280   0.04604   0.00000   0.02926   0.00490   0.00000   0.00375   0.02405   0.01796   0.00000   0.02709   0.00000   0.02709   0.02451   0.01131   0.00000   0.00000   0.00439   0.00752   0.02441   2.95833   0.99999   0.14949   1.42927  
 42 173.2288   3049.499272  x:  0.00000   0.01779   0.04580   0.04623   0.00412   0.04686   0.00479   0.00000   0.05457   0.23812   0.07676   0.43302   0.00000   0.00905   0.04732   0.01048   0.08260   0.05365   0.00945   0.02630   0.01332   0.01191   0.09457   0.02859   0.01228   0.01307   0.06319   0.00937   0.12218   0.00000   0.00622   0.03106   0.06152   0.02643   0.02982   0.01335   0.04452   0.00000   0.03088   0.00487   0.00000   0.00394   0.02421   0.01690   0.00000   0.02691   0.00000   0.02711   0.02398   0.01087   0.00000   0.00000   0.00433   0.00711   0.02526   3.00013   0.99999   0.15293   1.43980  
 43 91.1951   3049.235523  x:  0.00000   0.01862   0.04468   0.04705   0.00419   0.04952   0.00480   0.00000   0.05564   0.24241   0.07644   0.43110   0.00000   0.00898   0.04822   0.01075   0.08054   0.05456   0.00970   0.02532   0.01376   0.01192   0.08311   0.03095   0.01268   0.01349   0.06099   0.00922   0.12762   0.00000   0.00604   0.03218   0.06366   0.02600   0.03494   0.01325   0.04438   0.00000   0.03295   0.00484   0.00000   0.00419   0.02339   0.01718   0.00000   0.02669   0.00000   0.02735   0.02348   0.01039   0.00000   0.00000   0.00431   0.00693   0.02614   3.03167   0.99999   0.15603   1.44595  
 44 89.7444   3049.057119  x:  0.00000   0.01834   0.04452   0.04672   0.00423   0.04984   0.00466   0.00000   0.05537   0.24559   0.07764   0.43025   0.00000   0.00887   0.04895   0.01041   0.07664   0.05154   0.00981   0.02732   0.01400   0.01188   0.07677   0.03596   0.01267   0.01390   0.06247   0.00891   0.13287   0.00000   0.00658   0.03115   0.06132   0.02551   0.03294   0.01314   0.04726   0.00000   0.03177   0.00474   0.00000   0.00444   0.02264   0.01773   0.00000   0.02629   0.00000   0.02683   0.02272   0.00984   0.00000   0.00000   0.00421   0.00679   0.02571   3.05202   0.99999   0.15948   1.44748  
 45 59.8010   3048.959141  x:  0.00000   0.01845   0.04545   0.04388   0.00429   0.04910   0.00470   0.00000   0.05628   0.24644   0.07918   0.42936   0.00000   0.00870   0.04658   0.01034   0.07808   0.05251   0.00990   0.02619   0.01375   0.01275   0.07625   0.03985   0.01278   0.01366   0.06412   0.00884   0.13520   0.00000   0.00680   0.03062   0.05763   0.02539   0.03380   0.01322   0.04736   0.00000   0.03211   0.00473   0.00000   0.00439   0.02339   0.01634   0.00000   0.02613   0.00000   0.02698   0.02261   0.00955   0.00000   0.00000   0.00420   0.00649   0.02572   3.06214   0.99999   0.16040   1.44489  
 46 24.7061   3048.816786  x:  0.00000   0.01717   0.04821   0.04669   0.00438   0.04858   0.00473   0.00000   0.05843   0.24787   0.08024   0.42724   0.00000   0.00900   0.04507   0.01085   0.08189   0.05259   0.00956   0.02781   0.01452   0.01247   0.07830   0.04200   0.01296   0.01435   0.06208   0.00873   0.13654   0.00000   0.00723   0.03045   0.05449   0.02468   0.03401   0.01322   0.04707   0.00000   0.03231   0.00464   0.00000   0.00487   0.02182   0.01772   0.00000   0.02641   0.00000   0.02659   0.02222   0.00918   0.00000   0.00000   0.00412   0.00651   0.02606   3.07521   0.99999   0.15888   1.43547  
 47 22.5108   3047.386218  x:  0.00000   0.01722   0.04628   0.04626   0.00522   0.06010   0.00318   0.00000   0.05249   0.26213   0.08427   0.42194   0.00000   0.00843   0.04951   0.00922   0.09022   0.05490   0.01059   0.02698   0.01388   0.00811   0.09973   0.03203   0.01157   0.01488   0.05789   0.00750   0.14035   0.00000   0.00469   0.03434   0.05592   0.02507   0.03223   0.01165   0.05205   0.00000   0.02991   0.00424   0.00000   0.00453   0.02116   0.01202   0.00000   0.02316   0.00000   0.02704   0.01973   0.00744   0.00000   0.00000   0.00348   0.00659   0.02305   3.19216   0.99999   0.15567   1.31309  
 48 46.7762   3045.907068  x:  0.00000   0.01787   0.04100   0.04415   0.00615   0.05859   0.00196   0.00000   0.04836   0.27410   0.08137   0.41739   0.00000   0.00921   0.04201   0.00964   0.08520   0.05698   0.01086   0.02760   0.01201   0.00908   0.11573   0.02023   0.01047   0.01652   0.06405   0.00669   0.14618   0.00000   0.00636   0.03042   0.05994   0.02479   0.03358   0.01056   0.04362   0.00000   0.02882   0.00360   0.00000   0.00444   0.01289   0.01652   0.00000   0.02116   0.00000   0.02703   0.01797   0.00701   0.00000   0.00000   0.00319   0.00742   0.02211   3.30726   0.99999   0.14500   1.18907  
 49 369.9029   3045.306230  x:  0.00000   0.01715   0.04112   0.04804   0.00658   0.05509   0.00181   0.00000   0.04803   0.27389   0.07808   0.41549   0.00000   0.00950   0.04253   0.01087   0.08275   0.05627   0.01058   0.03031   0.01035   0.01397   0.11780   0.01839   0.01010   0.01759   0.06815   0.00626   0.14970   0.00000   0.00656   0.03060   0.06156   0.02421   0.03457   0.01074   0.04090   0.00000   0.02910   0.00368   0.00000   0.00486   0.01571   0.01001   0.00000   0.02063   0.00000   0.02676   0.01729   0.00685   0.00000   0.00000   0.00328   0.00770   0.02250   3.35226   0.99999   0.13624   1.13905  
 50 263.8097   3044.213205  x:  0.00000   0.01576   0.04288   0.05225   0.00752   0.05233   0.00157   0.00000   0.04485   0.25341   0.07733   0.41702   0.00000   0.00930   0.03858   0.01322   0.08120   0.06079   0.01043   0.02621   0.00776   0.01998   0.10509   0.02378   0.00914   0.01758   0.06773   0.00570   0.15587   0.00000   0.00345   0.03466   0.06164   0.02532   0.03106   0.01165   0.04857   0.00000   0.02929   0.00359   0.00000   0.00379   0.01157   0.01032   0.00000   0.01864   0.00000   0.02742   0.01656   0.00718   0.00000   0.00000   0.00342   0.00797   0.02128   3.43443   0.99999   0.11766   1.04128  
 51 154.7549   3043.338205  x:  0.00000   0.01498   0.04649   0.04967   0.00832   0.05183   0.00137   0.00000   0.03978   0.23303   0.07775   0.42063   0.00000   0.00910   0.04029   0.01292   0.08527   0.05425   0.01070   0.02474   0.00958   0.01320   0.09148   0.03211   0.00813   0.01810   0.06429   0.00588   0.16127   0.00000   0.00458   0.03084   0.06200   0.02521   0.03099   0.01066   0.04137   0.00000   0.02887   0.00350   0.00000   0.00329   0.00984   0.00826   0.00000   0.01858   0.00000   0.02704   0.01657   0.00768   0.00000   0.00000   0.00320   0.00813   0.02139   3.49740   0.99999   0.10609   0.96397  
 52 248.7559   3043.315028  x:  0.00000   0.01528   0.04570   0.05025   0.00832   0.05102   0.00137   0.00000   0.04035   0.23267   0.07795   0.42034   0.00000   0.00906   0.04082   0.01340   0.08576   0.05460   0.01073   0.02453   0.01045   0.01110   0.09114   0.03217   0.00817   0.01808   0.06594   0.00592   0.16140   0.00000   0.00446   0.03111   0.06189   0.02510   0.03101   0.01055   0.04182   0.00000   0.02945   0.00350   0.00000   0.00329   0.00972   0.00820   0.00000   0.01872   0.00000   0.02714   0.01662   0.00760   0.00000   0.00000   0.00314   0.00809   0.02146   3.49790   0.99999   0.10581   0.96323  
 53  9.3767   3042.098838  x:  0.00000   0.01511   0.04559   0.05029   0.00931   0.05115   0.00213   0.00000   0.04319   0.23341   0.07532   0.41172   0.00000   0.00916   0.04168   0.01326   0.08526   0.05468   0.00931   0.02462   0.01148   0.01231   0.09260   0.03179   0.00925   0.01778   0.06552   0.00616   0.15965   0.00000   0.00461   0.03115   0.06164   0.02530   0.03120   0.01115   0.04199   0.00000   0.02885   0.00386   0.00000   0.00334   0.00427   0.00584   0.00000   0.01883   0.00000   0.02720   0.01572   0.00804   0.00000   0.00000   0.00315   0.00805   0.02164   3.41371   0.99999   0.11634   1.05828  
 54  3.6975   3040.976589  x:  0.00000   0.01498   0.04528   0.05060   0.01078   0.05072   0.00300   0.00000   0.04560   0.22668   0.07193   0.40195   0.00000   0.00932   0.04231   0.01394   0.08540   0.05482   0.00646   0.02355   0.01354   0.01191   0.09122   0.03281   0.01039   0.01771   0.06536   0.00631   0.15918   0.00000   0.00475   0.03060   0.06119   0.02564   0.03114   0.01180   0.04180   0.00000   0.02826   0.00143   0.00000   0.00282   0.00574   0.00554   0.00000   0.01832   0.00000   0.02745   0.01337   0.00884   0.00000   0.00000   0.00299   0.00823   0.02173   3.33131   0.99999   0.12539   1.13878  
 55  1.0873   3039.693419  x:  0.00000   0.01460   0.04450   0.05120   0.01372   0.05036   0.00406   0.00000   0.04809   0.21828   0.06774   0.38598   0.00000   0.00959   0.04258   0.01467   0.08582   0.05502   0.00259   0.02220   0.01575   0.01154   0.08954   0.03397   0.01185   0.01775   0.06538   0.00665   0.16007   0.00000   0.00500   0.02975   0.06076   0.02611   0.03097   0.01259   0.04098   0.00000   0.02704   0.00388   0.00000   0.00218   0.00778   0.00599   0.00000   0.01790   0.00000   0.02765   0.01085   0.00964   0.00000   0.00000   0.00209   0.00840   0.02151   3.22762   0.99999   0.13668   1.23252  
 56  3.9641   3033.368638  x:  0.00000   0.01418   0.03586   0.05461   0.02786   0.05242   0.00716   0.00000   0.05066   0.19799   0.07054   0.30621   0.00000   0.01126   0.04099   0.01156   0.08717   0.05662   0.01160   0.02311   0.01525   0.01117   0.08445   0.03514   0.01754   0.01808   0.06585   0.01184   0.16299   0.00000   0.00722   0.03188   0.05792   0.02932   0.03092   0.01310   0.03976   0.00000   0.02280   0.00532   0.00000   0.00348   0.01158   0.00528   0.00000   0.02884   0.00000   0.02579   0.01965   0.01451   0.00000   0.00000   0.00348   0.00694   0.02184   2.68142   0.99999   0.16326   1.46213  
 57  2.0036   3025.601091  x:  0.00000   0.01849   0.03256   0.05612   0.03457   0.05566   0.00839   0.00000   0.04136   0.19909   0.08446   0.19293   0.00000   0.01252   0.04475   0.00896   0.08703   0.05811   0.01158   0.02501   0.01808   0.00719   0.08271   0.03183   0.02129   0.01843   0.06626   0.01219   0.15200   0.00000   0.01080   0.02969   0.04797   0.02670   0.03348   0.01181   0.03816   0.00000   0.02441   0.00484   0.00000   0.00344   0.00785   0.01510   0.00000   0.02825   0.00000   0.02524   0.00958   0.01804   0.00000   0.00000   0.00744   0.00661   0.02535   2.99501   0.99999   0.16108   1.43200  
 58  0.3526   3022.440104  x:  0.00000   0.01736   0.03835   0.05273   0.03322   0.05549   0.00694   0.00000   0.04350   0.17403   0.07231   0.14807   0.00000   0.01205   0.04414   0.01609   0.08385   0.05868   0.00822   0.02499   0.01322   0.01043   0.08563   0.02878   0.02166   0.01951   0.06583   0.01274   0.14929   0.00000   0.01011   0.02869   0.05094   0.02559   0.03272   0.01126   0.04050   0.00000   0.02469   0.00440   0.00000   0.00365   0.00737   0.01177   0.00000   0.02680   0.00000   0.02642   0.01718   0.01571   0.00000   0.00000   0.00749   0.00582   0.02271   3.23827   0.99999   0.16995   1.52624  
 59  0.4997   3019.722860  x:  0.00000   0.01741   0.03967   0.04810   0.02494   0.05494   0.00612   0.00000   0.03211   0.18411   0.07335   0.15344   0.00000   0.01168   0.04342   0.01470   0.08185   0.05817   0.01053   0.02534   0.01130   0.01290   0.09264   0.02481   0.01967   0.01881   0.06450   0.01117   0.14386   0.00000   0.00892   0.03011   0.05292   0.02347   0.03250   0.01088   0.04459   0.00000   0.02627   0.00406   0.00000   0.00410   0.00782   0.00494   0.00000   0.02371   0.00000   0.02622   0.01568   0.01477   0.00000   0.00000   0.00286   0.00689   0.02301   3.49266   0.99999   0.14282   1.27067  
 60  0.6916   3018.026179  x:  0.00000   0.01566   0.04130   0.04422   0.01287   0.05176   0.00434   0.00000   0.03376   0.17420   0.06385   0.17477   0.00000   0.01085   0.04383   0.01740   0.08316   0.05565   0.00952   0.02437   0.01181   0.01258   0.09462   0.02646   0.01742   0.01860   0.06431   0.00921   0.14469   0.00000   0.00731   0.02953   0.05793   0.02339   0.03147   0.01026   0.04384   0.00000   0.02603   0.00341   0.00000   0.00382   0.00610   0.00692   0.00000   0.01970   0.00000   0.02648   0.01479   0.01130   0.00000   0.00000   0.00403   0.00774   0.02181   3.59140   0.99999   0.13073   1.16213  
 61  0.2182   3016.859802  x:  0.00000   0.01545   0.04017   0.04389   0.00552   0.05031   0.00366   0.00000   0.03447   0.19179   0.06868   0.15906   0.00000   0.01028   0.04301   0.01559   0.08375   0.05368   0.00978   0.02392   0.01236   0.01267   0.09410   0.02703   0.01658   0.01769   0.06380   0.00815   0.14446   0.00000   0.00657   0.02978   0.05808   0.02409   0.03114   0.01018   0.04190   0.00000   0.02579   0.00299   0.00000   0.00376   0.00578   0.00762   0.00000   0.01908   0.00000   0.02614   0.01370   0.01026   0.00000   0.00000   0.00297   0.00804   0.02208   3.52854   0.99999   0.11579   1.07189  
 62  0.1940   3016.251745  x:  0.00000   0.01614   0.03876   0.04687   0.00651   0.05073   0.00411   0.00000   0.03458   0.18796   0.07091   0.14316   0.00000   0.01042   0.04332   0.01341   0.08456   0.05421   0.01073   0.02379   0.01423   0.01051   0.09013   0.02919   0.01675   0.01719   0.06449   0.00845   0.14661   0.00000   0.00660   0.03011   0.05615   0.02486   0.03124   0.01058   0.04105   0.00000   0.02575   0.00350   0.00000   0.00350   0.00731   0.00728   0.00000   0.02124   0.00000   0.02584   0.01287   0.01080   0.00000   0.00000   0.00443   0.00785   0.02250   3.33513   0.99999   0.11542   1.06549  
 63  0.2573   3016.093071  x:  0.00000   0.01645   0.03814   0.04794   0.00577   0.05138   0.00430   0.00000   0.03375   0.18105   0.07193   0.14618   0.00000   0.01053   0.04341   0.01256   0.08406   0.05489   0.01114   0.02420   0.01406   0.01046   0.08834   0.02964   0.01640   0.01733   0.06482   0.00881   0.14735   0.00000   0.00666   0.03044   0.05501   0.02495   0.03141   0.01107   0.04074   0.00000   0.02576   0.00350   0.00000   0.00357   0.00748   0.00791   0.00000   0.02243   0.00000   0.02569   0.01412   0.01099   0.00000   0.00000   0.00343   0.00746   0.02259   3.25296   0.99999   0.11183   1.03885  
 64  0.1713   3016.063271  x:  0.00000   0.01645   0.03850   0.04795   0.00519   0.05182   0.00406   0.00000   0.03404   0.18209   0.07140   0.14810   0.00000   0.01065   0.04332   0.01261   0.08372   0.05511   0.01099   0.02423   0.01406   0.01005   0.08838   0.02972   0.01608   0.01743   0.06501   0.00888   0.14702   0.00000   0.00677   0.03029   0.05471   0.02484   0.03142   0.01104   0.04098   0.00000   0.02580   0.00359   0.00000   0.00360   0.00763   0.00735   0.00000   0.02241   0.00000   0.02581   0.01452   0.01086   0.00000   0.00000   0.00377   0.00732   0.02239   3.22860   0.99999   0.11124   1.03061  
 65  0.0514   3016.050672  x:  0.00000   0.01630   0.03893   0.04786   0.00574   0.05197   0.00397   0.00000   0.03400   0.18385   0.07075   0.14817   0.00000   0.01080   0.04321   0.01258   0.08338   0.05513   0.01108   0.02421   0.01402   0.00983   0.08849   0.02960   0.01588   0.01751   0.06501   0.00898   0.14689   0.00000   0.00691   0.03023   0.05474   0.02471   0.03142   0.01097   0.04110   0.00000   0.02591   0.00362   0.00000   0.00363   0.00752   0.00736   0.00000   0.02234   0.00000   0.02585   0.01480   0.01095   0.00000   0.00000   0.00367   0.00726   0.02228   3.20507   0.99999   0.10975   1.01739  
 66  0.0524   3016.043441  x:  0.00000   0.01618   0.03873   0.04747   0.00563   0.05207   0.00389   0.00000   0.03374   0.18238   0.07079   0.14760   0.00000   0.01089   0.04319   0.01266   0.08327   0.05509   0.01121   0.02417   0.01405   0.00985   0.08862   0.02954   0.01564   0.01771   0.06496   0.00904   0.14654   0.00000   0.00706   0.03012   0.05502   0.02457   0.03138   0.01093   0.04129   0.00000   0.02593   0.00365   0.00000   0.00366   0.00735   0.00729   0.00000   0.02208   0.00000   0.02586   0.01469   0.01104   0.00000   0.00000   0.00365   0.00733   0.02228   3.20579   0.99999   0.10609   0.98303  
 67  0.0336   3016.041948  x:  0.00000   0.01626   0.03873   0.04741   0.00564   0.05196   0.00387   0.00000   0.03397   0.18264   0.07109   0.14777   0.00000   0.01081   0.04320   0.01267   0.08325   0.05494   0.01117   0.02417   0.01400   0.01001   0.08843   0.02962   0.01557   0.01771   0.06488   0.00906   0.14614   0.00000   0.00709   0.03006   0.05500   0.02463   0.03139   0.01096   0.04114   0.00000   0.02592   0.00366   0.00000   0.00365   0.00733   0.00734   0.00000   0.02212   0.00000   0.02585   0.01471   0.01103   0.00000   0.00000   0.00369   0.00733   0.02232   3.20811   0.99999   0.10468   0.97277  
 68  0.0104   3016.041559  x:  0.00000   0.01629   0.03876   0.04743   0.00563   0.05192   0.00386   0.00000   0.03399   0.18279   0.07100   0.14773   0.00000   0.01077   0.04324   0.01267   0.08329   0.05491   0.01117   0.02417   0.01401   0.01001   0.08842   0.02972   0.01555   0.01768   0.06488   0.00907   0.14602   0.00000   0.00708   0.03005   0.05497   0.02466   0.03139   0.01098   0.04114   0.00000   0.02591   0.00367   0.00000   0.00365   0.00734   0.00737   0.00000   0.02214   0.00000   0.02585   0.01470   0.01101   0.00000   0.00000   0.00368   0.00732   0.02232   3.20945   0.99999   0.10437   0.96691  
 69  0.0095   3016.041403  x:  0.00000   0.01628   0.03871   0.04744   0.00565   0.05193   0.00387   0.00000   0.03392   0.18271   0.07091   0.14767   0.00000   0.01074   0.04328   0.01266   0.08329   0.05492   0.01110   0.02417   0.01400   0.01003   0.08847   0.02971   0.01556   0.01765   0.06488   0.00907   0.14587   0.00000   0.00705   0.03008   0.05493   0.02466   0.03139   0.01099   0.04117   0.00000   0.02590   0.00367   0.00000   0.00365   0.00735   0.00736   0.00000   0.02217   0.00000   0.02584   0.01470   0.01099   0.00000   0.00000   0.00369   0.00731   0.02232   3.20957   0.99999   0.10409   0.96493  
 70  0.0018   3016.041360  x:  0.00000   0.01628   0.03873   0.04743   0.00565   0.05195   0.00388   0.00000   0.03397   0.18267   0.07091   0.14768   0.00000   0.01075   0.04324   0.01266   0.08329   0.05494   0.01107   0.02417   0.01402   0.01001   0.08847   0.02973   0.01559   0.01764   0.06489   0.00908   0.14591   0.00000   0.00704   0.03008   0.05495   0.02466   0.03138   0.01099   0.04117   0.00000   0.02590   0.00367   0.00000   0.00365   0.00736   0.00735   0.00000   0.02217   0.00000   0.02584   0.01470   0.01099   0.00000   0.00000   0.00368   0.00732   0.02232   3.20974   0.99999   0.10396   0.96362  
 71  0.0011   3016.041350  x:  0.00000   0.01628   0.03873   0.04743   0.00565   0.05195   0.00388   0.00000   0.03394   0.18272   0.07093   0.14768   0.00000   0.01076   0.04325   0.01265   0.08328   0.05494   0.01106   0.02417   0.01402   0.01001   0.08846   0.02972   0.01560   0.01764   0.06490   0.00908   0.14592   0.00000   0.00705   0.03008   0.05495   0.02466   0.03139   0.01098   0.04117   0.00000   0.02590   0.00367   0.00000   0.00365   0.00736   0.00736   0.00000   0.02216   0.00000   0.02584   0.01470   0.01099   0.00000   0.00000   0.00368   0.00732   0.02232   3.20958   0.99999   0.10392   0.96328  
 72  0.0004   3016.041347  x:  0.00000   0.01628   0.03873   0.04743   0.00565   0.05194   0.00388   0.00000   0.03395   0.18270   0.07091   0.14768   0.00000   0.01076   0.04326   0.01265   0.08327   0.05493   0.01106   0.02417   0.01401   0.01002   0.08845   0.02973   0.01562   0.01764   0.06489   0.00908   0.14590   0.00000   0.00705   0.03007   0.05495   0.02466   0.03139   0.01098   0.04117   0.00000   0.02590   0.00367   0.00000   0.00365   0.00736   0.00736   0.00000   0.02215   0.00000   0.02584   0.01470   0.01099   0.00000   0.00000   0.00368   0.00732   0.02231   3.20952   0.99999   0.10392   0.96328  
 73  0.0001   3016.041346  x:  0.00000   0.01628   0.03873   0.04743   0.00565   0.05194   0.00388   0.00000   0.03395   0.18270   0.07092   0.14769   0.00000   0.01076   0.04325   0.01265   0.08328   0.05493   0.01106   0.02417   0.01400   0.01002   0.08846   0.02972   0.01563   0.01765   0.06489   0.00908   0.14590   0.00000   0.00705   0.03008   0.05495   0.02466   0.03139   0.01098   0.04117   0.00000   0.02590   0.00367   0.00000   0.00365   0.00736   0.00735   0.00000   0.02216   0.00000   0.02584   0.01470   0.01099   0.00000   0.00000   0.00368   0.00732   0.02231   3.20950   0.99999   0.10392   0.96324  
 74  0.0000   3016.041346  x:  0.00000   0.01628   0.03873   0.04743   0.00565   0.05194   0.00388   0.00000   0.03395   0.18271   0.07092   0.14768   0.00000   0.01076   0.04325   0.01265   0.08328   0.05494   0.01106   0.02417   0.01400   0.01002   0.08846   0.02972   0.01563   0.01764   0.06489   0.00908   0.14590   0.00000   0.00705   0.03008   0.05495   0.02466   0.03139   0.01098   0.04117   0.00000   0.02590   0.00367   0.00000   0.00365   0.00736   0.00735   0.00000   0.02216   0.00000   0.02584   0.01470   0.01099   0.00000   0.00000   0.00368   0.00732   0.02231   3.20945   0.99999   0.10391   0.96319  
 75  0.0001   3016.041345  x:  0.00000   0.01628   0.03873   0.04743   0.00565   0.05194   0.00388   0.00000   0.03395   0.18271   0.07092   0.14768   0.00000   0.01076   0.04325   0.01265   0.08328   0.05494   0.01106   0.02417   0.01401   0.01002   0.08846   0.02972   0.01563   0.01764   0.06489   0.00908   0.14590   0.00000   0.00705   0.03008   0.05495   0.02466   0.03139   0.01098   0.04117   0.00000   0.02590   0.00367   0.00000   0.00365   0.00736   0.00735   0.00000   0.02216   0.00000   0.02584   0.01470   0.01099   0.00000   0.00000   0.00368   0.00732   0.02231   3.20946   0.99999   0.10391   0.96319  
 76  0.0000   3016.041345  x:  0.00000   0.01628   0.03873   0.04743   0.00565   0.05194   0.00388   0.00000   0.03395   0.18270   0.07092   0.14769   0.00000   0.01076   0.04325   0.01265   0.08328   0.05494   0.01106   0.02417   0.01401   0.01002   0.08846   0.02972   0.01563   0.01764   0.06489   0.00908   0.14590   0.00000   0.00705   0.03008   0.05495   0.02466   0.03139   0.01098   0.04117   0.00000   0.02590   0.00367   0.00000   0.00365   0.00736   0.00735   0.00000   0.02216   0.00000   0.02584   0.01470   0.01099   0.00000   0.00000   0.00368   0.00732   0.02231   3.20948   0.99999   0.10391   0.96320  
 77  0.0000   3016.041345  x:  0.00000   0.01628   0.03873   0.04743   0.00565   0.05194   0.00388   0.00000   0.03395   0.18271   0.07092   0.14768   0.00000   0.01076   0.04325   0.01265   0.08328   0.05494   0.01106   0.02417   0.01401   0.01002   0.08846   0.02972   0.01563   0.01764   0.06489   0.00908   0.14590   0.00000   0.00705   0.03008   0.05495   0.02466   0.03139   0.01098   0.04117   0.00000   0.02590   0.00367   0.00000   0.00365   0.00736   0.00735   0.00000   0.02216   0.00000   0.02584   0.01470   0.01099   0.00000   0.00000   0.00368   0.00732   0.02231   3.20947   0.99999   0.10391   0.96320  
 78  0.0000   3016.041345  x:  0.00000   0.01628   0.03873   0.04743   0.00565   0.05194   0.00388   0.00000   0.03395   0.18270   0.07092   0.14768   0.00000   0.01076   0.04325   0.01265   0.08328   0.05494   0.01106   0.02417   0.01401   0.01002   0.08846   0.02972   0.01563   0.01764   0.06489   0.00908   0.14590   0.00000   0.00705   0.03008   0.05495   0.02466   0.03139   0.01098   0.04117   0.00000   0.02590   0.00367   0.00000   0.00365   0.00736   0.00735   0.00000   0.02216   0.00000   0.02584   0.01470   0.01099   0.00000   0.00000   0.00368   0.00732   0.02231   3.20947   0.99999   0.10391   0.96320  
 79  0.0000   3016.041345  x:  0.00000   0.01628   0.03873   0.04743   0.00565   0.05194   0.00388   0.00000   0.03395   0.18270   0.07092   0.14768   0.00000   0.01076   0.04325   0.01265   0.08328   0.05494   0.01106   0.02417   0.01401   0.01002   0.08846   0.02972   0.01563   0.01764   0.06489   0.00908   0.14590   0.00000   0.00705   0.03008   0.05495   0.02466   0.03139   0.01098   0.04117   0.00000   0.02590   0.00367   0.00000   0.00365   0.00736   0.00735   0.00000   0.02216   0.00000   0.02584   0.01470   0.01099   0.00000   0.00000   0.00368   0.00732   0.02231   3.20947   0.99999   0.10391   0.96320  