Supplemental results for CODEML (seqf: smo.fasta  treef: smo_tree.txt)


MLEs of dN/dS (w) for site classes (K=6)

p:   0.17075  0.17075  0.17075  0.17075  0.17075  0.14625
w:   0.00000  0.00000  0.00000  0.00000  0.15412  1.00000

Naive Empirical Bayes (NEB) probabilities for 6 classes & postmean_w
(amino acids refer to 1st sequence: Anser_cygnoides_domesticus)

   1 M   0.00000 0.00000 0.00000 0.00005 0.97569 0.02426 ( 5)  0.175
   2 P   0.23450 0.23450 0.23450 0.23449 0.06196 0.00007 ( 1)  0.010
   3 K   0.22641 0.22641 0.22641 0.22641 0.09365 0.00069 ( 1)  0.015
   4 C   0.23225 0.23225 0.23225 0.23225 0.07089 0.00012 ( 1)  0.011
   5 E   0.23087 0.23087 0.23087 0.23087 0.07633 0.00018 ( 1)  0.012
   6 D   0.23074 0.23074 0.23074 0.23073 0.07684 0.00020 ( 1)  0.012
   7 G   0.22960 0.22960 0.22960 0.22960 0.08129 0.00031 ( 1)  0.013
   8 Q   0.00000 0.00000 0.00000 0.00005 0.97611 0.02384 ( 5)  0.174
   9 V   0.00000 0.00000 0.00000 0.00005 0.98016 0.01979 ( 5)  0.171
  10 E   0.00000 0.00000 0.00000 0.00000 0.84457 0.15543 ( 5)  0.286
  11 L   0.00000 0.00000 0.00000 0.00005 0.97305 0.02690 ( 5)  0.177
  12 P   0.00000 0.00000 0.00000 0.00007 0.99254 0.00739 ( 5)  0.160
  13 S   0.00000 0.00000 0.00000 0.00000 0.92744 0.07256 ( 5)  0.216
  14 Q   0.00000 0.00000 0.00000 0.00000 0.88675 0.11325 ( 5)  0.250
  15 T   0.00000 0.00000 0.00000 0.00006 0.99210 0.00784 ( 5)  0.161
  16 L   0.22992 0.22992 0.22992 0.22991 0.08007 0.00028 ( 1)  0.013
  17 C   0.23414 0.23414 0.23414 0.23414 0.06339 0.00005 ( 1)  0.010
  18 Q   0.00000 0.00000 0.00000 0.00000 0.86984 0.13016 ( 5)  0.264
  19 A   0.23365 0.23365 0.23365 0.23364 0.06534 0.00008 ( 1)  0.010
  20 T   0.23177 0.23177 0.23177 0.23176 0.07279 0.00015 ( 1)  0.011
  21 R   0.22858 0.22858 0.22858 0.22857 0.08523 0.00046 ( 1)  0.014
  22 A   0.00000 0.00000 0.00000 0.00005 0.95641 0.04354 ( 5)  0.191
  23 P   0.23402 0.23402 0.23402 0.23402 0.06383 0.00008 ( 1)  0.010
  24 C   0.23414 0.23414 0.23414 0.23414 0.06339 0.00005 ( 1)  0.010
  25 T   0.00000 0.00000 0.00000 0.00000 0.95464 0.04536 ( 5)  0.192
  26 I   0.22999 0.22999 0.22999 0.22999 0.07979 0.00023 ( 1)  0.013
  27 V   0.22969 0.22969 0.22969 0.22969 0.08096 0.00027 ( 1)  0.013
  28 E   0.23081 0.23081 0.23081 0.23081 0.07657 0.00019 ( 1)  0.012
  29 R   0.23263 0.23263 0.23263 0.23262 0.06938 0.00012 ( 1)  0.011
  30 E   0.23087 0.23087 0.23087 0.23087 0.07633 0.00018 ( 1)  0.012
  31 R   0.23169 0.23169 0.23169 0.23169 0.07307 0.00018 ( 1)  0.011
  32 G   0.23209 0.23209 0.23209 0.23209 0.07149 0.00014 ( 1)  0.011
  33 W   0.23010 0.23010 0.23010 0.23010 0.07937 0.00023 ( 1)  0.012
  34 P   0.23329 0.23329 0.23329 0.23329 0.06673 0.00011 ( 1)  0.010
  35 D   0.23425 0.23425 0.23425 0.23424 0.06297 0.00005 ( 1)  0.010
  36 F   0.23128 0.23128 0.23128 0.23128 0.07473 0.00015 ( 1)  0.012
  37 L   0.23457 0.23457 0.23457 0.23456 0.06168 0.00005 ( 1)  0.010
  38 K   0.22647 0.22647 0.22647 0.22647 0.09343 0.00068 ( 1)  0.015
  39 C   0.23406 0.23406 0.23406 0.23406 0.06369 0.00006 ( 1)  0.010
  40 T   0.23071 0.23071 0.23071 0.23070 0.07697 0.00021 ( 1)  0.012
  41 P   0.00000 0.00000 0.00000 0.00000 0.13994 0.86006 ( 6)  0.882
  42 D   0.23339 0.23339 0.23339 0.23338 0.06638 0.00008 ( 1)  0.010
  43 R   0.00000 0.00000 0.00000 0.00006 0.99089 0.00905 ( 5)  0.162
  44 F   0.23128 0.23128 0.23128 0.23128 0.07473 0.00015 ( 1)  0.012
  45 P   0.23250 0.23250 0.23250 0.23249 0.06988 0.00014 ( 1)  0.011
  46 E   0.23087 0.23087 0.23087 0.23087 0.07633 0.00018 ( 1)  0.012
  47 G   0.22946 0.22946 0.22946 0.22945 0.08184 0.00033 ( 1)  0.013
  48 C   0.23400 0.23400 0.23400 0.23399 0.06395 0.00006 ( 1)  0.010
  49 P   0.00000 0.00000 0.00000 0.00006 0.98471 0.01523 ( 5)  0.167
  50 E   0.00000 0.00000 0.00000 0.00000 0.84791 0.15209 ( 5)  0.283
  51 -   0.22795 0.22795 0.22795 0.22794 0.08777 0.00045 ( 1)  0.014
  52 -   0.22681 0.22681 0.22681 0.22680 0.09213 0.00064 ( 1)  0.015
  53 -   0.22843 0.22843 0.22843 0.22842 0.08590 0.00039 ( 1)  0.014
  54 -   0.22747 0.22747 0.22747 0.22746 0.08963 0.00051 ( 1)  0.014
  55 -   0.22736 0.22736 0.22736 0.22736 0.09004 0.00052 ( 1)  0.014
  56 -   0.22373 0.22373 0.22373 0.22373 0.10369 0.00139 ( 1)  0.017
  57 -   0.22850 0.22850 0.22850 0.22849 0.08564 0.00037 ( 1)  0.014
  58 -   0.22747 0.22747 0.22747 0.22746 0.08963 0.00051 ( 1)  0.014
  59 -   0.23149 0.23149 0.23149 0.23148 0.07390 0.00014 ( 1)  0.012
  60 -   0.22638 0.22638 0.22638 0.22638 0.09374 0.00074 ( 1)  0.015
  61 -   0.22667 0.22667 0.22667 0.22667 0.09260 0.00071 ( 1)  0.015
  62 -   0.22849 0.22849 0.22849 0.22849 0.08565 0.00038 ( 1)  0.014
  63 -   0.23122 0.23122 0.23122 0.23122 0.07496 0.00016 ( 1)  0.012
  64 -   0.22810 0.22810 0.22810 0.22809 0.08718 0.00043 ( 1)  0.014
  65 -   0.22790 0.22790 0.22790 0.22790 0.08789 0.00051 ( 1)  0.014
  66 -   0.22865 0.22865 0.22865 0.22864 0.08498 0.00043 ( 1)  0.014
  67 -   0.22583 0.22583 0.22583 0.22582 0.09585 0.00085 ( 1)  0.016
  68 -   0.22693 0.22693 0.22693 0.22692 0.09169 0.00062 ( 1)  0.015
  69 -   0.22683 0.22683 0.22683 0.22682 0.09186 0.00084 ( 1)  0.015
  70 -   0.22725 0.22725 0.22725 0.22724 0.09045 0.00057 ( 1)  0.015
  71 -   0.23149 0.23149 0.23149 0.23148 0.07390 0.00014 ( 1)  0.012
  72 -   0.22747 0.22747 0.22747 0.22746 0.08963 0.00051 ( 1)  0.014
  73 -   0.23170 0.23170 0.23170 0.23169 0.07305 0.00017 ( 1)  0.011
  74 -   0.22373 0.22373 0.22373 0.22373 0.10369 0.00139 ( 1)  0.017
  75 -   0.23090 0.23090 0.23090 0.23090 0.07622 0.00018 ( 1)  0.012
  76 -   0.22702 0.22702 0.22702 0.22702 0.09133 0.00059 ( 1)  0.015
  77 -   0.22521 0.22521 0.22521 0.22521 0.09820 0.00096 ( 1)  0.016
  78 -   0.22797 0.22797 0.22797 0.22797 0.08766 0.00045 ( 1)  0.014
  79 -   0.23031 0.23031 0.23031 0.23030 0.07856 0.00022 ( 1)  0.012
  80 -   0.22693 0.22693 0.22693 0.22692 0.09169 0.00062 ( 1)  0.015
  81 -   0.22781 0.22781 0.22781 0.22781 0.08827 0.00048 ( 1)  0.014
  82 -   0.22696 0.22696 0.22696 0.22695 0.09153 0.00065 ( 1)  0.015
  83 -   0.22754 0.22754 0.22754 0.22754 0.08932 0.00052 ( 1)  0.014
  84 -   0.22764 0.22764 0.22764 0.22764 0.08888 0.00055 ( 1)  0.014
  85 -   0.22736 0.22736 0.22736 0.22736 0.09004 0.00052 ( 1)  0.014
  86 -   0.22849 0.22849 0.22849 0.22849 0.08565 0.00038 ( 1)  0.014
  87 -   0.23138 0.23138 0.23138 0.23138 0.07432 0.00015 ( 1)  0.012
  88 -   0.22849 0.22849 0.22849 0.22849 0.08565 0.00038 ( 1)  0.014
  89 -   0.22733 0.22733 0.22733 0.22732 0.09017 0.00053 ( 1)  0.014
  90 -   0.22837 0.22837 0.22837 0.22836 0.08606 0.00047 ( 1)  0.014
  91 -   0.23032 0.23032 0.23032 0.23031 0.07850 0.00023 ( 1)  0.012
  92 -   0.22850 0.22850 0.22850 0.22849 0.08564 0.00037 ( 1)  0.014
  93 -   0.23008 0.23008 0.23008 0.23008 0.07944 0.00024 ( 1)  0.012
  94 -   0.22810 0.22810 0.22810 0.22809 0.08718 0.00043 ( 1)  0.014
  95 -   0.00000 0.00000 0.00000 0.00000 0.60678 0.39322 ( 5)  0.487
  96 -   0.22810 0.22810 0.22810 0.22809 0.08718 0.00043 ( 1)  0.014
  97 -   0.23325 0.23325 0.23325 0.23325 0.06692 0.00008 ( 1)  0.010
  98 -   0.22971 0.22971 0.22971 0.22970 0.08086 0.00031 ( 1)  0.013
  99 -   0.22810 0.22810 0.22810 0.22809 0.08718 0.00043 ( 1)  0.014
 100 -   0.22732 0.22732 0.22732 0.22732 0.09019 0.00052 ( 1)  0.014
 101 -   0.23325 0.23325 0.23325 0.23325 0.06692 0.00008 ( 1)  0.010
 102 -   0.00000 0.00000 0.00000 0.00000 0.88076 0.11924 ( 5)  0.255
 103 -   0.22629 0.22629 0.22629 0.22629 0.09412 0.00071 ( 1)  0.015
 104 -   0.22720 0.22720 0.22720 0.22719 0.09067 0.00055 ( 1)  0.015
 105 -   0.23051 0.23051 0.23051 0.23050 0.07775 0.00024 ( 1)  0.012
 106 -   0.23092 0.23092 0.23092 0.23091 0.07612 0.00021 ( 1)  0.012
 107 -   0.22850 0.22850 0.22850 0.22849 0.08564 0.00037 ( 1)  0.014
 108 -   0.23149 0.23149 0.23149 0.23148 0.07390 0.00014 ( 1)  0.012
 109 -   0.23183 0.23183 0.23183 0.23182 0.07256 0.00013 ( 1)  0.011
 110 -   0.00000 0.00000 0.00000 0.00000 0.87275 0.12725 ( 5)  0.262
 111 -   0.23094 0.23094 0.23094 0.23093 0.07608 0.00018 ( 1)  0.012
 112 -   0.22736 0.22736 0.22736 0.22736 0.09004 0.00052 ( 1)  0.014
 113 -   0.00000 0.00000 0.00000 0.00005 0.97269 0.02727 ( 5)  0.177
 114 -   0.23124 0.23124 0.23124 0.23124 0.07489 0.00016 ( 1)  0.012
 115 -   0.23094 0.23094 0.23094 0.23093 0.07608 0.00018 ( 1)  0.012
 116 -   0.22850 0.22850 0.22850 0.22849 0.08564 0.00037 ( 1)  0.014
 117 -   0.22850 0.22850 0.22850 0.22849 0.08564 0.00037 ( 1)  0.014
 118 -   0.23073 0.23073 0.23073 0.23073 0.07688 0.00020 ( 1)  0.012
 119 -   0.22543 0.22543 0.22543 0.22543 0.09733 0.00096 ( 1)  0.016
 120 A   0.23786 0.23786 0.23786 0.23785 0.04856 0.00002 ( 1)  0.008
 121 T   0.23550 0.23550 0.23550 0.23550 0.05796 0.00004 ( 1)  0.009
 122 F   0.22906 0.22906 0.22906 0.22906 0.08343 0.00032 ( 1)  0.013
 123 V   0.23350 0.23350 0.23350 0.23349 0.06595 0.00007 ( 1)  0.010
 124 A   0.00000 0.00000 0.00000 0.00007 0.99348 0.00645 ( 5)  0.160
 125 D   0.23851 0.23851 0.23851 0.23850 0.04597 0.00001 ( 1)  0.007
 126 W   0.23427 0.23427 0.23427 0.23427 0.06286 0.00005 ( 1)  0.010
 127 R   0.23313 0.23313 0.23313 0.23312 0.06741 0.00009 ( 1)  0.010
 128 N   0.23471 0.23471 0.23471 0.23470 0.06113 0.00004 ( 1)  0.009
 129 S   0.23855 0.23855 0.23855 0.23854 0.04580 0.00001 ( 1)  0.007
 130 N   0.23471 0.23471 0.23471 0.23470 0.06113 0.00004 ( 1)  0.009
 131 R   0.23770 0.23770 0.23770 0.23769 0.04918 0.00002 ( 1)  0.008
 132 Y   0.23354 0.23354 0.23354 0.23353 0.06578 0.00007 ( 1)  0.010
 133 P   0.23826 0.23826 0.23826 0.23825 0.04697 0.00002 ( 1)  0.007
 134 A   0.23639 0.23639 0.23639 0.23638 0.05443 0.00003 ( 1)  0.008
 135 V   0.23703 0.23703 0.23703 0.23702 0.05188 0.00002 ( 1)  0.008
 136 I   0.23460 0.23460 0.23460 0.23459 0.06156 0.00004 ( 1)  0.010
 137 L   0.23699 0.23699 0.23699 0.23699 0.05202 0.00002 ( 1)  0.008
 138 F   0.23572 0.23572 0.23572 0.23571 0.05711 0.00003 ( 1)  0.009
 139 Y   0.23248 0.23248 0.23248 0.23248 0.06998 0.00010 ( 1)  0.011
 140 V   0.00000 0.00000 0.00000 0.00000 0.98559 0.01441 ( 5)  0.166
 141 N   0.23440 0.23440 0.23440 0.23439 0.06236 0.00005 ( 1)  0.010
 142 A   0.23779 0.23779 0.23779 0.23778 0.04884 0.00002 ( 1)  0.008
 143 C   0.23834 0.23834 0.23834 0.23834 0.04662 0.00001 ( 1)  0.007
 144 F   0.23572 0.23572 0.23572 0.23571 0.05711 0.00003 ( 1)  0.009
 145 F   0.23490 0.23490 0.23490 0.23490 0.06035 0.00004 ( 1)  0.009
 146 V   0.23415 0.23415 0.23415 0.23414 0.06336 0.00006 ( 1)  0.010
 147 G   0.23686 0.23686 0.23686 0.23686 0.05253 0.00002 ( 1)  0.008
 148 S   0.23845 0.23845 0.23845 0.23844 0.04620 0.00001 ( 1)  0.007
 149 I   0.23199 0.23199 0.23199 0.23199 0.07192 0.00012 ( 1)  0.011
 150 G   0.23566 0.23566 0.23566 0.23565 0.05732 0.00004 ( 1)  0.009
 151 W   0.23427 0.23427 0.23427 0.23427 0.06286 0.00005 ( 1)  0.010
 152 L   0.23155 0.23155 0.23155 0.23154 0.07365 0.00017 ( 1)  0.012
 153 Q   0.00000 0.00000 0.00000 0.00000 0.91917 0.08083 ( 5)  0.222
 154 R   0.00000 0.00000 0.00000 0.00007 0.99583 0.00410 ( 5)  0.158
 155 -   0.23377 0.23377 0.23377 0.23376 0.06488 0.00006 ( 1)  0.010
 156 -   0.23261 0.23261 0.23261 0.23260 0.06948 0.00009 ( 1)  0.011
 157 -   0.23546 0.23546 0.23546 0.23546 0.05813 0.00003 ( 1)  0.009
 158 -   0.23358 0.23358 0.23358 0.23357 0.06560 0.00009 ( 1)  0.010
 159 -   0.23556 0.23556 0.23556 0.23555 0.05773 0.00004 ( 1)  0.009
 160 -   0.23349 0.23349 0.23349 0.23348 0.06594 0.00011 ( 1)  0.010
 161 -   0.00000 0.00000 0.00000 0.00000 0.01557 0.98443 ( 6)  0.987
 162 -   0.23335 0.23335 0.23335 0.23335 0.06652 0.00008 ( 1)  0.010
 163 -   0.23243 0.23243 0.23243 0.23243 0.07017 0.00010 ( 1)  0.011
 164 -   0.23221 0.23221 0.23221 0.23221 0.07103 0.00012 ( 1)  0.011
 165 -   0.23655 0.23655 0.23655 0.23654 0.05379 0.00002 ( 1)  0.008
 166 -   0.23098 0.23098 0.23098 0.23097 0.07586 0.00025 ( 1)  0.012
 167 -   0.23349 0.23349 0.23349 0.23348 0.06597 0.00009 ( 1)  0.010
 168 -   0.23502 0.23502 0.23502 0.23501 0.05988 0.00004 ( 1)  0.009
 169 -   0.23496 0.23496 0.23496 0.23495 0.06013 0.00005 ( 1)  0.009
 170 -   0.23609 0.23609 0.23609 0.23608 0.05562 0.00003 ( 1)  0.009
 171 -   0.23261 0.23261 0.23261 0.23260 0.06948 0.00009 ( 1)  0.011
 172 -   0.23104 0.23104 0.23104 0.23103 0.07553 0.00032 ( 1)  0.012
 173 -   0.23111 0.23111 0.23111 0.23110 0.07539 0.00019 ( 1)  0.012
 174 -   0.23304 0.23304 0.23304 0.23304 0.06772 0.00011 ( 1)  0.011
 175 -   0.23229 0.23229 0.23229 0.23229 0.07071 0.00012 ( 1)  0.011
 176 -   0.23678 0.23678 0.23678 0.23678 0.05284 0.00003 ( 1)  0.008
 177 -   0.23606 0.23606 0.23606 0.23605 0.05575 0.00003 ( 1)  0.009
 178 -   0.23694 0.23694 0.23694 0.23693 0.05223 0.00002 ( 1)  0.008
 179 -   0.23241 0.23241 0.23241 0.23240 0.07027 0.00010 ( 1)  0.011
 180 -   0.23335 0.23335 0.23335 0.23335 0.06652 0.00008 ( 1)  0.010
 181 -   0.23282 0.23282 0.23282 0.23282 0.06862 0.00010 ( 1)  0.011
 182 -   0.23487 0.23487 0.23487 0.23486 0.06050 0.00005 ( 1)  0.009
 183 -   0.23674 0.23674 0.23674 0.23674 0.05301 0.00002 ( 1)  0.008
 184 -   0.23565 0.23565 0.23565 0.23564 0.05737 0.00003 ( 1)  0.009
 185 -   0.23141 0.23141 0.23141 0.23140 0.07423 0.00015 ( 1)  0.012
 186 -   0.22881 0.22881 0.22881 0.22880 0.08444 0.00034 ( 1)  0.013
 187 -   0.22876 0.22876 0.22876 0.22875 0.08464 0.00034 ( 1)  0.013
 188 -   0.22835 0.22835 0.22835 0.22835 0.08619 0.00039 ( 1)  0.014
 189 -   0.00000 0.00000 0.00000 0.00006 0.98646 0.01349 ( 5)  0.166
 190 -   0.22817 0.22817 0.22817 0.22816 0.08692 0.00041 ( 1)  0.014
 191 -   0.22732 0.22732 0.22732 0.22731 0.09017 0.00056 ( 1)  0.014
 192 -   0.22774 0.22774 0.22774 0.22773 0.08859 0.00047 ( 1)  0.014
 193 -   0.22774 0.22774 0.22774 0.22773 0.08859 0.00047 ( 1)  0.014
 194 -   0.22919 0.22919 0.22919 0.22918 0.08294 0.00032 ( 1)  0.013
 195 -   0.22827 0.22827 0.22827 0.22826 0.08650 0.00043 ( 1)  0.014
 196 -   0.22877 0.22877 0.22877 0.22877 0.08458 0.00034 ( 1)  0.013
 197 -   0.22944 0.22944 0.22944 0.22944 0.08193 0.00030 ( 1)  0.013
 198 -   0.22597 0.22597 0.22597 0.22597 0.09525 0.00086 ( 1)  0.016
 199 -   0.23141 0.23141 0.23141 0.23140 0.07423 0.00015 ( 1)  0.012
 200 -   0.22881 0.22881 0.22881 0.22880 0.08444 0.00034 ( 1)  0.013
 201 -   0.22847 0.22847 0.22847 0.22846 0.08575 0.00038 ( 1)  0.014
 202 -   0.22659 0.22659 0.22659 0.22659 0.09297 0.00067 ( 1)  0.015
 203 -   0.23131 0.23131 0.23131 0.23131 0.07461 0.00016 ( 1)  0.012
 204 -   0.22877 0.22877 0.22877 0.22877 0.08458 0.00034 ( 1)  0.013
 205 -   0.22989 0.22989 0.22989 0.22988 0.08020 0.00026 ( 1)  0.013
 206 -   0.23564 0.23564 0.23564 0.23563 0.05741 0.00003 ( 1)  0.009
 207 -   0.23076 0.23076 0.23076 0.23075 0.07680 0.00019 ( 1)  0.012
 208 -   0.23599 0.23599 0.23599 0.23598 0.05602 0.00004 ( 1)  0.009
 209 -   0.23230 0.23230 0.23230 0.23229 0.07070 0.00011 ( 1)  0.011
 210 -   0.23847 0.23847 0.23847 0.23846 0.04612 0.00001 ( 1)  0.007
 211 -   0.00000 0.00000 0.00000 0.00007 0.99457 0.00536 ( 5)  0.159
 212 -   0.23694 0.23694 0.23694 0.23693 0.05223 0.00002 ( 1)  0.008
 213 -   0.23377 0.23377 0.23377 0.23376 0.06488 0.00006 ( 1)  0.010
 214 -   0.22884 0.22884 0.22884 0.22884 0.08430 0.00035 ( 1)  0.013
 215 -   0.23377 0.23377 0.23377 0.23376 0.06484 0.00009 ( 1)  0.010
 216 -   0.23112 0.23112 0.23112 0.23111 0.07534 0.00019 ( 1)  0.012
 217 -   0.23496 0.23496 0.23496 0.23495 0.06013 0.00005 ( 1)  0.009
 218 -   0.23589 0.23589 0.23589 0.23588 0.05643 0.00003 ( 1)  0.009
 219 -   0.23609 0.23609 0.23609 0.23608 0.05562 0.00003 ( 1)  0.009
 220 -   0.23156 0.23156 0.23156 0.23155 0.07363 0.00014 ( 1)  0.011
 221 -   0.23374 0.23374 0.23374 0.23374 0.06497 0.00007 ( 1)  0.010
 222 -   0.23374 0.23374 0.23374 0.23373 0.06495 0.00010 ( 1)  0.010
 223 -   0.23112 0.23112 0.23112 0.23111 0.07534 0.00019 ( 1)  0.012
 224 -   0.00000 0.00000 0.00000 0.00000 0.58851 0.41149 ( 5)  0.502
 225 -   0.23496 0.23496 0.23496 0.23495 0.06013 0.00005 ( 1)  0.009
 226 -   0.22876 0.22876 0.22876 0.22876 0.08459 0.00036 ( 1)  0.013
 227 -   0.23609 0.23609 0.23609 0.23608 0.05562 0.00003 ( 1)  0.009
 228 -   0.23694 0.23694 0.23694 0.23693 0.05223 0.00002 ( 1)  0.008
 229 -   0.23156 0.23156 0.23156 0.23155 0.07363 0.00014 ( 1)  0.011
 230 -   0.23377 0.23377 0.23377 0.23376 0.06488 0.00006 ( 1)  0.010
 231 -   0.23847 0.23847 0.23847 0.23846 0.04612 0.00001 ( 1)  0.007
 232 -   0.23694 0.23694 0.23694 0.23693 0.05223 0.00002 ( 1)  0.008
 233 -   0.23263 0.23263 0.23263 0.23263 0.06939 0.00010 ( 1)  0.011
 234 -   0.23605 0.23605 0.23605 0.23604 0.05579 0.00003 ( 1)  0.009
 235 -   0.23230 0.23230 0.23230 0.23229 0.07070 0.00011 ( 1)  0.011
 236 -   0.23694 0.23694 0.23694 0.23693 0.05223 0.00002 ( 1)  0.008
 237 -   0.23263 0.23263 0.23263 0.23263 0.06939 0.00010 ( 1)  0.011
 238 -   0.23562 0.23562 0.23562 0.23561 0.05749 0.00005 ( 1)  0.009
 239 -   0.23304 0.23304 0.23304 0.23304 0.06775 0.00008 ( 1)  0.011
 240 -   0.23363 0.23363 0.23363 0.23362 0.06542 0.00007 ( 1)  0.010
 241 -   0.23694 0.23694 0.23694 0.23693 0.05223 0.00002 ( 1)  0.008
 242 -   0.23596 0.23596 0.23596 0.23595 0.05614 0.00003 ( 1)  0.009
 243 -   0.23208 0.23208 0.23208 0.23207 0.07156 0.00013 ( 1)  0.011
 244 -   0.23599 0.23599 0.23599 0.23598 0.05602 0.00004 ( 1)  0.009
 245 -   0.23237 0.23237 0.23237 0.23236 0.07042 0.00011 ( 1)  0.011
 246 -   0.23112 0.23112 0.23112 0.23111 0.07534 0.00019 ( 1)  0.012
 247 -   0.23224 0.23224 0.23224 0.23223 0.07087 0.00018 ( 1)  0.011
 248 -   0.23195 0.23195 0.23195 0.23195 0.07206 0.00013 ( 1)  0.011
 249 G   0.00000 0.00000 0.00000 0.00006 0.98964 0.01030 ( 5)  0.163
 250 Q   0.23569 0.23569 0.23569 0.23569 0.05721 0.00003 ( 1)  0.009
 251 V   0.23422 0.23422 0.23422 0.23422 0.06306 0.00006 ( 1)  0.010
 252 D   0.23256 0.23256 0.23256 0.23255 0.06965 0.00012 ( 1)  0.011
 253 G   0.22725 0.22725 0.22725 0.22725 0.09032 0.00067 ( 1)  0.015
 254 D   0.23751 0.23751 0.23751 0.23751 0.04994 0.00001 ( 1)  0.008
 255 S   0.23128 0.23128 0.23128 0.23128 0.07470 0.00018 ( 1)  0.012
 256 V   0.23604 0.23604 0.23604 0.23603 0.05582 0.00003 ( 1)  0.009
 257 S   0.23293 0.23293 0.23293 0.23292 0.06819 0.00009 ( 1)  0.011
 258 G   0.23471 0.23471 0.23471 0.23470 0.06110 0.00006 ( 1)  0.009
 259 I   0.23354 0.23354 0.23354 0.23354 0.06577 0.00007 ( 1)  0.010
 260 C   0.23741 0.23741 0.23741 0.23741 0.05034 0.00001 ( 1)  0.008
 261 F   0.23412 0.23412 0.23412 0.23411 0.06348 0.00005 ( 1)  0.010
 262 V   0.23296 0.23296 0.23296 0.23295 0.06807 0.00009 ( 1)  0.011
 263 G   0.23332 0.23332 0.23332 0.23332 0.06660 0.00011 ( 1)  0.010
 264 Y   0.23247 0.23247 0.23247 0.23247 0.07001 0.00010 ( 1)  0.011
 265 K   0.22988 0.22988 0.22988 0.22988 0.08023 0.00025 ( 1)  0.013
 266 N   0.23331 0.23331 0.23331 0.23331 0.06668 0.00007 ( 1)  0.010
 267 Y   0.23110 0.23110 0.23110 0.23109 0.07545 0.00017 ( 1)  0.012
 268 R   0.23652 0.23652 0.23652 0.23651 0.05390 0.00003 ( 1)  0.008
 269 Y   0.23247 0.23247 0.23247 0.23247 0.07001 0.00010 ( 1)  0.011
 270 R   0.22781 0.22781 0.22781 0.22780 0.08817 0.00061 ( 1)  0.014
 271 A   0.23648 0.23648 0.23648 0.23648 0.05405 0.00003 ( 1)  0.008
 272 G   0.23579 0.23579 0.23579 0.23578 0.05682 0.00004 ( 1)  0.009
 273 F   0.23269 0.23269 0.23269 0.23268 0.06915 0.00010 ( 1)  0.011
 274 V   0.23492 0.23492 0.23492 0.23491 0.06030 0.00004 ( 1)  0.009
 275 L   0.23203 0.23203 0.23203 0.23202 0.07175 0.00014 ( 1)  0.011
 276 A   0.23396 0.23396 0.23396 0.23396 0.06407 0.00009 ( 1)  0.010
 277 P   0.23762 0.23762 0.23762 0.23761 0.04951 0.00002 ( 1)  0.008
 278 I   0.23281 0.23281 0.23281 0.23280 0.06868 0.00009 ( 1)  0.011
 279 G   0.23278 0.23278 0.23278 0.23277 0.06876 0.00012 ( 1)  0.011
 280 L   0.23661 0.23661 0.23661 0.23660 0.05355 0.00002 ( 1)  0.008
 281 V   0.23508 0.23508 0.23508 0.23508 0.05964 0.00004 ( 1)  0.009
 282 L   0.23775 0.23775 0.23775 0.23775 0.04898 0.00001 ( 1)  0.008
 283 I   0.00000 0.00000 0.00000 0.00007 0.99305 0.00688 ( 5)  0.160
 284 V   0.23289 0.23289 0.23289 0.23288 0.06836 0.00010 ( 1)  0.011
 285 G   0.23263 0.23263 0.23263 0.23262 0.06937 0.00013 ( 1)  0.011
 286 G   0.23583 0.23583 0.23583 0.23582 0.05665 0.00004 ( 1)  0.009
 287 Y   0.22318 0.22318 0.22318 0.22318 0.10564 0.00165 ( 1)  0.018
 288 F   0.23467 0.23467 0.23467 0.23467 0.06128 0.00004 ( 1)  0.009
 289 L   0.23779 0.23779 0.23779 0.23779 0.04883 0.00001 ( 1)  0.008
 290 I   0.23347 0.23347 0.23347 0.23347 0.06604 0.00007 ( 1)  0.010
 291 R   0.00000 0.00000 0.00000 0.00000 0.60822 0.39178 ( 5)  0.486
 292 G   0.23227 0.23227 0.23227 0.23227 0.07077 0.00014 ( 1)  0.011
 293 -   0.23143 0.23143 0.23143 0.23143 0.07411 0.00017 ( 1)  0.012
 294 -   0.22918 0.22918 0.22918 0.22917 0.08299 0.00031 ( 1)  0.013
 295 -   0.22812 0.22812 0.22812 0.22811 0.08705 0.00049 ( 1)  0.014
 296 -   0.23345 0.23345 0.23345 0.23345 0.06612 0.00008 ( 1)  0.010
 297 -   0.23035 0.23035 0.23035 0.23034 0.07841 0.00021 ( 1)  0.012
 298 -   0.23361 0.23361 0.23361 0.23360 0.06549 0.00008 ( 1)  0.010
 299 -   0.22920 0.22920 0.22920 0.22919 0.08290 0.00031 ( 1)  0.013
 300 -   0.22448 0.22448 0.22448 0.22447 0.10090 0.00120 ( 1)  0.017
 301 -   0.23330 0.23330 0.23330 0.23330 0.06670 0.00008 ( 1)  0.010
 302 R   0.00000 0.00000 0.00000 0.00000 0.92491 0.07509 ( 5)  0.218
 303 C   0.00000 0.00000 0.00000 0.00000 0.98712 0.01288 ( 5)  0.165
 304 G   0.00000 0.00000 0.00000 0.00000 0.94079 0.05921 ( 5)  0.204
 305 G   0.23293 0.23293 0.23293 0.23292 0.06818 0.00011 ( 1)  0.011
 306 L   0.23203 0.23203 0.23203 0.23202 0.07175 0.00014 ( 1)  0.011
 307 L   0.23203 0.23203 0.23203 0.23202 0.07175 0.00014 ( 1)  0.011
 308 S   0.23745 0.23745 0.23745 0.23745 0.05018 0.00001 ( 1)  0.008
 309 E   0.23426 0.23426 0.23426 0.23425 0.06292 0.00005 ( 1)  0.010
 310 K   0.22988 0.22988 0.22988 0.22988 0.08023 0.00025 ( 1)  0.013
 311 A   0.23363 0.23363 0.23363 0.23362 0.06539 0.00010 ( 1)  0.010
 312 A   0.23684 0.23684 0.23684 0.23684 0.05261 0.00003 ( 1)  0.008
 313 S   0.23751 0.23751 0.23751 0.23751 0.04994 0.00001 ( 1)  0.008
 314 K   0.22988 0.22988 0.22988 0.22988 0.08023 0.00025 ( 1)  0.013
 315 I   0.23354 0.23354 0.23354 0.23354 0.06577 0.00007 ( 1)  0.010
 316 N   0.23354 0.23354 0.23354 0.23353 0.06580 0.00007 ( 1)  0.010
 317 E   0.23421 0.23421 0.23421 0.23420 0.06312 0.00006 ( 1)  0.010
 318 T   0.23696 0.23696 0.23696 0.23695 0.05216 0.00002 ( 1)  0.008
 319 M   0.23352 0.23352 0.23352 0.23352 0.06585 0.00007 ( 1)  0.010
 320 L   0.23203 0.23203 0.23203 0.23202 0.07175 0.00014 ( 1)  0.011
 321 R   0.23400 0.23400 0.23400 0.23400 0.06390 0.00009 ( 1)  0.010
 322 L   0.23193 0.23193 0.23193 0.23192 0.07214 0.00015 ( 1)  0.011
 323 G   0.23628 0.23628 0.23628 0.23628 0.05484 0.00003 ( 1)  0.008
 324 A   0.00000 0.00000 0.00000 0.00000 0.94396 0.05604 ( 5)  0.202
 325 -   0.22877 0.22877 0.22877 0.22877 0.08454 0.00037 ( 1)  0.013
 326 -   0.23460 0.23460 0.23460 0.23459 0.06154 0.00006 ( 1)  0.010
 327 -   0.23377 0.23377 0.23377 0.23376 0.06488 0.00006 ( 1)  0.010
 328 -   0.22335 0.22335 0.22335 0.22334 0.10490 0.00172 ( 1)  0.018
 329 -   0.23587 0.23587 0.23587 0.23587 0.05647 0.00004 ( 1)  0.009
 330 -   0.22671 0.22671 0.22671 0.22670 0.09252 0.00066 ( 1)  0.015
 331 -   0.23487 0.23487 0.23487 0.23486 0.06048 0.00006 ( 1)  0.009
 332 -   0.23073 0.23073 0.23073 0.23073 0.07688 0.00018 ( 1)  0.012
 333 -   0.23516 0.23516 0.23516 0.23515 0.05934 0.00004 ( 1)  0.009
 334 -   0.23377 0.23377 0.23377 0.23376 0.06488 0.00006 ( 1)  0.010
 335 -   0.23263 0.23263 0.23263 0.23263 0.06939 0.00010 ( 1)  0.011
 336 -   0.22986 0.22986 0.22986 0.22986 0.08024 0.00030 ( 1)  0.013
 337 -   0.22281 0.22281 0.22281 0.22281 0.10702 0.00175 ( 1)  0.018
 338 -   0.23386 0.23386 0.23386 0.23385 0.06449 0.00008 ( 1)  0.010
 339 -   0.23655 0.23655 0.23655 0.23654 0.05379 0.00002 ( 1)  0.008
 340 -   0.23847 0.23847 0.23847 0.23846 0.04612 0.00001 ( 1)  0.007
 341 -   0.23362 0.23362 0.23362 0.23361 0.06548 0.00006 ( 1)  0.010
 342 -   0.22715 0.22715 0.22715 0.22714 0.09085 0.00057 ( 1)  0.015
 343 -   0.23646 0.23646 0.23646 0.23646 0.05413 0.00002 ( 1)  0.008
 344 -   0.23377 0.23377 0.23377 0.23376 0.06488 0.00006 ( 1)  0.010
 345 -   0.23365 0.23365 0.23365 0.23364 0.06536 0.00006 ( 1)  0.010
 346 -   0.23274 0.23274 0.23274 0.23273 0.06896 0.00009 ( 1)  0.011
 347 -   0.23374 0.23374 0.23374 0.23374 0.06497 0.00007 ( 1)  0.010
 348 -   0.23244 0.23244 0.23244 0.23243 0.07010 0.00015 ( 1)  0.011
 349 -   0.23335 0.23335 0.23335 0.23335 0.06652 0.00008 ( 1)  0.010
 350 -   0.23230 0.23230 0.23230 0.23229 0.07070 0.00011 ( 1)  0.011
 351 -   0.23282 0.23282 0.23282 0.23281 0.06865 0.00010 ( 1)  0.011
 352 -   0.23444 0.23444 0.23444 0.23444 0.06216 0.00008 ( 1)  0.010
 353 -   0.23665 0.23665 0.23665 0.23664 0.05338 0.00002 ( 1)  0.008
 354 -   0.22985 0.22985 0.22985 0.22985 0.08032 0.00027 ( 1)  0.013
 355 -   0.23134 0.23134 0.23134 0.23134 0.07443 0.00022 ( 1)  0.012
 356 -   0.00000 0.00000 0.00000 0.00004 0.94684 0.05312 ( 5)  0.199
 357 -   0.22958 0.22958 0.22958 0.22958 0.08140 0.00028 ( 1)  0.013
 358 -   0.23503 0.23503 0.23503 0.23502 0.05984 0.00004 ( 1)  0.009
 359 -   0.23112 0.23112 0.23112 0.23111 0.07534 0.00019 ( 1)  0.012
 360 -   0.23245 0.23245 0.23245 0.23245 0.07008 0.00011 ( 1)  0.011
 361 -   0.23335 0.23335 0.23335 0.23335 0.06652 0.00008 ( 1)  0.010
 362 -   0.23588 0.23588 0.23588 0.23588 0.05644 0.00004 ( 1)  0.009
 363 -   0.23274 0.23274 0.23274 0.23273 0.06896 0.00009 ( 1)  0.011
 364 -   0.23226 0.23226 0.23226 0.23226 0.07083 0.00012 ( 1)  0.011
 365 -   0.23609 0.23609 0.23609 0.23608 0.05562 0.00003 ( 1)  0.009
 366 -   0.23201 0.23201 0.23201 0.23200 0.07185 0.00012 ( 1)  0.011
 367 -   0.23591 0.23591 0.23591 0.23591 0.05632 0.00004 ( 1)  0.009
 368 -   0.23280 0.23280 0.23280 0.23279 0.06872 0.00010 ( 1)  0.011
 369 -   0.23374 0.23374 0.23374 0.23374 0.06497 0.00007 ( 1)  0.010
 370 -   0.23609 0.23609 0.23609 0.23608 0.05562 0.00003 ( 1)  0.009
 371 -   0.23267 0.23267 0.23267 0.23266 0.06924 0.00009 ( 1)  0.011
 372 -   0.22808 0.22808 0.22808 0.22808 0.08723 0.00044 ( 1)  0.014
 373 -   0.23678 0.23678 0.23678 0.23678 0.05284 0.00003 ( 1)  0.008
 374 -   0.23263 0.23263 0.23263 0.23263 0.06939 0.00010 ( 1)  0.011
 375 -   0.23323 0.23323 0.23323 0.23323 0.06696 0.00012 ( 1)  0.010
 376 -   0.00000 0.00000 0.00000 0.00000 0.14105 0.85895 ( 6)  0.881
 377 -   0.23252 0.23252 0.23252 0.23251 0.06982 0.00012 ( 1)  0.011
 378 -   0.00000 0.00000 0.00000 0.00006 0.99156 0.00838 ( 5)  0.161
 379 -   0.23256 0.23256 0.23256 0.23255 0.06968 0.00010 ( 1)  0.011
 380 -   0.22888 0.22888 0.22888 0.22887 0.08415 0.00034 ( 1)  0.013
 381 -   0.23274 0.23274 0.23274 0.23273 0.06896 0.00009 ( 1)  0.011
 382 -   0.23093 0.23093 0.23093 0.23093 0.07604 0.00025 ( 1)  0.012
 383 -   0.23420 0.23420 0.23420 0.23419 0.06314 0.00008 ( 1)  0.010
 384 -   0.23585 0.23585 0.23585 0.23584 0.05658 0.00003 ( 1)  0.009
 385 -   0.23248 0.23248 0.23248 0.23248 0.06994 0.00013 ( 1)  0.011
 386 -   0.23090 0.23090 0.23090 0.23089 0.07621 0.00021 ( 1)  0.012
 387 -   0.23217 0.23217 0.23217 0.23217 0.07119 0.00012 ( 1)  0.011
 388 -   0.23335 0.23335 0.23335 0.23335 0.06652 0.00008 ( 1)  0.010
 389 -   0.22896 0.22896 0.22896 0.22896 0.08382 0.00033 ( 1)  0.013
 390 -   0.23263 0.23263 0.23263 0.23263 0.06939 0.00010 ( 1)  0.011
 391 -   0.23264 0.23264 0.23264 0.23263 0.06935 0.00009 ( 1)  0.011
 392 -   0.23690 0.23690 0.23690 0.23689 0.05240 0.00002 ( 1)  0.008
 393 -   0.23228 0.23228 0.23228 0.23228 0.07077 0.00011 ( 1)  0.011
 394 -   0.23599 0.23599 0.23599 0.23598 0.05602 0.00004 ( 1)  0.009
 395 -   0.23261 0.23261 0.23261 0.23260 0.06948 0.00009 ( 1)  0.011
 396 -   0.23255 0.23255 0.23255 0.23254 0.06971 0.00010 ( 1)  0.011
 397 -   0.23496 0.23496 0.23496 0.23495 0.06013 0.00005 ( 1)  0.009
 398 -   0.23482 0.23482 0.23482 0.23482 0.06066 0.00005 ( 1)  0.009
 399 -   0.23458 0.23458 0.23458 0.23457 0.06164 0.00006 ( 1)  0.010
 400 -   0.00000 0.00000 0.00000 0.00000 0.80930 0.19070 ( 5)  0.315
 401 -   0.23694 0.23694 0.23694 0.23693 0.05223 0.00002 ( 1)  0.008
 402 -   0.23261 0.23261 0.23261 0.23260 0.06948 0.00009 ( 1)  0.011
 403 -   0.23665 0.23665 0.23665 0.23664 0.05338 0.00002 ( 1)  0.008
 404 -   0.23568 0.23568 0.23568 0.23567 0.05727 0.00003 ( 1)  0.009
 405 -   0.23230 0.23230 0.23230 0.23229 0.07070 0.00011 ( 1)  0.011
 406 -   0.23480 0.23480 0.23480 0.23480 0.06075 0.00005 ( 1)  0.009
 407 -   0.23230 0.23230 0.23230 0.23229 0.07070 0.00011 ( 1)  0.011
 408 -   0.23605 0.23605 0.23605 0.23604 0.05579 0.00003 ( 1)  0.009
 409 -   0.22896 0.22896 0.22896 0.22896 0.08382 0.00033 ( 1)  0.013
 410 -   0.23599 0.23599 0.23599 0.23598 0.05602 0.00004 ( 1)  0.009
 411 -   0.23510 0.23510 0.23510 0.23509 0.05957 0.00004 ( 1)  0.009
 412 -   0.23132 0.23132 0.23132 0.23132 0.07454 0.00018 ( 1)  0.012
 413 -   0.23694 0.23694 0.23694 0.23693 0.05223 0.00002 ( 1)  0.008
 414 -   0.23256 0.23256 0.23256 0.23256 0.06966 0.00010 ( 1)  0.011
 415 -   0.23230 0.23230 0.23230 0.23229 0.07070 0.00011 ( 1)  0.011
 416 -   0.00000 0.00000 0.00000 0.00005 0.97076 0.02920 ( 5)  0.179
 417 -   0.23581 0.23581 0.23581 0.23580 0.05672 0.00004 ( 1)  0.009
 418 -   0.23466 0.23466 0.23466 0.23466 0.06130 0.00005 ( 1)  0.010
 419 -   0.23230 0.23230 0.23230 0.23229 0.07070 0.00011 ( 1)  0.011
 420 -   0.23655 0.23655 0.23655 0.23654 0.05379 0.00002 ( 1)  0.008
 421 -   0.23114 0.23114 0.23114 0.23114 0.07525 0.00018 ( 1)  0.012
 422 -   0.23003 0.23003 0.23003 0.23003 0.07960 0.00027 ( 1)  0.013
 423 -   0.23046 0.23046 0.23046 0.23045 0.07794 0.00024 ( 1)  0.012
 424 -   0.23044 0.23044 0.23044 0.23044 0.07797 0.00027 ( 1)  0.012
 425 -   0.23256 0.23256 0.23256 0.23256 0.06966 0.00011 ( 1)  0.011
 426 -   0.23372 0.23372 0.23372 0.23371 0.06507 0.00007 ( 1)  0.010
 427 -   0.23193 0.23193 0.23193 0.23192 0.07217 0.00013 ( 1)  0.011
 428 -   0.00000 0.00000 0.00000 0.00007 0.99601 0.00392 ( 5)  0.157
 429 -   0.23223 0.23223 0.23223 0.23222 0.07096 0.00012 ( 1)  0.011
 430 -   0.23546 0.23546 0.23546 0.23546 0.05810 0.00005 ( 1)  0.009
 431 -   0.22777 0.22777 0.22777 0.22777 0.08842 0.00048 ( 1)  0.014
 432 -   0.22995 0.22995 0.22995 0.22994 0.07994 0.00027 ( 1)  0.013
 433 -   0.23023 0.23023 0.23023 0.23023 0.07885 0.00023 ( 1)  0.012
 434 -   0.22777 0.22777 0.22777 0.22777 0.08842 0.00048 ( 1)  0.014
 435 -   0.22777 0.22777 0.22777 0.22777 0.08842 0.00048 ( 1)  0.014
 436 -   0.23550 0.23550 0.23550 0.23550 0.05795 0.00003 ( 1)  0.009
 437 -   0.22777 0.22777 0.22777 0.22777 0.08842 0.00048 ( 1)  0.014
 438 -   0.23142 0.23142 0.23142 0.23142 0.07418 0.00015 ( 1)  0.012
 439 -   0.23025 0.23025 0.23025 0.23024 0.07879 0.00023 ( 1)  0.012
 440 -   0.23413 0.23413 0.23413 0.23413 0.06339 0.00008 ( 1)  0.010
 441 -   0.22666 0.22666 0.22666 0.22665 0.09269 0.00068 ( 1)  0.015
 442 -   0.23448 0.23448 0.23448 0.23447 0.06202 0.00007 ( 1)  0.010
 443 -   0.23252 0.23252 0.23252 0.23251 0.06985 0.00010 ( 1)  0.011
 444 -   0.23580 0.23580 0.23580 0.23579 0.05678 0.00003 ( 1)  0.009
 445 -   0.22777 0.22777 0.22777 0.22777 0.08842 0.00048 ( 1)  0.014
 446 -   0.23452 0.23452 0.23452 0.23451 0.06187 0.00007 ( 1)  0.010
 447 -   0.22777 0.22777 0.22777 0.22777 0.08842 0.00048 ( 1)  0.014
 448 -   0.23217 0.23217 0.23217 0.23216 0.07121 0.00012 ( 1)  0.011
 449 -   0.22988 0.22988 0.22988 0.22987 0.08022 0.00029 ( 1)  0.013
 450 -   0.22984 0.22984 0.22984 0.22984 0.08035 0.00029 ( 1)  0.013
 451 -   0.23343 0.23343 0.23343 0.23343 0.06617 0.00011 ( 1)  0.010
 452 -   0.23550 0.23550 0.23550 0.23550 0.05796 0.00003 ( 1)  0.009
 453 -   0.23257 0.23257 0.23257 0.23257 0.06956 0.00015 ( 1)  0.011
 454 -   0.00000 0.00000 0.00000 0.00007 0.99071 0.00922 ( 5)  0.162
 455 -   0.00000 0.00000 0.00000 0.00000 0.02829 0.97171 ( 6)  0.976
 456 -   0.23217 0.23217 0.23217 0.23216 0.07121 0.00012 ( 1)  0.011
 457 -   0.22936 0.22936 0.22936 0.22936 0.08220 0.00036 ( 1)  0.013
 458 -   0.23580 0.23580 0.23580 0.23579 0.05678 0.00003 ( 1)  0.009
 459 -   0.23259 0.23259 0.23259 0.23258 0.06956 0.00010 ( 1)  0.011
 460 -   0.23441 0.23441 0.23441 0.23440 0.06232 0.00005 ( 1)  0.010
 461 -   0.00000 0.00000 0.00000 0.00000 0.92036 0.07964 ( 5)  0.221
 462 -   0.00000 0.00000 0.00000 0.00009 0.99787 0.00205 ( 5)  0.156
 463 -   0.23468 0.23468 0.23468 0.23468 0.06122 0.00005 ( 1)  0.009
 464 -   0.23243 0.23243 0.23243 0.23242 0.07019 0.00012 ( 1)  0.011
 465 -   0.23261 0.23261 0.23261 0.23261 0.06943 0.00012 ( 1)  0.011
 466 -   0.23725 0.23725 0.23725 0.23724 0.05101 0.00002 ( 1)  0.008
 467 -   0.23463 0.23463 0.23463 0.23462 0.06145 0.00005 ( 1)  0.010
 468 -   0.23322 0.23322 0.23322 0.23322 0.06700 0.00011 ( 1)  0.010
 469 -   0.23494 0.23494 0.23494 0.23493 0.06018 0.00007 ( 1)  0.009
 470 -   0.23098 0.23098 0.23098 0.23098 0.07589 0.00019 ( 1)  0.012
 471 -   0.23367 0.23367 0.23367 0.23367 0.06521 0.00010 ( 1)  0.010
 472 -   0.22529 0.22529 0.22529 0.22528 0.09776 0.00109 ( 1)  0.016
 473 -   0.22076 0.22076 0.22076 0.22076 0.11401 0.00296 ( 1)  0.021
 474 -   0.00000 0.00000 0.00000 0.00006 0.98522 0.01472 ( 5)  0.167
 475 -   0.22849 0.22849 0.22849 0.22849 0.08563 0.00040 ( 1)  0.014
 476 -   0.00000 0.00000 0.00000 0.00007 0.99408 0.00585 ( 5)  0.159
 477 -   0.00000 0.00000 0.00000 0.00006 0.98702 0.01292 ( 5)  0.165
 478 -   0.22808 0.22808 0.22808 0.22808 0.08724 0.00044 ( 1)  0.014
 479 -   0.23199 0.23199 0.23199 0.23199 0.07189 0.00013 ( 1)  0.011
 480 -   0.23067 0.23067 0.23067 0.23066 0.07707 0.00026 ( 1)  0.012
 481 -   0.23040 0.23040 0.23040 0.23040 0.07814 0.00025 ( 1)  0.012
 482 -   0.23325 0.23325 0.23325 0.23325 0.06688 0.00011 ( 1)  0.010
 483 -   0.23152 0.23152 0.23152 0.23151 0.07378 0.00017 ( 1)  0.012
 484 -   0.00000 0.00000 0.00000 0.00006 0.98355 0.01640 ( 5)  0.168
 485 -   0.23564 0.23564 0.23564 0.23564 0.05740 0.00003 ( 1)  0.009
 486 -   0.23177 0.23177 0.23177 0.23176 0.07277 0.00015 ( 1)  0.011
 487 -   0.23204 0.23204 0.23204 0.23204 0.07167 0.00017 ( 1)  0.011
 488 -   0.23111 0.23111 0.23111 0.23111 0.07539 0.00017 ( 1)  0.012
 489 -   0.23280 0.23280 0.23280 0.23279 0.06868 0.00014 ( 1)  0.011
 490 -   0.00000 0.00000 0.00000 0.00006 0.98920 0.01074 ( 5)  0.163
 491 -   0.23675 0.23675 0.23675 0.23675 0.05297 0.00002 ( 1)  0.008
 492 -   0.23399 0.23399 0.23399 0.23398 0.06400 0.00007 ( 1)  0.010
 493 -   0.23493 0.23493 0.23493 0.23493 0.06023 0.00005 ( 1)  0.009
 494 -   0.00000 0.00000 0.00000 0.00000 0.81693 0.18307 ( 5)  0.309
 495 -   0.23142 0.23142 0.23142 0.23142 0.07418 0.00015 ( 1)  0.012
 496 -   0.23078 0.23078 0.23078 0.23078 0.07668 0.00020 ( 1)  0.012
 497 -   0.23482 0.23482 0.23482 0.23482 0.06064 0.00006 ( 1)  0.009
 498 -   0.23028 0.23028 0.23028 0.23028 0.07849 0.00040 ( 1)  0.012
 499 -   0.22101 0.22101 0.22101 0.22101 0.11300 0.00296 ( 1)  0.020
 500 -   0.22963 0.22963 0.22963 0.22962 0.08115 0.00034 ( 1)  0.013
 501 -   0.23093 0.23093 0.23093 0.23092 0.07602 0.00027 ( 1)  0.012
 502 -   0.23132 0.23132 0.23132 0.23132 0.07455 0.00016 ( 1)  0.012
 503 -   0.22985 0.22985 0.22985 0.22985 0.08032 0.00029 ( 1)  0.013
 504 -   0.23563 0.23563 0.23563 0.23563 0.05742 0.00005 ( 1)  0.009
 505 -   0.23256 0.23256 0.23256 0.23256 0.06966 0.00011 ( 1)  0.011
 506 -   0.23543 0.23543 0.23543 0.23543 0.05824 0.00003 ( 1)  0.009
 507 -   0.00000 0.00000 0.00000 0.00000 0.15308 0.84692 ( 6)  0.871
 508 -   0.23451 0.23451 0.23451 0.23451 0.06189 0.00006 ( 1)  0.010
 509 -   0.23116 0.23116 0.23116 0.23115 0.07519 0.00018 ( 1)  0.012
 510 -   0.22426 0.22426 0.22426 0.22425 0.10165 0.00132 ( 1)  0.017
 511 -   0.23420 0.23420 0.23420 0.23420 0.06311 0.00008 ( 1)  0.010
 512 -   0.23098 0.23098 0.23098 0.23098 0.07589 0.00019 ( 1)  0.012
 513 -   0.23093 0.23093 0.23093 0.23093 0.07604 0.00025 ( 1)  0.012
 514 -   0.22452 0.22452 0.22452 0.22452 0.10068 0.00124 ( 1)  0.017
 515 -   0.22443 0.22443 0.22443 0.22443 0.10083 0.00144 ( 1)  0.017
 516 -   0.00000 0.00000 0.00000 0.00000 0.59448 0.40552 ( 5)  0.497
 517 -   0.22157 0.22157 0.22157 0.22157 0.11119 0.00252 ( 1)  0.020
 518 -   0.22612 0.22612 0.22612 0.22611 0.09464 0.00090 ( 1)  0.015
 519 -   0.22810 0.22810 0.22810 0.22809 0.08718 0.00043 ( 1)  0.014
 520 -   0.22791 0.22791 0.22791 0.22790 0.08792 0.00046 ( 1)  0.014
 521 -   0.22570 0.22570 0.22570 0.22570 0.09620 0.00099 ( 1)  0.016
 522 -   0.00000 0.00000 0.00000 0.00000 0.00525 0.99475 ( 6)  0.996
 523 -   0.00000 0.00000 0.00000 0.00000 0.00904 0.99096 ( 6)  0.992
 524 -   0.00000 0.00000 0.00000 0.00000 0.41974 0.58026 ( 6)  0.645
 525 -   0.23111 0.23111 0.23111 0.23111 0.07539 0.00017 ( 1)  0.012
 526 -   0.00000 0.00000 0.00000 0.00000 0.00041 0.99959 ( 6)  1.000
 527 -   0.00000 0.00000 0.00000 0.00000 0.02510 0.97490 ( 6)  0.979
 528 -   0.00000 0.00000 0.00000 0.00000 0.52996 0.47004 ( 5)  0.552
 529 -   0.00000 0.00000 0.00000 0.00000 0.64711 0.35289 ( 5)  0.453
 530 -   0.00000 0.00000 0.00000 0.00000 0.95415 0.04585 ( 5)  0.193
 531 -   0.00000 0.00000 0.00000 0.00000 0.57706 0.42294 ( 5)  0.512
 532 -   0.00000 0.00000 0.00000 0.00000 0.18459 0.81541 ( 6)  0.844
 533 -   0.00000 0.00000 0.00000 0.00000 0.60248 0.39752 ( 5)  0.490
 534 -   0.00000 0.00000 0.00000 0.00000 0.88887 0.11113 ( 5)  0.248
 535 -   0.00000 0.00000 0.00000 0.00000 0.29459 0.70541 ( 6)  0.751
 536 -   0.00000 0.00000 0.00000 0.00000 0.09604 0.90396 ( 6)  0.919
 537 -   0.00000 0.00000 0.00000 0.00000 0.31552 0.68448 ( 6)  0.733
 538 -   0.00000 0.00000 0.00000 0.00000 0.93395 0.06605 ( 5)  0.210
 539 -   0.00000 0.00000 0.00000 0.00000 0.00114 0.99886 ( 6)  0.999
 540 -   0.00000 0.00000 0.00000 0.00000 0.01361 0.98639 ( 6)  0.988
 541 -   0.00000 0.00000 0.00000 0.00000 0.50667 0.49333 ( 5)  0.571
 542 -   0.00000 0.00000 0.00000 0.00000 0.00020 0.99980 ( 6)  1.000
 543 -   0.00000 0.00000 0.00000 0.00000 0.65964 0.34036 ( 5)  0.442
 544 -   0.00000 0.00000 0.00000 0.00000 0.14473 0.85527 ( 6)  0.878
 545 -   0.22579 0.22579 0.22579 0.22579 0.09539 0.00144 ( 1)  0.016
 546 -   0.00000 0.00000 0.00000 0.00004 0.93642 0.06354 ( 5)  0.208
 547 -   0.00000 0.00000 0.00000 0.00004 0.92553 0.07443 ( 5)  0.217
 548 -   0.00000 0.00000 0.00000 0.00004 0.93291 0.06705 ( 5)  0.211
 549 -   0.00000 0.00000 0.00000 0.00004 0.93628 0.06368 ( 5)  0.208
 550 -   0.17075 0.17075 0.17075 0.17075 0.17075 0.14625 ( 1)  0.173
 551 -   0.22254 0.22254 0.22254 0.22253 0.10797 0.00189 ( 1)  0.019
 552 -   0.00000 0.00000 0.00000 0.00000 0.00002 0.99998 ( 6)  1.000
 553 -   0.22250 0.22250 0.22250 0.22249 0.10796 0.00206 ( 1)  0.019
 554 -   0.00000 0.00000 0.00000 0.00000 0.00061 0.99939 ( 6)  0.999
 555 -   0.00000 0.00000 0.00000 0.00000 0.04314 0.95686 ( 6)  0.964
 556 -   0.00000 0.00000 0.00000 0.00000 0.00095 0.99905 ( 6)  0.999
 557 -   0.00000 0.00000 0.00000 0.00000 0.00766 0.99234 ( 6)  0.994
 558 -   0.00000 0.00000 0.00000 0.00000 0.41881 0.58119 ( 6)  0.646
 559 -   0.00000 0.00000 0.00000 0.00000 0.06713 0.93287 ( 6)  0.943
 560 -   0.00000 0.00000 0.00000 0.00000 0.22953 0.77047 ( 6)  0.806
 561 -   0.00000 0.00000 0.00000 0.00000 0.00092 0.99908 ( 6)  0.999
 562 -   0.00000 0.00000 0.00000 0.00000 0.00266 0.99734 ( 6)  0.998
 563 -   0.00000 0.00000 0.00000 0.00000 0.00016 0.99984 ( 6)  1.000
 564 -   0.00000 0.00000 0.00000 0.00000 0.00001 0.99999 ( 6)  1.000
 565 -   0.00000 0.00000 0.00000 0.00005 0.96109 0.03886 ( 5)  0.187
 566 -   0.00000 0.00000 0.00000 0.00000 0.00000 1.00000 ( 6)  1.000
 567 -   0.00000 0.00000 0.00000 0.00000 0.00922 0.99078 ( 6)  0.992
 568 -   0.00000 0.00000 0.00000 0.00005 0.97361 0.02634 ( 5)  0.176
 569 -   0.00000 0.00000 0.00000 0.00000 0.00000 1.00000 ( 6)  1.000
 570 -   0.00000 0.00000 0.00000 0.00000 0.00001 0.99999 ( 6)  1.000
 571 -   0.00000 0.00000 0.00000 0.00000 0.01536 0.98464 ( 6)  0.987
 572 -   0.00000 0.00000 0.00000 0.00000 0.60978 0.39022 ( 5)  0.484
 573 -   0.00000 0.00000 0.00000 0.00000 0.02154 0.97846 ( 6)  0.982
 574 -   0.00000 0.00000 0.00000 0.00000 0.00109 0.99891 ( 6)  0.999
 575 -   0.23407 0.23407 0.23407 0.23407 0.06362 0.00010 ( 1)  0.010
 576 -   0.00000 0.00000 0.00000 0.00000 0.08912 0.91088 ( 6)  0.925
 577 -   0.00000 0.00000 0.00000 0.00000 0.03975 0.96025 ( 6)  0.966
 578 -   0.23227 0.23227 0.23227 0.23227 0.07072 0.00019 ( 1)  0.011
 579 -   0.00000 0.00000 0.00000 0.00000 0.52140 0.47860 ( 5)  0.559
 580 -   0.00000 0.00000 0.00000 0.00000 0.00909 0.99091 ( 6)  0.992
 581 -   0.00000 0.00000 0.00000 0.00000 0.57583 0.42417 ( 5)  0.513
 582 -   0.00000 0.00000 0.00000 0.00000 0.02531 0.97469 ( 6)  0.979
 583 -   0.00000 0.00000 0.00000 0.00002 0.77938 0.22060 ( 5)  0.341
 584 -   0.00000 0.00000 0.00000 0.00005 0.97666 0.02329 ( 5)  0.174
 585 -   0.00000 0.00000 0.00000 0.00000 0.00001 0.99999 ( 6)  1.000
 586 -   0.17075 0.17075 0.17075 0.17075 0.17075 0.14625 ( 1)  0.173
 587 -   0.00000 0.00000 0.00000 0.00000 0.00007 0.99993 ( 6)  1.000
 588 -   0.00000 0.00000 0.00000 0.00000 0.00019 0.99981 ( 6)  1.000
 589 -   0.00000 0.00000 0.00000 0.00000 0.00018 0.99982 ( 6)  1.000
 590 -   0.00000 0.00000 0.00000 0.00000 0.22465 0.77535 ( 6)  0.810
 591 -   0.00000 0.00000 0.00000 0.00000 0.00000 1.00000 ( 6)  1.000
 592 -   0.00000 0.00000 0.00000 0.00000 0.00003 0.99997 ( 6)  1.000
 593 -   0.00000 0.00000 0.00000 0.00000 0.00001 0.99999 ( 6)  1.000
 594 -   0.00000 0.00000 0.00000 0.00000 0.00020 0.99980 ( 6)  1.000
 595 -   0.00000 0.00000 0.00000 0.00000 0.00372 0.99628 ( 6)  0.997
 596 -   0.00000 0.00000 0.00000 0.00000 0.00017 0.99983 ( 6)  1.000
 597 -   0.00000 0.00000 0.00000 0.00000 0.00063 0.99937 ( 6)  0.999
 598 -   0.00000 0.00000 0.00000 0.00000 0.02079 0.97921 ( 6)  0.982
 599 -   0.00000 0.00000 0.00000 0.00000 0.00147 0.99853 ( 6)  0.999
 600 -   0.00000 0.00000 0.00000 0.00000 0.89745 0.10255 ( 5)  0.241
 601 -   0.00000 0.00000 0.00000 0.00000 0.00000 1.00000 ( 6)  1.000
 602 -   0.00000 0.00000 0.00000 0.00000 0.00044 0.99956 ( 6)  1.000
 603 -   0.00000 0.00000 0.00000 0.00000 0.00299 0.99701 ( 6)  0.997
 604 -   0.00000 0.00000 0.00000 0.00000 0.02984 0.97016 ( 6)  0.975
 605 -   0.00000 0.00000 0.00000 0.00000 0.00536 0.99464 ( 6)  0.995
 606 -   0.00000 0.00000 0.00000 0.00000 0.00009 0.99991 ( 6)  1.000
 607 -   0.00000 0.00000 0.00000 0.00000 0.00008 0.99992 ( 6)  1.000
 608 -   0.00000 0.00000 0.00000 0.00000 0.00036 0.99964 ( 6)  1.000
 609 -   0.00000 0.00000 0.00000 0.00007 0.99012 0.00981 ( 5)  0.162
 610 -   0.00000 0.00000 0.00000 0.00000 0.03149 0.96851 ( 6)  0.973
 611 -   0.00000 0.00000 0.00000 0.00000 0.00420 0.99580 ( 6)  0.996
 612 -   0.23163 0.23163 0.23163 0.23163 0.07326 0.00021 ( 1)  0.012
 613 -   0.00000 0.00000 0.00000 0.00000 0.00266 0.99734 ( 6)  0.998
 614 -   0.00000 0.00000 0.00000 0.00000 0.00003 0.99997 ( 6)  1.000
 615 -   0.00000 0.00000 0.00000 0.00000 0.00000 1.00000 ( 6)  1.000
 616 -   0.00000 0.00000 0.00000 0.00005 0.97599 0.02396 ( 5)  0.174
 617 -   0.00000 0.00000 0.00000 0.00000 0.11918 0.88082 ( 6)  0.899
 618 -   0.00000 0.00000 0.00000 0.00000 0.00001 0.99999 ( 6)  1.000
 619 -   0.00000 0.00000 0.00000 0.00000 0.00000 1.00000 ( 6)  1.000
 620 -   0.17075 0.17075 0.17075 0.17075 0.17075 0.14625 ( 1)  0.173
 621 -   0.00000 0.00000 0.00000 0.00000 0.28157 0.71843 ( 6)  0.762
 622 -   0.22610 0.22610 0.22610 0.22609 0.09458 0.00104 ( 1)  0.016
 623 -   0.00000 0.00000 0.00000 0.00000 0.12432 0.87568 ( 6)  0.895
 624 -   0.00000 0.00000 0.00000 0.00000 0.74070 0.25930 ( 5)  0.373
 625 -   0.00000 0.00000 0.00000 0.00000 0.00172 0.99828 ( 6)  0.999
 626 -   0.00000 0.00000 0.00000 0.00000 0.15131 0.84869 ( 6)  0.872
 627 -   0.00000 0.00000 0.00000 0.00000 0.00066 0.99934 ( 6)  0.999
 628 -   0.00000 0.00000 0.00000 0.00000 0.00314 0.99686 ( 6)  0.997
 629 -   0.00000 0.00000 0.00000 0.00000 0.01117 0.98883 ( 6)  0.991
 630 -   0.00000 0.00000 0.00000 0.00000 0.00013 0.99987 ( 6)  1.000
 631 -   0.17075 0.17075 0.17075 0.17075 0.17075 0.14625 ( 1)  0.173
 632 -   0.00000 0.00000 0.00000 0.00000 0.19285 0.80715 ( 6)  0.837
 633 -   0.00000 0.00000 0.00000 0.00003 0.82807 0.17190 ( 5)  0.300
 634 -   0.00000 0.00000 0.00000 0.00006 0.99191 0.00802 ( 5)  0.161
 635 -   0.00000 0.00000 0.00000 0.00000 0.10238 0.89762 ( 6)  0.913
 636 -   0.00000 0.00000 0.00000 0.00000 0.00267 0.99733 ( 6)  0.998
 637 -   0.00000 0.00000 0.00000 0.00000 0.06647 0.93353 ( 6)  0.944
 638 -   0.00000 0.00000 0.00000 0.00000 0.31340 0.68660 ( 6)  0.735
 639 -   0.22792 0.22792 0.22792 0.22791 0.08788 0.00046 ( 1)  0.014
 640 -   0.17075 0.17075 0.17075 0.17075 0.17075 0.14625 ( 1)  0.173
 641 -   0.17075 0.17075 0.17075 0.17075 0.17075 0.14625 ( 1)  0.173
 642 -   0.00000 0.00000 0.00000 0.00000 0.04550 0.95450 ( 6)  0.962
 643 -   0.00000 0.00000 0.00000 0.00000 0.00490 0.99510 ( 6)  0.996
 644 -   0.22871 0.22871 0.22871 0.22870 0.08483 0.00035 ( 1)  0.013
 645 -   0.22860 0.22860 0.22860 0.22860 0.08524 0.00036 ( 1)  0.014
 646 -   0.00000 0.00000 0.00000 0.00004 0.92916 0.07080 ( 5)  0.214
 647 -   0.00000 0.00000 0.00000 0.00000 0.00099 0.99901 ( 6)  0.999
 648 -   0.00000 0.00000 0.00000 0.00000 0.04969 0.95031 ( 6)  0.958
 649 -   0.00000 0.00000 0.00000 0.00000 0.00091 0.99909 ( 6)  0.999
 650 -   0.17075 0.17075 0.17075 0.17075 0.17075 0.14625 ( 1)  0.173
 651 -   0.00000 0.00000 0.00000 0.00000 0.05943 0.94057 ( 6)  0.950

Positively selected sites

	Prob(w>1)  mean w



lnL = -10931.017608

