

TREE # 1

  0  0.0000  12340.309133  x:  0.10803   0.03566   0.10259   0.09383   0.05687   0.07359   0.06713   0.08957   0.03672   0.10881   0.06438   0.08133   0.09642   0.04529   0.08217   0.10649   0.02711   0.03791   0.04201   0.08091   0.10896   0.04906   0.04380   0.08249   0.09882   0.06829   0.03831   0.07539   0.10101   0.04370   0.05677   0.06063   0.03838   0.04832   0.10268   0.01410   0.01583   0.08003   0.08518   0.04800   0.04356   0.06835   0.04885   0.10642   0.06211   0.03667   0.02962   0.08122   0.08648   0.04325   0.04138   2.00000   0.90000   1.19067   1.51473  
  1 99.0000  11906.138476  x:  0.09229   0.02799   0.09861   0.08678   0.05711   0.07544   0.08413   0.08196   0.06848   0.10579   0.06414   0.10258   0.10254   0.09526   0.07505   0.10173   0.09471   0.02822   0.06007   0.07440   0.09755   0.05610   0.16761   0.06866   0.10307   0.05891   0.03230   0.08426   0.11503   0.06199   0.07746   0.06569   0.06738   0.04944   0.10429   0.00000   0.02550   0.06767   0.07409   0.05490   0.02763   0.05856   0.04038   0.18327   0.05228   0.06048   0.02160   0.06630   0.08255   0.06666   0.05927   2.00302   0.91941   1.17113   1.52529  
  2 4001.5711  11766.354020  x:  0.06617   0.01975   0.09089   0.07130   0.04424   0.06362   0.10309   0.06698   0.09243   0.09889   0.05921   0.12730   0.10928   0.10949   0.05780   0.08836   0.07701   0.00000   0.06359   0.06550   0.07657   0.06622   0.15638   0.04397   0.11222   0.04113   0.02031   0.09600   0.13293   0.07871   0.10024   0.06712   0.07631   0.05148   0.10894   0.06329   0.02251   0.04613   0.05753   0.06092   0.00317   0.04418   0.02726   0.24051   0.03713   0.06623   0.01713   0.04185   0.07813   0.07782   0.06656   2.00884   0.95061   1.12921   1.54567  
  3 1777.9601  11688.300493  x:  0.02415   0.02041   0.08114   0.05196   0.02990   0.04772   0.12448   0.04297   0.11772   0.08810   0.04758   0.15277   0.11476   0.11844   0.03537   0.07247   0.05846   0.04822   0.06909   0.05530   0.04611   0.07482   0.13018   0.00912   0.12458   0.01620   0.00792   0.10828   0.15105   0.09464   0.12513   0.06360   0.08080   0.05241   0.11418   0.07250   0.02301   0.02168   0.04006   0.06422   0.04580   0.03240   0.02080   0.29816   0.02610   0.06820   0.02285   0.01347   0.06998   0.08362   0.06825   2.01849   0.99512   1.05782   1.57860  
  4 2084.4606  11672.869714  x:  0.01772   0.02349   0.08017   0.05148   0.03071   0.04661   0.12754   0.03829   0.12083   0.08645   0.04471   0.15555   0.11497   0.11798   0.03498   0.07107   0.05801   0.04735   0.06855   0.05411   0.04315   0.07503   0.12626   0.00977   0.12672   0.01532   0.01083   0.10991   0.15276   0.09638   0.12832   0.06198   0.08042   0.05220   0.11474   0.06847   0.02264   0.02182   0.03979   0.06430   0.04529   0.03235   0.02376   0.30453   0.02773   0.06736   0.02353   0.01958   0.06904   0.08332   0.06719   2.02066   0.99999   1.04117   1.58547  
  5 1142.0312  11625.766735  x:  0.00000   0.03468   0.07793   0.05383   0.03788   0.04516   0.13953   0.01849   0.13092   0.08170   0.03174   0.16396   0.11476   0.11194   0.03957   0.06839   0.05887   0.03599   0.06495   0.05184   0.03916   0.07432   0.11116   0.01641   0.13491   0.01631   0.01026   0.11407   0.15671   0.10118   0.13959   0.05271   0.07655   0.05080   0.11654   0.04251   0.02380   0.02773   0.04331   0.06368   0.03730   0.03442   0.02923   0.32286   0.03160   0.06205   0.02170   0.00416   0.06767   0.08008   0.06148   2.03117   0.99999   0.95829   1.61710  
  6 2526.4896  11588.209570  x:  0.00520   0.03851   0.07691   0.05526   0.04139   0.04443   0.14823   0.00528   0.13743   0.08030   0.02331   0.16940   0.11476   0.10735   0.04265   0.06714   0.05819   0.02931   0.06321   0.05163   0.03982   0.07414   0.10261   0.01586   0.13993   0.01622   0.00000   0.11585   0.15889   0.10417   0.14728   0.04581   0.07356   0.05032   0.11809   0.02552   0.02628   0.02966   0.04537   0.06316   0.03343   0.03487   0.02499   0.33390   0.02890   0.05907   0.02012   0.00531   0.06844   0.07814   0.05852   2.03927   0.99999   0.89292   1.64084  
  7 4357.6153  11568.985324  x:  0.00818   0.03813   0.07682   0.05588   0.04245   0.04435   0.15222   0.00000   0.13988   0.08106   0.02030   0.17148   0.11485   0.10498   0.04381   0.06692   0.05715   0.02650   0.06273   0.05218   0.04141   0.07409   0.09996   0.01371   0.14181   0.01666   0.00342   0.11660   0.15978   0.10548   0.15046   0.04286   0.07219   0.05007   0.11869   0.01860   0.02737   0.02958   0.04606   0.06286   0.03219   0.03489   0.02118   0.33744   0.02655   0.05812   0.01966   0.00480   0.06936   0.07729   0.05774   2.04337   0.99999   0.85909   1.65245  
  8 7504.5288  11568.985324  x:  0.00818   0.03813   0.07682   0.05588   0.04245   0.04435   0.15222   0.00000   0.13988   0.08106   0.02030   0.17148   0.11485   0.10498   0.04381   0.06692   0.05715   0.02650   0.06273   0.05218   0.04141   0.07409   0.09996   0.01371   0.14181   0.01666   0.00342   0.11660   0.15978   0.10548   0.15046   0.04286   0.07219   0.05007   0.11869   0.01860   0.02737   0.02958   0.04606   0.06286   0.03219   0.03489   0.02118   0.33744   0.02655   0.05812   0.01966   0.00480   0.06936   0.07729   0.05774   2.04337   0.99999   0.85909   1.65245  
  9 7212.0088  11468.849505  x:  0.01465   0.03316   0.07830   0.05814   0.04678   0.05075   0.15876   0.00113   0.15067   0.08869   0.02541   0.17610   0.11697   0.12833   0.04427   0.06899   0.10008   0.00521   0.07161   0.05258   0.04349   0.07451   0.18251   0.01483   0.14106   0.01880   0.03411   0.11885   0.16234   0.11242   0.15621   0.04559   0.08657   0.05018   0.11822   0.00000   0.02816   0.02687   0.04374   0.06505   0.01091   0.03406   0.03082   0.36167   0.03274   0.07270   0.02454   0.14139   0.07042   0.08763   0.06816   2.04758   0.99999   0.82168   1.66314  
 10 2314.8576  11453.829663  x:  0.01682   0.03156   0.07876   0.05854   0.04704   0.05191   0.16109   0.00110   0.15470   0.09110   0.02670   0.17795   0.11774   0.13550   0.04406   0.06941   0.10987   0.00000   0.07418   0.05298   0.04402   0.07487   0.20360   0.01486   0.14101   0.01817   0.03602   0.11916   0.16317   0.11453   0.15849   0.04597   0.09069   0.05052   0.11841   0.02818   0.03015   0.02694   0.04362   0.06580   0.00767   0.03421   0.03187   0.37066   0.03341   0.07650   0.02264   0.15646   0.07096   0.09085   0.07098   2.04921   0.99999   0.80653   1.66714  
 11 2426.0315  11402.847863  x:  0.01433   0.02862   0.08025   0.05882   0.04526   0.05255   0.16697   0.00000   0.16528   0.09647   0.02876   0.18300   0.11970   0.15105   0.04287   0.07063   0.12504   0.01522   0.07955   0.05470   0.04489   0.07617   0.24190   0.01447   0.14145   0.01482   0.02738   0.11931   0.16527   0.11924   0.16469   0.04586   0.09890   0.05125   0.11920   0.02906   0.03300   0.02934   0.04480   0.06755   0.01172   0.03542   0.03055   0.39408   0.03254   0.08242   0.01339   0.14624   0.07167   0.09737   0.07607   2.05370   0.99999   0.76378   1.67763  
 12 1285.7996  11338.591270  x:  0.01235   0.02723   0.08196   0.05924   0.04219   0.05202   0.17390   0.00000   0.17841   0.10224   0.03018   0.18926   0.12187   0.16745   0.04173   0.07066   0.13823   0.00000   0.08329   0.05534   0.04556   0.07755   0.28264   0.01484   0.14242   0.01336   0.01713   0.12004   0.16789   0.12499   0.17246   0.04543   0.10670   0.05220   0.12058   0.02343   0.03424   0.03046   0.04572   0.06927   0.00817   0.03623   0.02907   0.42293   0.03181   0.08798   0.01168   0.12584   0.07244   0.10380   0.08068   2.05964   0.99067   0.70653   1.69064  
 13 4054.1558  11149.743332  x:  0.08378   0.06422   0.08527   0.06181   0.00591   0.02558   0.21424   0.00000   0.28194   0.11846   0.01265   0.23507   0.12804   0.23203   0.03606   0.07547   0.17433   0.01024   0.07500   0.04884   0.03530   0.07583   0.50847   0.02974   0.15325   0.07399   0.08833   0.14392   0.18697   0.16417   0.23372   0.03468   0.10881   0.05163   0.13497   0.01400   0.01432   0.00312   0.03621   0.06338   0.03082   0.02606   0.05109   0.64030   0.05593   0.09045   0.20417   0.00000   0.07436   0.11308   0.07515   2.11808   0.93215   0.10567   1.80754  
 14 2424.4718  11145.041800  x:  0.08434   0.06433   0.08473   0.06102   0.00499   0.02461   0.21501   0.00000   0.28489   0.11813   0.01167   0.23616   0.12790   0.23235   0.03552   0.07506   0.17230   0.01146   0.07399   0.04849   0.03502   0.07540   0.51093   0.02918   0.15305   0.07436   0.08800   0.14378   0.18703   0.16432   0.23541   0.03341   0.10764   0.05099   0.13484   0.01430   0.01510   0.01108   0.03658   0.06308   0.03165   0.02585   0.05013   0.64614   0.05511   0.09013   0.20873   0.00037   0.07378   0.11238   0.07398   2.12009   0.92413   0.09066   1.81060  
 15 1527.8353  11132.937856  x:  0.08304   0.06214   0.08225   0.05770   0.00391   0.02271   0.21627   0.00000   0.29190   0.11619   0.00887   0.23832   0.12704   0.23132   0.03364   0.07325   0.16449   0.01738   0.07095   0.04745   0.03457   0.07363   0.51337   0.02602   0.15141   0.07245   0.08485   0.14186   0.18622   0.16300   0.23927   0.02886   0.10345   0.04828   0.13334   0.01579   0.01737   0.00590   0.03674   0.06155   0.03218   0.02567   0.04545   0.65937   0.05066   0.08894   0.21682   0.00441   0.07137   0.10943   0.07019   2.12545   0.89317   0.06644   1.81737  
 16 1391.3870  11126.024763  x:  0.08447   0.05995   0.08010   0.05556   0.00654   0.02336   0.21714   0.00000   0.29772   0.11451   0.00763   0.23985   0.12631   0.23072   0.03321   0.07234   0.16267   0.02217   0.06937   0.04673   0.03481   0.07199   0.52212   0.02421   0.14964   0.07206   0.09226   0.14054   0.18528   0.16194   0.24238   0.02570   0.10067   0.04618   0.13151   0.01637   0.01639   0.00769   0.03634   0.06052   0.02939   0.02503   0.04466   0.66970   0.04892   0.08771   0.22708   0.00000   0.06940   0.10734   0.06798   2.13019   0.87210   0.06584   1.82316  
 17 790.6875  11118.991458  x:  0.08410   0.06063   0.08052   0.05509   0.01163   0.02391   0.22321   0.00000   0.31882   0.11365   0.00980   0.24796   0.12789   0.23089   0.03754   0.07231   0.14647   0.02626   0.06868   0.04968   0.03849   0.07368   0.52998   0.02735   0.14983   0.07138   0.08428   0.13893   0.18533   0.16351   0.25523   0.02111   0.09746   0.04928   0.13109   0.01785   0.00805   0.00858   0.03958   0.06226   0.03534   0.02944   0.04191   0.70795   0.04608   0.08416   0.25262   0.00206   0.06899   0.10584   0.06650   2.14569   0.86024   0.07547   1.84522  
 18 370.7128  11114.205888  x:  0.08257   0.05930   0.08071   0.05447   0.01599   0.02465   0.22800   0.00000   0.33801   0.11210   0.01193   0.25479   0.12906   0.22897   0.04120   0.07231   0.13234   0.02940   0.06874   0.05213   0.04125   0.07494   0.53581   0.02885   0.14937   0.06904   0.08010   0.13681   0.18499   0.16406   0.26681   0.01727   0.09490   0.05130   0.12999   0.01805   0.02339   0.00842   0.04147   0.06412   0.03663   0.03184   0.03973   0.74171   0.04324   0.08352   0.27611   0.00269   0.06860   0.10436   0.06597   2.16076   0.85529   0.08308   1.86538  
 19 1263.4567  11106.203843  x:  0.06715   0.04205   0.07881   0.05101   0.01666   0.02485   0.23017   0.00000   0.36658   0.10544   0.01267   0.26080   0.12815   0.21463   0.04057   0.07164   0.11887   0.03660   0.07277   0.05186   0.03871   0.07346   0.53397   0.01914   0.14415   0.04994   0.08081   0.12845   0.18192   0.15939   0.28307   0.01424   0.09521   0.04767   0.12391   0.01950   0.02155   0.00899   0.03843   0.06632   0.01475   0.02062   0.03745   0.78627   0.03652   0.09191   0.30023   0.00247   0.06774   0.10178   0.07099   2.18942   0.86487   0.08285   1.89588  
 20 382.2709  11103.138058  x:  0.05546   0.03198   0.07738   0.05037   0.01583   0.02626   0.22867   0.00000   0.38179   0.10063   0.01080   0.26125   0.12576   0.20354   0.03811   0.07083   0.11916   0.03695   0.07297   0.04851   0.03724   0.07106   0.53078   0.01677   0.14062   0.03595   0.08616   0.12287   0.17867   0.15554   0.29073   0.01490   0.09600   0.04531   0.12005   0.02021   0.02059   0.00916   0.03837   0.06416   0.01230   0.03442   0.03950   0.80737   0.03532   0.09588   0.30943   0.00204   0.06702   0.10016   0.07205   2.20788   0.86946   0.08172   1.91291  
 21 455.7135  11100.143756  x:  0.04119   0.02913   0.07654   0.05205   0.01459   0.03036   0.22436   0.00000   0.39852   0.09572   0.00875   0.25853   0.12184   0.18987   0.03541   0.06987   0.12732   0.03333   0.07147   0.04453   0.03769   0.06848   0.52503   0.02164   0.13745   0.02018   0.09476   0.11701   0.17344   0.15093   0.29763   0.01816   0.09703   0.04588   0.11683   0.02088   0.02085   0.00896   0.03958   0.05980   0.02342   0.02825   0.04220   0.82760   0.03495   0.09772   0.31302   0.00208   0.06661   0.09876   0.07110   2.23198   0.87081   0.08181   1.93287  
 22 352.8730  11096.934062  x:  0.02888   0.04633   0.07711   0.05448   0.01262   0.03768   0.21539   0.00000   0.42056   0.09361   0.01300   0.25024   0.11741   0.17384   0.03742   0.06946   0.14139   0.03452   0.06944   0.04830   0.03957   0.06912   0.51126   0.02594   0.13711   0.01434   0.10624   0.11408   0.16521   0.14626   0.30347   0.02364   0.09552   0.05123   0.11656   0.02177   0.02121   0.00918   0.03791   0.05942   0.01500   0.02937   0.04267   0.84920   0.03303   0.09290   0.30374   0.00232   0.06755   0.09895   0.06611   2.27044   0.86915   0.08090   1.96218  
 23 240.2022  11092.729296  x:  0.02752   0.04870   0.07697   0.05297   0.01210   0.04457   0.20123   0.00000   0.45345   0.09664   0.01779   0.23487   0.11352   0.16067   0.03784   0.06604   0.15284   0.02984   0.06831   0.05010   0.03260   0.07075   0.48901   0.01331   0.14068   0.03046   0.12711   0.11829   0.15753   0.14126   0.30793   0.02641   0.09279   0.03881   0.11841   0.02135   0.02204   0.00897   0.04018   0.06422   0.01921   0.02837   0.04381   0.87575   0.03302   0.08801   0.27691   0.00298   0.07075   0.10157   0.06814   2.33612   0.86775   0.08157   2.01088  
 24 265.6840  11087.608880  x:  0.04312   0.03622   0.07734   0.05341   0.02079   0.05091   0.18499   0.00000   0.49620   0.10143   0.01517   0.21433   0.11187   0.15864   0.03572   0.06243   0.15183   0.02492   0.06790   0.04573   0.04900   0.07056   0.45581   0.02112   0.14481   0.04223   0.16192   0.12441   0.15672   0.13258   0.30830   0.02082   0.09299   0.04121   0.12026   0.01944   0.02190   0.00910   0.03617   0.06061   0.01648   0.02789   0.04454   0.90231   0.03366   0.08757   0.22993   0.00341   0.06957   0.10097   0.07029   2.43359   0.86697   0.07856   2.08241  
 25 417.1044  11082.232411  x:  0.06037   0.03128   0.07650   0.05001   0.01275   0.04059   0.17612   0.00000   0.53658   0.10503   0.01458   0.20065   0.11620   0.16762   0.03922   0.06667   0.14281   0.01843   0.06842   0.04557   0.03507   0.06588   0.42654   0.02567   0.14350   0.04106   0.20483   0.12637   0.16330   0.12759   0.30474   0.01601   0.09493   0.05850   0.12105   0.01730   0.02224   0.00912   0.03942   0.05539   0.01631   0.02768   0.04477   0.92141   0.03465   0.08824   0.18030   0.00390   0.06495   0.09744   0.06701   2.53561   0.86506   0.07935   2.15884  
 26 586.0833  11077.785436  x:  0.06323   0.03794   0.07074   0.04483   0.01925   0.03189   0.18219   0.00000   0.56578   0.10269   0.01906   0.20418   0.12533   0.18343   0.03626   0.07092   0.12709   0.01047   0.06830   0.05204   0.03667   0.07035   0.40467   0.02693   0.13562   0.02966   0.24939   0.11916   0.17224   0.13305   0.29648   0.02243   0.09214   0.05032   0.11869   0.01618   0.02160   0.00883   0.03574   0.06400   0.02132   0.02874   0.04115   0.92446   0.03254   0.08191   0.13806   0.00416   0.06339   0.09363   0.06184   2.62679   0.86628   0.07638   2.23059  
 27 399.1714  11075.555859  x:  0.05648   0.04448   0.07419   0.04906   0.01886   0.02904   0.19279   0.00000   0.57709   0.09956   0.01081   0.21594   0.12661   0.19129   0.03581   0.07002   0.12037   0.00972   0.06596   0.04492   0.03738   0.07016   0.39441   0.02836   0.13476   0.03092   0.26708   0.11417   0.17609   0.13888   0.28906   0.02170   0.09167   0.04350   0.11876   0.01644   0.02222   0.00874   0.04351   0.05868   0.01718   0.02804   0.04208   0.91849   0.03654   0.07717   0.11986   0.00459   0.06765   0.09640   0.06623   2.67546   0.86519   0.07666   2.27390  
 28 275.9886  11073.534971  x:  0.04563   0.04444   0.07876   0.05184   0.01816   0.03098   0.20676   0.00000   0.58289   0.09749   0.00816   0.23195   0.12538   0.19404   0.03768   0.06780   0.12044   0.00801   0.06860   0.04483   0.03671   0.06734   0.38600   0.02561   0.13695   0.03773   0.27857   0.11089   0.17831   0.14250   0.27964   0.01419   0.09152   0.04750   0.11978   0.01688   0.02234   0.00934   0.03253   0.05556   0.01929   0.02841   0.04032   0.90444   0.03751   0.07752   0.11012   0.00483   0.06961   0.09849   0.06791   2.72028   0.86294   0.07689   2.31862  
 29 256.5410  11071.954839  x:  0.03834   0.03911   0.07871   0.05127   0.01796   0.03332   0.21808   0.00000   0.58461   0.09722   0.01223   0.24512   0.12286   0.19271   0.03812   0.06652   0.12469   0.00715   0.07064   0.04847   0.03983   0.06700   0.38034   0.02520   0.13966   0.04303   0.28480   0.10974   0.17971   0.14354   0.27079   0.00848   0.09155   0.05276   0.12099   0.01719   0.02198   0.00898   0.04081   0.05852   0.01927   0.02833   0.03813   0.88636   0.03653   0.08023   0.10677   0.00461   0.06780   0.09788   0.06510   2.75885   0.86136   0.07589   2.36070  
 30 311.2472  11069.393704  x:  0.04119   0.03132   0.07083   0.04704   0.01468   0.03127   0.22974   0.00000   0.58216   0.09975   0.01066   0.25996   0.11375   0.18726   0.03577   0.06786   0.13367   0.00847   0.06614   0.04635   0.03697   0.07266   0.37826   0.03244   0.14382   0.04550   0.27565   0.11199   0.18207   0.14377   0.25881   0.01991   0.09465   0.05247   0.12452   0.01697   0.02277   0.00937   0.03853   0.06420   0.01576   0.02761   0.03881   0.84857   0.03699   0.08394   0.10842   0.00496   0.06484   0.09614   0.06214   2.82391   0.85674   0.07824   2.44202  
 31 240.3077  11064.807260  x:  0.05784   0.03571   0.06453   0.04114   0.02660   0.03196   0.23608   0.00000   0.57048   0.10217   0.01226   0.27086   0.10120   0.17710   0.03777   0.07115   0.14145   0.00748   0.06812   0.04969   0.03520   0.06926   0.38678   0.02363   0.14061   0.03178   0.25056   0.11533   0.18183   0.12734   0.23992   0.02269   0.09851   0.04909   0.12523   0.01537   0.02349   0.00973   0.04031   0.05530   0.01536   0.02734   0.04067   0.77109   0.03462   0.08275   0.11632   0.00538   0.06688   0.09533   0.06953   2.93852   0.85368   0.07785   2.59591  
 32 420.7272  11061.484359  x:  0.06157   0.03549   0.07624   0.05045   0.01718   0.02719   0.22902   0.00000   0.55691   0.10004   0.01660   0.26515   0.10201   0.17240   0.03464   0.06633   0.13810   0.00737   0.06920   0.04649   0.04086   0.06485   0.40336   0.01867   0.13676   0.02594   0.23362   0.11556   0.17618   0.11869   0.23025   0.02306   0.09528   0.04538   0.11945   0.01490   0.02379   0.01001   0.03912   0.06171   0.01536   0.02699   0.04062   0.71205   0.03261   0.08014   0.12290   0.00561   0.06485   0.09463   0.06612   3.01857   0.85272   0.07920   2.71276  
 33 476.4849  11058.921352  x:  0.05452   0.03133   0.08068   0.05355   0.02149   0.03650   0.21799   0.00000   0.54224   0.09503   0.01599   0.25294   0.10722   0.17302   0.03768   0.06361   0.12949   0.00748   0.06844   0.04644   0.03288   0.06467   0.41849   0.02288   0.13453   0.02703   0.22106   0.11319   0.16893   0.11983   0.22591   0.02531   0.08785   0.04490   0.11296   0.01507   0.02348   0.01009   0.03989   0.06168   0.01385   0.02669   0.03870   0.66561   0.03159   0.08039   0.12682   0.00567   0.06238   0.09343   0.06153   3.07751   0.85389   0.07747   2.80607  
 34 542.8308  11057.341798  x:  0.04512   0.03117   0.07430   0.04600   0.01681   0.03719   0.20853   0.00000   0.52931   0.09184   0.01270   0.24144   0.11205   0.17386   0.03809   0.06478   0.12387   0.00706   0.06666   0.04860   0.03757   0.06852   0.42817   0.01979   0.13388   0.03018   0.21526   0.11107   0.16481   0.12537   0.22604   0.02445   0.08426   0.04815   0.11163   0.01541   0.02345   0.01032   0.03987   0.05671   0.01416   0.02635   0.03810   0.63856   0.03408   0.08270   0.12944   0.00566   0.06293   0.09270   0.06247   3.11103   0.85462   0.07789   2.86698  
 35 391.6698  11056.526704  x:  0.03925   0.03308   0.06784   0.04422   0.01745   0.03542   0.20389   0.00000   0.51748   0.09255   0.01512   0.23418   0.11546   0.17428   0.03334   0.06590   0.12282   0.00721   0.06591   0.04587   0.03618   0.06546   0.42946   0.02330   0.13477   0.03134   0.21433   0.11012   0.16499   0.12914   0.22896   0.01693   0.08931   0.04680   0.11482   0.01570   0.02362   0.01046   0.03906   0.05813   0.01353   0.02656   0.03564   0.62809   0.03362   0.08213   0.13078   0.00578   0.06472   0.09195   0.06467   3.12332   0.85448   0.07837   2.90108  
 36 159.2084  11055.542786  x:  0.03541   0.03068   0.06870   0.04680   0.02136   0.03174   0.20029   0.00000   0.49236   0.09520   0.01183   0.22637   0.11554   0.17473   0.03992   0.06900   0.12617   0.00690   0.06881   0.04637   0.03724   0.06464   0.42360   0.02134   0.13370   0.02936   0.21623   0.10831   0.16930   0.13702   0.23803   0.01342   0.09580   0.04471   0.11913   0.01585   0.02411   0.01052   0.03903   0.06047   0.01268   0.02612   0.03650   0.62223   0.03473   0.07970   0.12906   0.00604   0.06383   0.09051   0.06200   3.12953   0.85169   0.07876   2.94946  
 37 110.2045  11053.503283  x:  0.03671   0.02841   0.07556   0.04876   0.02682   0.03118   0.19848   0.00000   0.43115   0.10003   0.01612   0.21660   0.11502   0.17431   0.03344   0.06280   0.13217   0.00591   0.06998   0.04608   0.03586   0.06780   0.40894   0.01640   0.13096   0.02491   0.22411   0.10475   0.17756   0.15102   0.25991   0.01440   0.09425   0.04805   0.12123   0.01539   0.02481   0.01076   0.03979   0.05667   0.01133   0.02579   0.03687   0.61741   0.03233   0.08164   0.11991   0.00647   0.06418   0.09219   0.06384   3.13407   0.84641   0.08025   3.05647  
 38 264.4371  11051.382505  x:  0.04095   0.02814   0.07431   0.04655   0.02128   0.03576   0.19896   0.00000   0.36707   0.09957   0.01663   0.21416   0.11208   0.17170   0.03957   0.06261   0.13528   0.00331   0.06769   0.04801   0.03564   0.06612   0.39820   0.02125   0.13131   0.02055   0.23332   0.10337   0.17938   0.15047   0.27888   0.00729   0.08492   0.04265   0.11540   0.01451   0.02481   0.01087   0.03925   0.05988   0.01071   0.02592   0.03730   0.61768   0.03076   0.08563   0.10322   0.00672   0.06464   0.09477   0.06793   3.13288   0.84417   0.08110   3.16475  
 39 362.6991  11049.825931  x:  0.04125   0.02852   0.06945   0.04624   0.02156   0.04007   0.19906   0.00000   0.32018   0.09527   0.01370   0.21773   0.10981   0.16835   0.03644   0.06488   0.13061   0.00057   0.06745   0.04578   0.03598   0.06240   0.39488   0.01750   0.13297   0.02360   0.24075   0.10512   0.17381   0.14039   0.28796   0.01011   0.08968   0.04521   0.11029   0.01391   0.02520   0.01083   0.03953   0.06099   0.01029   0.02525   0.03676   0.62166   0.03240   0.08065   0.08654   0.00718   0.06142   0.09159   0.06203   3.12729   0.84514   0.08098   3.24592  
 40 280.8958  11049.381974  x:  0.03926   0.02624   0.07025   0.04689   0.02139   0.03747   0.19764   0.00000   0.30880   0.09479   0.01652   0.21888   0.11072   0.16691   0.03753   0.06614   0.12878   0.00000   0.06875   0.04718   0.03564   0.06550   0.39373   0.01980   0.13260   0.02521   0.24414   0.10579   0.17040   0.13458   0.28593   0.01255   0.09168   0.04414   0.11187   0.01393   0.02528   0.01094   0.03932   0.05748   0.01005   0.02529   0.03584   0.62297   0.03172   0.07856   0.08263   0.00725   0.06241   0.09036   0.06314   3.12341   0.84427   0.08087   3.26873  
 41 129.7917  11049.381974  x:  0.03926   0.02624   0.07025   0.04689   0.02139   0.03747   0.19764   0.00000   0.30880   0.09479   0.01652   0.21888   0.11072   0.16691   0.03753   0.06614   0.12878   0.00000   0.06875   0.04718   0.03564   0.06550   0.39373   0.01980   0.13260   0.02521   0.24414   0.10579   0.17040   0.13458   0.28593   0.01255   0.09168   0.04414   0.11187   0.01393   0.02528   0.01094   0.03932   0.05748   0.01005   0.02529   0.03584   0.62297   0.03172   0.07856   0.08263   0.00725   0.06241   0.09036   0.06314   3.12341   0.84427   0.08087   3.26873  
 42 76.5518  11024.067762  x:  0.02914   0.02474   0.07076   0.04584   0.02302   0.03910   0.19835   0.00000   0.31050   0.09599   0.01843   0.21948   0.11174   0.17016   0.03661   0.06522   0.12866   0.00425   0.07040   0.04832   0.03833   0.06673   0.39592   0.01838   0.13171   0.01767   0.22761   0.10312   0.16938   0.13385   0.28578   0.01274   0.09383   0.04497   0.11131   0.00000   0.02631   0.03193   0.04136   0.05959   0.01100   0.02895   0.03120   0.62582   0.02767   0.08071   0.06611   0.03562   0.06280   0.09287   0.06564   3.12270   0.83953   0.10044   3.26839  
 43 1053.2847  11010.487780  x:  0.01422   0.02324   0.07200   0.04482   0.02578   0.04207   0.19990   0.00000   0.31393   0.09845   0.02174   0.22084   0.11383   0.17650   0.03567   0.06359   0.12851   0.00137   0.07324   0.05013   0.04224   0.06906   0.40042   0.01694   0.13073   0.00522   0.19474   0.09886   0.16773   0.13340   0.28554   0.01412   0.09792   0.04718   0.11117   0.02914   0.02942   0.04790   0.04304   0.06269   0.00942   0.03415   0.02449   0.63165   0.02274   0.08301   0.03312   0.05356   0.06472   0.09759   0.07066   3.12122   0.83422   0.12621   3.26788  
 44 1333.3095  10997.965201  x:  0.00883   0.02501   0.07337   0.04572   0.02666   0.04345   0.20105   0.00000   0.31629   0.10004   0.02305   0.22190   0.11516   0.18035   0.03608   0.06354   0.12895   0.00000   0.07472   0.05094   0.04287   0.07025   0.40358   0.01761   0.13124   0.00401   0.17251   0.09774   0.16699   0.13451   0.28542   0.01618   0.10011   0.04831   0.11192   0.02612   0.02896   0.04555   0.04258   0.06369   0.00779   0.03505   0.02459   0.63577   0.02484   0.08306   0.01449   0.04855   0.06606   0.09998   0.07317   3.12016   0.83521   0.13182   3.26774  
 45 815.7541  10975.961262  x:  0.01328   0.02959   0.07799   0.04887   0.02691   0.04619   0.20580   0.00000   0.32813   0.10627   0.02628   0.22663   0.12026   0.19682   0.03622   0.06488   0.13161   0.03002   0.07993   0.05331   0.04384   0.07368   0.41902   0.01595   0.13354   0.00864   0.05960   0.09491   0.16324   0.13863   0.28450   0.02198   0.10746   0.05041   0.11584   0.02549   0.03565   0.03901   0.04249   0.06669   0.02384   0.03709   0.01889   0.65641   0.02433   0.08464   0.00394   0.03562   0.07134   0.10886   0.08152   3.11467   0.84458   0.15189   3.26722  
 46 876.6122  10965.731873  x:  0.00954   0.03054   0.07971   0.05012   0.02694   0.04721   0.20772   0.00000   0.33314   0.10874   0.02752   0.22857   0.12229   0.20353   0.03621   0.06475   0.13225   0.03088   0.08150   0.05376   0.04436   0.07496   0.42550   0.01534   0.13434   0.00846   0.01264   0.09413   0.16171   0.14016   0.28409   0.02426   0.11043   0.05110   0.11717   0.02427   0.03614   0.03653   0.04223   0.06792   0.02264   0.03783   0.01849   0.66513   0.02591   0.08519   0.00972   0.03179   0.07302   0.11233   0.08473   3.11234   0.84700   0.16069   3.26700  
 47 2703.6077  10964.421071  x:  0.01420   0.02940   0.07945   0.05073   0.02508   0.04576   0.20798   0.00000   0.33535   0.10881   0.02645   0.22910   0.12231   0.20477   0.03542   0.06458   0.13208   0.02811   0.08046   0.05258   0.04363   0.07421   0.42808   0.01419   0.13450   0.01253   0.00497   0.09740   0.16149   0.14053   0.28375   0.02393   0.10985   0.04976   0.11727   0.02475   0.03573   0.03698   0.04260   0.06741   0.02034   0.03642   0.01949   0.66892   0.02504   0.08494   0.00822   0.03435   0.07240   0.11213   0.08375   3.11123   0.84794   0.16058   3.26702  
 48 259.5868  10962.366005  x:  0.01244   0.02451   0.07951   0.05357   0.01917   0.04185   0.21097   0.00000   0.35144   0.11105   0.02320   0.23330   0.12428   0.21708   0.03301   0.06553   0.13228   0.02682   0.07902   0.05058   0.04245   0.07300   0.44709   0.01315   0.13445   0.01038   0.00507   0.11363   0.16221   0.14451   0.28141   0.02651   0.11022   0.04632   0.11824   0.02421   0.03665   0.03599   0.04315   0.06631   0.02159   0.03529   0.01771   0.69636   0.02169   0.08497   0.00849   0.03344   0.07064   0.11400   0.08236   3.10332   0.85701   0.16642   3.26705  
 49 114.0183  10961.223583  x:  0.01529   0.02743   0.07910   0.05360   0.01826   0.04120   0.21300   0.00000   0.36409   0.11172   0.02140   0.23596   0.12526   0.22500   0.03285   0.06610   0.13205   0.02701   0.07858   0.05053   0.04267   0.07255   0.46103   0.01501   0.13414   0.00988   0.00655   0.11833   0.16227   0.14576   0.27939   0.02567   0.10959   0.04767   0.11846   0.02499   0.03675   0.03656   0.04287   0.06577   0.02223   0.03625   0.02327   0.71754   0.02732   0.08470   0.00903   0.03433   0.07006   0.11435   0.08137   3.09692   0.85738   0.17055   3.26706  
 50 264.2405  10959.148285  x:  0.01927   0.03325   0.07755   0.05025   0.01982   0.04154   0.21649   0.00000   0.39025   0.11108   0.01906   0.24031   0.12619   0.23679   0.03475   0.06702   0.13137   0.02610   0.07828   0.05200   0.04369   0.07233   0.48772   0.01680   0.13369   0.01298   0.00930   0.11663   0.16205   0.14605   0.27508   0.02033   0.10689   0.05195   0.11770   0.02422   0.03487   0.03485   0.04171   0.06535   0.02007   0.03511   0.01869   0.76060   0.02385   0.08388   0.00993   0.03325   0.06945   0.11288   0.07881   3.08325   0.84651   0.17320   3.26720  
 51 316.0641  10957.426702  x:  0.01779   0.02535   0.07687   0.04743   0.01953   0.03979   0.21895   0.00000   0.41486   0.10887   0.02015   0.24308   0.12625   0.24033   0.03537   0.06744   0.13196   0.02645   0.07891   0.05334   0.04394   0.07340   0.50916   0.01265   0.13407   0.01156   0.00943   0.10741   0.16295   0.14633   0.27172   0.01736   0.10539   0.04929   0.11658   0.02426   0.03492   0.03599   0.04452   0.06683   0.02200   0.03533   0.02191   0.79982   0.02422   0.08495   0.00916   0.03394   0.06973   0.11016   0.07769   3.06963   0.83719   0.16237   3.26771  
 52 270.3678  10956.582436  x:  0.01655   0.02491   0.07868   0.05049   0.01983   0.03968   0.22024   0.00000   0.42929   0.10764   0.02245   0.24396   0.12607   0.23859   0.03475   0.06719   0.13306   0.02580   0.07990   0.05351   0.04413   0.07455   0.51907   0.01870   0.13529   0.01291   0.00947   0.10210   0.16401   0.14750   0.27056   0.01973   0.10663   0.04857   0.11696   0.02513   0.03643   0.03839   0.04511   0.06810   0.02189   0.03651   0.02139   0.82177   0.02332   0.08636   0.00904   0.03705   0.07131   0.10964   0.07936   3.06119   0.83602   0.15256   3.26815  
 53 255.3494  10956.182615  x:  0.01686   0.02871   0.08003   0.05135   0.01890   0.03913   0.22035   0.00000   0.43747   0.10711   0.02365   0.24353   0.12535   0.23370   0.03418   0.06687   0.13405   0.02575   0.08041   0.05274   0.04385   0.07476   0.52157   0.01513   0.13589   0.01104   0.00943   0.10171   0.16500   0.14780   0.27073   0.02253   0.10832   0.05010   0.11806   0.02541   0.03707   0.03969   0.04363   0.06803   0.02100   0.03669   0.02016   0.83289   0.02366   0.08704   0.00897   0.03844   0.07263   0.11034   0.08157   3.05582   0.83536   0.14787   3.26832  
 54 125.2547  10955.743027  x:  0.01437   0.02818   0.08087   0.05220   0.01988   0.04169   0.21990   0.00000   0.44962   0.10696   0.02408   0.24138   0.12335   0.22150   0.03485   0.06674   0.13528   0.02747   0.08074   0.05170   0.04371   0.07419   0.51969   0.01417   0.13717   0.01421   0.00944   0.10599   0.16605   0.14597   0.27222   0.02450   0.11075   0.04963   0.11970   0.02596   0.03608   0.04054   0.04217   0.06690   0.02106   0.03636   0.01985   0.84687   0.02555   0.08707   0.00916   0.03794   0.07280   0.11221   0.08420   3.04675   0.83125   0.14818   3.26822  
 55 83.9955  10955.439997  x:  0.01653   0.02756   0.08056   0.05215   0.02073   0.04412   0.21943   0.00000   0.45899   0.10726   0.02403   0.23959   0.12214   0.21207   0.03566   0.06687   0.13581   0.02738   0.08073   0.05207   0.04421   0.07414   0.51610   0.01602   0.13767   0.01059   0.00880   0.10874   0.16688   0.14391   0.27380   0.02454   0.11148   0.04902   0.12061   0.02545   0.03586   0.03999   0.04374   0.06690   0.02085   0.03657   0.02006   0.85655   0.02478   0.08688   0.00906   0.03713   0.07229   0.11315   0.08432   3.03925   0.83003   0.14914   3.26808  
 56 124.6041  10955.216170  x:  0.01646   0.02795   0.08024   0.05127   0.02080   0.04589   0.21898   0.00000   0.46797   0.10855   0.02445   0.23831   0.12251   0.20631   0.03562   0.06682   0.13548   0.02603   0.08095   0.05419   0.04496   0.07531   0.50982   0.01474   0.13810   0.01213   0.00911   0.10770   0.16701   0.14310   0.27593   0.02419   0.11035   0.05015   0.12031   0.02516   0.03714   0.03868   0.04544   0.06865   0.02138   0.03779   0.02099   0.86402   0.02346   0.08711   0.00916   0.03713   0.07170   0.11336   0.08241   3.03105   0.83382   0.15169   3.26790  
 57 66.6202  10954.981323  x:  0.01601   0.02794   0.07985   0.05164   0.01969   0.04628   0.21791   0.00000   0.47882   0.10951   0.02385   0.23706   0.12345   0.20359   0.03475   0.06633   0.13434   0.02586   0.07989   0.05342   0.04285   0.07492   0.49971   0.01523   0.13759   0.01151   0.00916   0.10410   0.16630   0.14320   0.27874   0.02363   0.10815   0.04967   0.11882   0.02516   0.03696   0.03776   0.04247   0.06843   0.02199   0.03480   0.02082   0.87114   0.02397   0.08683   0.00903   0.03743   0.07149   0.11247   0.08006   3.01991   0.83729   0.15442   3.26761  
 58 70.9996  10954.752371  x:  0.01605   0.02809   0.07977   0.05256   0.02001   0.04549   0.21600   0.00000   0.49084   0.10878   0.02227   0.23594   0.12411   0.20581   0.03573   0.06619   0.13308   0.02664   0.07902   0.05097   0.04413   0.07342   0.48674   0.01480   0.13607   0.01158   0.00920   0.10239   0.16459   0.14419   0.28165   0.02306   0.10705   0.04847   0.11712   0.02517   0.03542   0.03904   0.04336   0.06616   0.02066   0.03775   0.01972   0.87670   0.02446   0.08597   0.00899   0.03629   0.07215   0.11130   0.08042   3.00592   0.83937   0.15484   3.26732  
 59 67.1874  10954.533175  x:  0.01580   0.02791   0.07983   0.05194   0.02237   0.04431   0.21419   0.00000   0.50306   0.10706   0.02249   0.23529   0.12448   0.21144   0.03492   0.06587   0.13249   0.02669   0.08043   0.05308   0.04453   0.07351   0.47321   0.01489   0.13482   0.01153   0.00914   0.10479   0.16293   0.14512   0.28404   0.02222   0.10816   0.04972   0.11721   0.02522   0.03589   0.03954   0.04464   0.06651   0.02049   0.03518   0.02013   0.87980   0.02436   0.08576   0.00902   0.03655   0.07204   0.11051   0.08285   2.98978   0.83867   0.15287   3.26710  
 60 68.6932  10954.437004  x:  0.01601   0.02768   0.07968   0.05143   0.02220   0.04300   0.21384   0.00000   0.50866   0.10672   0.02345   0.23540   0.12443   0.21412   0.03515   0.06630   0.13302   0.02608   0.08044   0.05318   0.04344   0.07426   0.46779   0.01534   0.13507   0.01145   0.00908   0.10604   0.16293   0.14544   0.28477   0.02208   0.10904   0.04978   0.11813   0.02505   0.03695   0.03837   0.04303   0.06758   0.02123   0.03712   0.02058   0.87976   0.02377   0.08608   0.00900   0.03724   0.07158   0.11076   0.08288   2.98110   0.83667   0.15221   3.26692  
 61 61.7955  10954.333761  x:  0.01653   0.02796   0.07958   0.05154   0.02152   0.04206   0.21493   0.00000   0.51464   0.10786   0.02466   0.23654   0.12391   0.21625   0.03555   0.06714   0.13501   0.02557   0.07974   0.05180   0.04458   0.07543   0.46499   0.01542   0.13700   0.01166   0.00937   0.10572   0.16486   0.14575   0.28483   0.02295   0.10995   0.04941   0.11993   0.02505   0.03643   0.03880   0.04435   0.06849   0.02174   0.03597   0.02030   0.87661   0.02425   0.08684   0.00912   0.03692   0.07155   0.11243   0.08109   2.96892   0.83500   0.15236   3.26672  
 62 33.3530  10954.149205  x:  0.01704   0.02724   0.07984   0.05220   0.02316   0.04315   0.21805   0.00000   0.52508   0.10987   0.02347   0.23929   0.12227   0.21792   0.03359   0.06666   0.13716   0.02615   0.08055   0.05353   0.04364   0.07402   0.46467   0.01481   0.13939   0.01142   0.00953   0.10521   0.16855   0.14518   0.28408   0.02296   0.10994   0.04948   0.12091   0.02513   0.03532   0.03898   0.04404   0.06684   0.02023   0.03674   0.02048   0.86753   0.02400   0.08752   0.00913   0.03710   0.07218   0.11474   0.07933   2.94385   0.83485   0.15167   3.26644  
 63 52.7261  10953.812089  x:  0.01562   0.02834   0.08044   0.05248   0.02159   0.04316   0.22296   0.00000   0.54349   0.11059   0.02005   0.24357   0.12018   0.21684   0.03770   0.06645   0.13634   0.02493   0.08066   0.05430   0.04448   0.07304   0.46876   0.01516   0.13878   0.01122   0.00895   0.10595   0.17074   0.14358   0.28203   0.02200   0.10776   0.04982   0.11860   0.02501   0.03758   0.03940   0.04387   0.06611   0.02175   0.03570   0.02088   0.84809   0.02363   0.08686   0.00900   0.03741   0.07208   0.11454   0.08123   2.89491   0.83531   0.15031   3.26577  
 64 97.4050  10953.509298  x:  0.01624   0.02820   0.08034   0.05189   0.02080   0.04290   0.22593   0.00000   0.55909   0.10920   0.02132   0.24589   0.12063   0.21450   0.03422   0.06464   0.13356   0.02516   0.08016   0.05281   0.04481   0.07466   0.47446   0.01562   0.13609   0.01123   0.00917   0.10626   0.16871   0.14362   0.28013   0.02354   0.10704   0.04976   0.11668   0.02467   0.03705   0.03849   0.04501   0.06810   0.02131   0.03610   0.02040   0.83033   0.02411   0.08569   0.00909   0.03683   0.07170   0.11230   0.08355   2.85040   0.83512   0.15156   3.26507  
 65 166.8609  10953.381158  x:  0.01686   0.02748   0.07983   0.05175   0.02196   0.04314   0.22500   0.00000   0.56467   0.10724   0.02307   0.24488   0.12183   0.21356   0.03602   0.06691   0.13322   0.02542   0.08046   0.05311   0.04387   0.07504   0.47789   0.01531   0.13526   0.01112   0.00937   0.10601   0.16563   0.14405   0.27932   0.02427   0.10857   0.04986   0.11775   0.02476   0.03579   0.03866   0.04453   0.06798   0.02020   0.03578   0.02028   0.82313   0.02418   0.08602   0.00911   0.03687   0.07146   0.11105   0.08275   2.83128   0.83689   0.15224   3.26479  
 66 84.8328  10953.295645  x:  0.01630   0.02812   0.07944   0.05185   0.02163   0.04256   0.22172   0.00000   0.56697   0.10536   0.02255   0.24190   0.12241   0.21300   0.03463   0.06719   0.13369   0.02457   0.08063   0.05338   0.04459   0.07411   0.48057   0.01556   0.13570   0.01105   0.00922   0.10563   0.16293   0.14387   0.27875   0.02327   0.10990   0.04977   0.11941   0.02458   0.03636   0.03913   0.04447   0.06673   0.02123   0.03581   0.02038   0.81901   0.02396   0.08670   0.00906   0.03625   0.07138   0.11088   0.08100   2.81856   0.83742   0.15252   3.26458  
 67 50.2969  10953.221057  x:  0.01620   0.02792   0.07954   0.05114   0.02130   0.04309   0.21643   0.00000   0.56646   0.10566   0.02172   0.23700   0.12287   0.21364   0.03526   0.06585   0.13462   0.02492   0.08040   0.05292   0.04423   0.07408   0.48289   0.01573   0.13688   0.01095   0.00937   0.10535   0.16268   0.14424   0.27837   0.02304   0.10932   0.04966   0.11932   0.02458   0.03640   0.03771   0.04511   0.06771   0.02062   0.03555   0.02020   0.81700   0.02425   0.08619   0.00903   0.03717   0.07223   0.11265   0.08156   2.80793   0.83798   0.15256   3.26450  
 68 25.6600  10953.161693  x:  0.01671   0.02764   0.07979   0.05156   0.02120   0.04377   0.21266   0.00000   0.56408   0.10754   0.02327   0.23341   0.12376   0.21426   0.03532   0.06566   0.13459   0.02452   0.08018   0.05341   0.04443   0.07461   0.48416   0.01567   0.13679   0.01093   0.00929   0.10566   0.16420   0.14446   0.27818   0.02327   0.10818   0.04990   0.11802   0.02443   0.03648   0.03934   0.04424   0.06737   0.02071   0.03557   0.02063   0.81669   0.02371   0.08587   0.00911   0.03603   0.07151   0.11304   0.08190   2.79993   0.83775   0.15242   3.26445  
 69 25.8657  10953.091036  x:  0.01600   0.02832   0.07973   0.05222   0.02083   0.04404   0.21060   0.00000   0.55846   0.10962   0.02389   0.23174   0.12431   0.21446   0.03472   0.06751   0.13380   0.02447   0.08040   0.05370   0.04414   0.07417   0.48442   0.01572   0.13553   0.01094   0.00896   0.10614   0.16636   0.14407   0.27817   0.02325   0.10819   0.05011   0.11753   0.02458   0.03561   0.03808   0.04543   0.06663   0.02124   0.03576   0.01993   0.81826   0.02447   0.08622   0.00903   0.03702   0.07049   0.11147   0.08146   2.79130   0.83733   0.15177   3.26436  
 70 19.7414  10952.849235  x:  0.01658   0.02784   0.07902   0.05109   0.02144   0.04511   0.20909   0.00000   0.53523   0.11213   0.02126   0.23206   0.12452   0.21468   0.03404   0.06937   0.13178   0.02417   0.08156   0.05226   0.04585   0.07386   0.48337   0.01568   0.13327   0.01136   0.00921   0.10565   0.16949   0.14296   0.27855   0.02416   0.11072   0.04877   0.11929   0.02412   0.03787   0.03793   0.04425   0.06824   0.01950   0.03513   0.02042   0.82676   0.02419   0.08832   0.00903   0.03655   0.07239   0.10835   0.08181   2.76360   0.83755   0.15219   3.26401  
 71 38.6242  10952.403015  x:  0.01696   0.02748   0.07894   0.05048   0.02025   0.04403   0.21025   0.00000   0.49201   0.11137   0.02046   0.23602   0.12511   0.21392   0.03536   0.06658   0.13137   0.02186   0.08166   0.05254   0.04197   0.07413   0.48036   0.01624   0.13396   0.01158   0.00947   0.10518   0.16894   0.14150   0.27924   0.02467   0.11204   0.05105   0.12089   0.02368   0.03515   0.03962   0.04615   0.06761   0.02133   0.03527   0.02131   0.84327   0.02288   0.08613   0.00920   0.03523   0.07408   0.10848   0.08235   2.71510   0.83819   0.15261   3.26346  
 72 117.9831  10952.129300  x:  0.01700   0.02727   0.07913   0.05132   0.02088   0.04335   0.21227   0.00000   0.46582   0.10917   0.02221   0.23872   0.12528   0.21322   0.03574   0.06535   0.13314   0.02186   0.08079   0.05422   0.04546   0.07486   0.47835   0.01600   0.13569   0.01092   0.00948   0.10588   0.16633   0.14140   0.27953   0.02437   0.10993   0.05025   0.11961   0.02356   0.03530   0.03788   0.04471   0.06630   0.02052   0.03497   0.02031   0.85337   0.02413   0.08453   0.00913   0.03642   0.07194   0.11054   0.08160   2.68630   0.83872   0.15196   3.26313  
 73 160.6883  10952.052774  x:  0.01657   0.02814   0.07944   0.05182   0.02192   0.04353   0.21328   0.00000   0.45984   0.10813   0.02245   0.23882   0.12449   0.21301   0.03531   0.06651   0.13416   0.02203   0.08013   0.05368   0.04408   0.07407   0.47783   0.01575   0.13611   0.01076   0.00943   0.10626   0.16500   0.14228   0.27945   0.02428   0.10824   0.04967   0.11811   0.02346   0.03686   0.03822   0.04570   0.06710   0.01971   0.03484   0.02035   0.85567   0.02423   0.08572   0.00912   0.03590   0.07065   0.11160   0.08121   2.67985   0.83834   0.15188   3.26302  
 74 45.7331  10951.964151  x:  0.01678   0.02796   0.08018   0.05221   0.02175   0.04340   0.21507   0.00000   0.45725   0.10749   0.02190   0.23709   0.12204   0.21276   0.03456   0.06850   0.13468   0.02140   0.08089   0.05329   0.04490   0.07416   0.47747   0.01583   0.13587   0.01055   0.00941   0.10644   0.16398   0.14468   0.27900   0.02374   0.10705   0.05047   0.11647   0.02342   0.03467   0.03776   0.04510   0.06783   0.02058   0.03477   0.02139   0.85666   0.02316   0.08784   0.00915   0.03598   0.07143   0.11261   0.08168   2.67722   0.83824   0.15202   3.26292  
 75 12.0132  10951.517104  x:  0.01817   0.02711   0.08035   0.05143   0.01971   0.04332   0.22382   0.00000   0.45432   0.10822   0.02495   0.22778   0.11431   0.21263   0.03509   0.06757   0.13257   0.01883   0.08409   0.05389   0.04352   0.07564   0.47659   0.01592   0.13447   0.01071   0.00976   0.10641   0.16325   0.15283   0.27651   0.01804   0.10835   0.04920   0.11650   0.02259   0.03662   0.03780   0.04571   0.06545   0.02007   0.03489   0.01854   0.85784   0.02596   0.08824   0.00920   0.03542   0.07343   0.11314   0.08135   2.67478   0.83921   0.15242   3.26226  
 76 14.2777  10950.586253  x:  0.01494   0.02902   0.07771   0.05157   0.02174   0.04383   0.23482   0.00000   0.45332   0.10813   0.02625   0.21530   0.10839   0.21279   0.03622   0.06373   0.13038   0.01883   0.07947   0.05117   0.04483   0.07265   0.47560   0.01556   0.13393   0.01015   0.00911   0.10669   0.16470   0.16083   0.27303   0.01553   0.11059   0.05047   0.12032   0.02207   0.03604   0.03682   0.04507   0.06658   0.01845   0.03411   0.02334   0.85813   0.02155   0.08166   0.00900   0.03587   0.06927   0.10923   0.07847   2.67509   0.84100   0.14961   3.26098  
 77 35.5153  10945.856416  x:  0.01817   0.02727   0.07409   0.05569   0.02044   0.03337   0.24977   0.00000   0.46050   0.09985   0.01486   0.19418   0.11893   0.21090   0.03530   0.06644   0.13428   0.00377   0.06803   0.06541   0.04358   0.06897   0.47207   0.01517   0.13641   0.01118   0.00989   0.10479   0.16917   0.15447   0.26385   0.02425   0.10655   0.04690   0.12241   0.01683   0.03305   0.03659   0.04399   0.07227   0.01551   0.03481   0.01978   0.85452   0.02575   0.07895   0.00921   0.03146   0.06714   0.10114   0.08338   2.68870   0.84255   0.14641   3.25469  
 78 31.6980  10943.081851  x:  0.01706   0.02711   0.07511   0.05404   0.01945   0.03196   0.25059   0.00000   0.46425   0.09851   0.01584   0.19245   0.12382   0.20990   0.03499   0.06593   0.13493   0.00000   0.07097   0.06076   0.04292   0.07139   0.47089   0.01593   0.13648   0.01139   0.01004   0.10676   0.16879   0.14778   0.26076   0.02255   0.10418   0.04838   0.12069   0.01482   0.03317   0.03485   0.04419   0.06881   0.01204   0.03396   0.02203   0.85269   0.02415   0.08126   0.00907   0.03086   0.06824   0.10083   0.08156   2.69506   0.84443   0.14258   3.25210  
 79 114.5710  10942.702192  x:  0.01590   0.02782   0.07505   0.05374   0.01617   0.03075   0.24891   0.00000   0.46510   0.09877   0.01548   0.19366   0.12289   0.20917   0.03518   0.06600   0.13376   0.00148   0.07183   0.06250   0.04275   0.07236   0.47059   0.01680   0.13618   0.01137   0.00993   0.10756   0.16801   0.14766   0.26039   0.02240   0.10391   0.04821   0.12016   0.01474   0.03245   0.03550   0.04424   0.06945   0.00885   0.03392   0.02299   0.85224   0.02363   0.08132   0.00903   0.03009   0.06844   0.10115   0.07928   2.69646   0.84399   0.14139   3.25150  
 80 99.2611  10942.026524  x:  0.01531   0.02953   0.07441   0.05295   0.01520   0.03340   0.24211   0.00000   0.46664   0.10057   0.01510   0.19994   0.11773   0.20831   0.03577   0.06520   0.12952   0.00000   0.07254   0.06500   0.04263   0.07227   0.47057   0.01675   0.13477   0.01123   0.00955   0.10903   0.16521   0.15098   0.26071   0.02436   0.10435   0.04531   0.11876   0.01443   0.03075   0.03650   0.04369   0.07174   0.00913   0.03416   0.02257   0.85137   0.02414   0.07971   0.00906   0.02974   0.06917   0.10316   0.07398   2.69884   0.84319   0.13854   3.25053  
 81 94.2387  10942.026524  x:  0.01531   0.02953   0.07441   0.05295   0.01520   0.03340   0.24211   0.00000   0.46664   0.10057   0.01510   0.19994   0.11773   0.20831   0.03577   0.06520   0.12952   0.00000   0.07254   0.06500   0.04263   0.07227   0.47057   0.01675   0.13477   0.01123   0.00955   0.10903   0.16521   0.15098   0.26071   0.02436   0.10435   0.04531   0.11876   0.01443   0.03075   0.03650   0.04369   0.07174   0.00913   0.03416   0.02257   0.85137   0.02414   0.07971   0.00906   0.02974   0.06917   0.10316   0.07398   2.69884   0.84319   0.13854   3.25053  
 82 40.5542  10937.866827  x:  0.01360   0.02869   0.07488   0.05289   0.01677   0.03448   0.24103   0.00000   0.46680   0.10069   0.01616   0.20172   0.11793   0.20810   0.03566   0.06542   0.12996   0.00263   0.07293   0.06172   0.04177   0.07190   0.47067   0.01651   0.13486   0.01225   0.01103   0.11003   0.16507   0.15028   0.26093   0.02356   0.10402   0.04572   0.11836   0.00485   0.02971   0.03264   0.04279   0.06972   0.00928   0.03339   0.02540   0.85118   0.02704   0.08000   0.02257   0.02839   0.06874   0.10322   0.07398   2.69909   0.84377   0.13529   3.25057  
 83 494.3631  10936.909353  x:  0.01420   0.02849   0.07521   0.05279   0.01769   0.03515   0.23999   0.00000   0.46695   0.10076   0.01687   0.20330   0.11804   0.20785   0.03555   0.06536   0.13017   0.00000   0.07315   0.05898   0.04121   0.07162   0.47073   0.01626   0.13488   0.01254   0.01146   0.11075   0.16491   0.14964   0.26113   0.02290   0.10370   0.04610   0.11799   0.00252   0.02941   0.02973   0.04227   0.06814   0.00975   0.03263   0.02661   0.85099   0.02807   0.08019   0.02174   0.02652   0.06849   0.10334   0.07390   2.69932   0.84396   0.13266   3.25060  
 84 240.7474  10935.763183  x:  0.01584   0.02795   0.07593   0.05254   0.01964   0.03661   0.23728   0.00000   0.46733   0.10089   0.01842   0.20724   0.11826   0.20716   0.03528   0.06557   0.13084   0.00143   0.07393   0.05276   0.04003   0.07095   0.47086   0.01567   0.13489   0.01300   0.01218   0.11239   0.16447   0.14806   0.26166   0.02134   0.10290   0.04692   0.11707   0.00476   0.02912   0.02345   0.04124   0.06447   0.01045   0.03093   0.02895   0.85050   0.02991   0.08073   0.02099   0.02299   0.06790   0.10363   0.07364   2.69991   0.84450   0.12630   3.25065  
 85 391.1475  10935.276053  x:  0.01504   0.02752   0.07633   0.05215   0.01974   0.03699   0.23341   0.00000   0.46787   0.10079   0.01892   0.21192   0.11807   0.20589   0.03492   0.06576   0.13122   0.00295   0.07499   0.04864   0.04003   0.07045   0.47085   0.01511   0.13465   0.01199   0.01095   0.11352   0.16372   0.14635   0.26241   0.02020   0.10191   0.04683   0.11571   0.00341   0.02927   0.02422   0.04185   0.06220   0.00912   0.03022   0.02771   0.84975   0.02777   0.08112   0.01963   0.02526   0.06711   0.10396   0.07298   2.70076   0.84414   0.12086   3.25063  
 86 119.1930  10935.059614  x:  0.01463   0.02738   0.07650   0.05203   0.01950   0.03709   0.23058   0.00000   0.46827   0.10068   0.01896   0.21505   0.11785   0.20492   0.03472   0.06575   0.13126   0.00143   0.07558   0.04721   0.04020   0.07022   0.47080   0.01514   0.13448   0.01182   0.01073   0.11414   0.16317   0.14538   0.26298   0.01985   0.10126   0.04662   0.11488   0.00462   0.02957   0.02550   0.04222   0.06137   0.00988   0.03044   0.02735   0.84917   0.02693   0.08126   0.02078   0.02630   0.06669   0.10412   0.07257   2.70141   0.84381   0.11813   3.25056  
 87 157.1292  10934.778839  x:  0.01476   0.02795   0.07654   0.05214   0.01835   0.03707   0.22327   0.00000   0.46940   0.10036   0.01828   0.22229   0.11708   0.20238   0.03453   0.06598   0.13096   0.00208   0.07665   0.04892   0.04081   0.07004   0.47051   0.01621   0.13409   0.01279   0.01190   0.11493   0.16183   0.14383   0.26452   0.02054   0.09998   0.04595   0.11333   0.00418   0.02952   0.02736   0.04220   0.06179   0.01056   0.03207   0.02827   0.84749   0.02724   0.08096   0.02033   0.02441   0.06622   0.10429   0.07187   2.70322   0.84244   0.11580   3.25029  
 88 82.8603  10934.635020  x:  0.01495   0.02809   0.07641   0.05203   0.01818   0.03738   0.21859   0.00000   0.47023   0.10033   0.01809   0.22666   0.11674   0.20089   0.03462   0.06604   0.13067   0.00153   0.07674   0.05028   0.04079   0.07008   0.47031   0.01620   0.13382   0.01251   0.01160   0.11496   0.16108   0.14306   0.26560   0.02125   0.09955   0.04591   0.11277   0.00459   0.02904   0.02647   0.04179   0.06247   0.00868   0.03183   0.02844   0.84625   0.02737   0.08074   0.02073   0.02442   0.06625   0.10433   0.07176   2.70453   0.84160   0.11605   3.25004  
 89 108.0066  10934.514432  x:  0.01516   0.02802   0.07624   0.05187   0.01860   0.03809   0.21374   0.00000   0.47124   0.10054   0.01825   0.23098   0.11663   0.19950   0.03486   0.06611   0.13041   0.00175   0.07629   0.05133   0.04048   0.07026   0.47010   0.01578   0.13362   0.01180   0.01080   0.11464   0.16048   0.14248   0.26684   0.02212   0.09954   0.04616   0.11265   0.00437   0.02887   0.02511   0.04154   0.06325   0.01016   0.03088   0.02813   0.84477   0.02727   0.08058   0.02068   0.02536   0.06653   0.10434   0.07198   2.70615   0.84132   0.11741   3.24971  
 90 109.8476  10934.441889  x:  0.01476   0.02769   0.07628   0.05214   0.01961   0.03918   0.21037   0.00000   0.47235   0.10125   0.01904   0.23360   0.11709   0.19880   0.03499   0.06600   0.13039   0.00179   0.07521   0.05061   0.04023   0.07055   0.46991   0.01585   0.13386   0.01258   0.01167   0.11425   0.16057   0.14251   0.26801   0.02267   0.10034   0.04663   0.11341   0.00439   0.02958   0.02562   0.04210   0.06350   0.00987   0.03066   0.02778   0.84317   0.02734   0.08078   0.02050   0.02548   0.06700   0.10435   0.07249   2.70793   0.84297   0.11906   3.24932  
 91 44.7072  10934.416625  x:  0.01485   0.02766   0.07622   0.05212   0.01923   0.03919   0.20908   0.00000   0.47315   0.10175   0.01915   0.23411   0.11748   0.19862   0.03483   0.06584   0.13046   0.00181   0.07491   0.05009   0.04041   0.07054   0.46973   0.01552   0.13398   0.01198   0.01101   0.11383   0.16088   0.14256   0.26868   0.02233   0.10086   0.04657   0.11406   0.00438   0.02954   0.02599   0.04207   0.06314   0.00979   0.03135   0.02788   0.84201   0.02763   0.08082   0.02057   0.02496   0.06709   0.10425   0.07263   2.70928   0.84373   0.11975   3.24900  
 92 26.0022  10934.387313  x:  0.01513   0.02779   0.07608   0.05215   0.01819   0.03898   0.20762   0.00000   0.47482   0.10247   0.01872   0.23386   0.11813   0.19858   0.03457   0.06568   0.13058   0.00180   0.07513   0.04992   0.04059   0.07027   0.46932   0.01588   0.13424   0.01236   0.01143   0.11347   0.16156   0.14291   0.26988   0.02142   0.10131   0.04608   0.11488   0.00437   0.02884   0.02570   0.04160   0.06239   0.00986   0.03124   0.02750   0.83959   0.02744   0.08070   0.02059   0.02524   0.06686   0.10391   0.07253   2.71209   0.84442   0.12016   3.24830  
 93 23.3610  10934.332501  x:  0.01430   0.02762   0.07567   0.05157   0.01838   0.03957   0.20555   0.00000   0.47907   0.10339   0.01777   0.23204   0.11938   0.19900   0.03489   0.06584   0.13060   0.00174   0.07593   0.05066   0.04001   0.06984   0.46834   0.01595   0.13424   0.01225   0.01117   0.11300   0.16259   0.14411   0.27265   0.02014   0.10119   0.04591   0.11520   0.00444   0.02944   0.02585   0.04184   0.06241   0.00982   0.03027   0.02781   0.83340   0.02782   0.08053   0.02046   0.02500   0.06617   0.10327   0.07205   2.71942   0.84482   0.11938   3.24652  
 94 31.1149  10934.271566  x:  0.01541   0.02805   0.07554   0.05134   0.01910   0.04006   0.20396   0.00000   0.48443   0.10375   0.01769   0.22968   0.12054   0.19940   0.03480   0.06590   0.13038   0.00177   0.07589   0.05061   0.04013   0.06995   0.46719   0.01566   0.13386   0.01232   0.01135   0.11301   0.16302   0.14561   0.27589   0.01972   0.10056   0.04656   0.11457   0.00429   0.02986   0.02546   0.04202   0.06305   0.00973   0.03143   0.02763   0.82564   0.02735   0.08036   0.02060   0.02535   0.06619   0.10306   0.07186   2.72888   0.84436   0.11847   3.24423  
 95 68.9352  10934.218770  x:  0.01459   0.02734   0.07581   0.05187   0.01908   0.03972   0.20348   0.00000   0.48923   0.10341   0.01849   0.22797   0.12099   0.19946   0.03449   0.06586   0.13013   0.00182   0.07517   0.04996   0.04060   0.07039   0.46627   0.01577   0.13347   0.01236   0.01132   0.11342   0.16258   0.14643   0.27846   0.01993   0.10014   0.04658   0.11359   0.00443   0.02880   0.02564   0.04182   0.06334   0.00983   0.03120   0.02772   0.81887   0.02731   0.08036   0.02049   0.02503   0.06676   0.10339   0.07226   2.73752   0.84333   0.11826   3.24206  
 96 73.6873  10934.185470  x:  0.01520   0.02775   0.07625   0.05247   0.01870   0.03909   0.20423   0.00000   0.49261   0.10263   0.01909   0.22758   0.12045   0.19927   0.03475   0.06598   0.13015   0.00184   0.07501   0.05001   0.04032   0.07048   0.46588   0.01607   0.13339   0.01217   0.01112   0.11399   0.16164   0.14607   0.27976   0.02002   0.10023   0.04632   0.11323   0.00435   0.02933   0.02603   0.04171   0.06288   0.00973   0.03038   0.02802   0.81444   0.02779   0.08067   0.02052   0.02523   0.06714   0.10398   0.07262   2.74391   0.84359   0.11834   3.24044  
 97 47.8367  10934.147862  x:  0.01440   0.02768   0.07647   0.05243   0.01877   0.03868   0.20607   0.00000   0.49659   0.10149   0.01922   0.22798   0.11901   0.19899   0.03499   0.06600   0.13032   0.00178   0.07533   0.05055   0.03998   0.07024   0.46572   0.01564   0.13356   0.01210   0.01135   0.11455   0.16036   0.14492   0.28070   0.02006   0.10054   0.04599   0.11331   0.00439   0.02968   0.02539   0.04176   0.06229   0.00973   0.03098   0.02751   0.80965   0.02749   0.08095   0.02047   0.02504   0.06701   0.10454   0.07263   2.75175   0.84451   0.11867   3.23837  
 98 52.6944  10934.120189  x:  0.01470   0.02765   0.07612   0.05185   0.01942   0.03900   0.20805   0.00000   0.49960   0.10089   0.01881   0.22892   0.11762   0.19878   0.03457   0.06566   0.13038   0.00180   0.07544   0.05043   0.04037   0.07000   0.46586   0.01576   0.13380   0.01226   0.01119   0.11433   0.15974   0.14390   0.28077   0.02028   0.10062   0.04616   0.11377   0.00442   0.02873   0.02571   0.04193   0.06256   0.00973   0.03078   0.02766   0.80653   0.02772   0.08069   0.02043   0.02513   0.06650   0.10440   0.07214   2.75797   0.84519   0.11878   3.23665  
 99 41.7553  10934.104695  x:  0.01479   0.02747   0.07571   0.05156   0.01897   0.03888   0.20942   0.00000   0.50141   0.10107   0.01865   0.22991   0.11702   0.19861   0.03463   0.06557   0.13023   0.00184   0.07515   0.04988   0.04025   0.07001   0.46613   0.01577   0.13379   0.01216   0.01147   0.11364   0.16008   0.14352   0.28006   0.02071   0.10040   0.04618   0.11397   0.00439   0.02922   0.02577   0.04154   0.06302   0.00972   0.03050   0.02755   0.80523   0.02750   0.08036   0.02050   0.02485   0.06627   0.10377   0.07187   2.76214   0.84494   0.11879   3.23538  
100 24.8807  10934.092296  x:  0.01450   0.02750   0.07562   0.05182   0.01866   0.03886   0.21046   0.00000   0.50290   0.10155   0.01878   0.23088   0.11693   0.19858   0.03489   0.06568   0.13005   0.00184   0.07501   0.05000   0.04018   0.07019   0.46652   0.01602   0.13370   0.01240   0.01126   0.11300   0.16079   0.14344   0.27890   0.02103   0.10029   0.04622   0.11401   0.00441   0.02923   0.02555   0.04160   0.06308   0.00971   0.03082   0.02788   0.80469   0.02775   0.08020   0.02036   0.02528   0.06652   0.10326   0.07208   2.76588   0.84494   0.11834   3.23411  
101 24.7078  10934.078996  x:  0.01463   0.02772   0.07584   0.05219   0.01883   0.03898   0.21125   0.00000   0.50453   0.10208   0.01884   0.23186   0.11720   0.19872   0.03481   0.06576   0.12992   0.00182   0.07514   0.05054   0.04027   0.07028   0.46713   0.01569   0.13351   0.01237   0.01128   0.11274   0.16175   0.14348   0.27704   0.02104   0.10029   0.04628   0.11389   0.00442   0.02893   0.02569   0.04199   0.06271   0.00971   0.03054   0.02763   0.80471   0.02748   0.08029   0.02047   0.02493   0.06699   0.10304   0.07252   2.77043   0.84469   0.11808   3.23245  
102 26.5946  10934.062517  x:  0.01465   0.02742   0.07624   0.05231   0.01930   0.03917   0.21143   0.00000   0.50652   0.10226   0.01833   0.23257   0.11775   0.19910   0.03445   0.06572   0.13003   0.00185   0.07534   0.05052   0.04031   0.07010   0.46806   0.01567   0.13347   0.01229   0.01139   0.11331   0.16252   0.14375   0.27420   0.02075   0.10048   0.04596   0.11372   0.00443   0.02909   0.02586   0.04166   0.06255   0.00968   0.03074   0.02786   0.80564   0.02787   0.08071   0.02035   0.02529   0.06697   0.10342   0.07264   2.77659   0.84390   0.11853   3.22997  
103 24.4699  10934.045162  x:  0.01453   0.02768   0.07643   0.05211   0.01908   0.03900   0.21103   0.00000   0.50855   0.10211   0.01805   0.23280   0.11842   0.19954   0.03493   0.06594   0.13043   0.00183   0.07544   0.05022   0.04045   0.07018   0.46911   0.01612   0.13380   0.01262   0.01080   0.11414   0.16262   0.14433   0.27116   0.02086   0.10075   0.04627   0.11387   0.00444   0.02896   0.02573   0.04174   0.06313   0.00971   0.03067   0.02765   0.80735   0.02780   0.08092   0.02040   0.02507   0.06664   0.10412   0.07239   2.78338   0.84381   0.11861   3.22703  
104 33.1618  10934.035677  x:  0.01449   0.02767   0.07617   0.05181   0.01875   0.03878   0.21055   0.00000   0.50963   0.10193   0.01831   0.23258   0.11873   0.19976   0.03491   0.06594   0.13061   0.00183   0.07543   0.05029   0.04041   0.07033   0.46969   0.01583   0.13401   0.01229   0.01124   0.11434   0.16229   0.14459   0.26968   0.02109   0.10078   0.04639   0.11408   0.00446   0.02876   0.02573   0.04199   0.06332   0.00971   0.03057   0.02788   0.80874   0.02794   0.08075   0.02033   0.02524   0.06657   0.10433   0.07222   2.78734   0.84405   0.11836   3.22520  
105 31.1891  10934.023441  x:  0.01456   0.02738   0.07565   0.05183   0.01884   0.03895   0.20969   0.00000   0.51090   0.10164   0.01883   0.23181   0.11878   0.19997   0.03441   0.06568   0.13059   0.00184   0.07521   0.05062   0.04023   0.07040   0.47036   0.01621   0.13423   0.01231   0.01106   0.11388   0.16130   0.14452   0.26823   0.02123   0.10066   0.04613   0.11436   0.00443   0.02893   0.02570   0.04183   0.06304   0.00968   0.03055   0.02790   0.81115   0.02769   0.08031   0.02035   0.02516   0.06673   0.10415   0.07217   2.79267   0.84426   0.11793   3.22251  
106 26.7240  10934.014070  x:  0.01442   0.02764   0.07567   0.05199   0.01890   0.03910   0.20895   0.00000   0.51170   0.10153   0.01867   0.23095   0.11834   0.19990   0.03483   0.06576   0.13036   0.00186   0.07503   0.05044   0.04038   0.07018   0.47069   0.01580   0.13408   0.01266   0.01109   0.11326   0.16063   0.14402   0.26774   0.02108   0.10051   0.04631   0.11427   0.00445   0.02886   0.02582   0.04167   0.06280   0.00967   0.03051   0.02800   0.81343   0.02776   0.08024   0.02031   0.02519   0.06684   0.10364   0.07231   2.79679   0.84423   0.11792   3.22013  
107 21.8428  10934.007443  x:  0.01443   0.02759   0.07602   0.05216   0.01890   0.03925   0.20862   0.00000   0.51214   0.10169   0.01854   0.23036   0.11791   0.19961   0.03492   0.06582   0.13013   0.00186   0.07517   0.05026   0.04044   0.07009   0.47071   0.01621   0.13375   0.01224   0.01127   0.11305   0.16062   0.14357   0.26801   0.02120   0.10047   0.04629   0.11401   0.00445   0.02874   0.02570   0.04189   0.06300   0.00966   0.03053   0.02790   0.81541   0.02780   0.08049   0.02031   0.02515   0.06677   0.10331   0.07241   2.79987   0.84448   0.11791   3.21805  
108 18.8436  10933.999791  x:  0.01455   0.02739   0.07632   0.05197   0.01874   0.03925   0.20857   0.00000   0.51246   0.10205   0.01874   0.22994   0.11759   0.19908   0.03456   0.06577   0.12995   0.00187   0.07543   0.05025   0.04030   0.07015   0.47048   0.01592   0.13347   0.01267   0.01099   0.11322   0.16106   0.14320   0.26893   0.02155   0.10040   0.04616   0.11368   0.00443   0.02875   0.02569   0.04191   0.06324   0.00965   0.03045   0.02785   0.81790   0.02790   0.08075   0.02029   0.02515   0.06660   0.10324   0.07238   2.80334   0.84479   0.11789   3.21533  
109 19.9231  10933.991017  x:  0.01437   0.02778   0.07596   0.05167   0.01901   0.03942   0.20894   0.00000   0.51257   0.10232   0.01910   0.22991   0.11757   0.19855   0.03477   0.06587   0.13001   0.00187   0.07533   0.05039   0.04035   0.07030   0.46992   0.01608   0.13346   0.01261   0.01095   0.11371   0.16183   0.14296   0.27068   0.02169   0.10034   0.04628   0.11363   0.00446   0.02867   0.02586   0.04152   0.06287   0.00965   0.03046   0.02794   0.82102   0.02785   0.08047   0.02026   0.02518   0.06655   0.10362   0.07215   2.80745   0.84461   0.11794   3.21163  
110 19.0937  10933.983356  x:  0.01451   0.02748   0.07567   0.05198   0.01905   0.03931   0.20944   0.00000   0.51244   0.10213   0.01871   0.23032   0.11774   0.19844   0.03492   0.06582   0.13028   0.00189   0.07502   0.05043   0.04049   0.07020   0.46929   0.01599   0.13384   0.01273   0.01092   0.11383   0.16215   0.14312   0.27249   0.02136   0.10055   0.04623   0.11403   0.00443   0.02881   0.02573   0.04210   0.06295   0.00964   0.03042   0.02812   0.82365   0.02781   0.08023   0.02027   0.02520   0.06682   0.10401   0.07221   2.81086   0.84403   0.11773   3.20807  
111 18.0058  10933.977828  x:  0.01442   0.02763   0.07594   0.05227   0.01914   0.03924   0.20996   0.00000   0.51217   0.10186   0.01850   0.23097   0.11807   0.19881   0.03474   0.06570   0.13052   0.00189   0.07515   0.05050   0.04035   0.07020   0.46885   0.01588   0.13419   0.01264   0.01097   0.11357   0.16194   0.14372   0.27395   0.02114   0.10077   0.04646   0.11441   0.00444   0.02878   0.02583   0.04173   0.06330   0.00965   0.03041   0.02811   0.82550   0.02781   0.08047   0.02024   0.02522   0.06694   0.10399   0.07243   2.81327   0.84378   0.11736   3.20497  
112 16.6237  10933.974301  x:  0.01454   0.02757   0.07615   0.05206   0.01915   0.03926   0.21034   0.00000   0.51181   0.10177   0.01868   0.23154   0.11835   0.19939   0.03491   0.06584   0.13054   0.00189   0.07537   0.05047   0.04049   0.07034   0.46869   0.01590   0.13425   0.01267   0.01099   0.11336   0.16151   0.14435   0.27485   0.02095   0.10067   0.04623   0.11440   0.00443   0.02876   0.02585   0.04186   0.06318   0.00964   0.03043   0.02806   0.82651   0.02790   0.08067   0.02024   0.02523   0.06677   0.10370   0.07243   2.81470   0.84358   0.11748   3.20252  
113 12.0717  10933.972220  x:  0.01446   0.02768   0.07605   0.05201   0.01901   0.03918   0.21044   0.00000   0.51141   0.10188   0.01857   0.23180   0.11826   0.19985   0.03464   0.06585   0.13039   0.00190   0.07526   0.05044   0.04033   0.07028   0.46884   0.01599   0.13406   0.01270   0.01096   0.11349   0.16131   0.14460   0.27516   0.02070   0.10057   0.04647   0.11416   0.00443   0.02880   0.02582   0.04203   0.06309   0.00964   0.03042   0.02807   0.82676   0.02793   0.08053   0.02023   0.02522   0.06683   0.10362   0.07241   2.81529   0.84364   0.11762   3.20073  
114  5.4720  10933.969519  x:  0.01452   0.02751   0.07582   0.05210   0.01897   0.03908   0.21049   0.00000   0.51063   0.10208   0.01838   0.23207   0.11798   0.20049   0.03462   0.06593   0.13018   0.00190   0.07507   0.05049   0.04044   0.07020   0.46927   0.01595   0.13375   0.01268   0.01093   0.11376   0.16120   0.14488   0.27549   0.02042   0.10054   0.04653   0.11388   0.00441   0.02884   0.02584   0.04185   0.06317   0.00963   0.03037   0.02810   0.82691   0.02788   0.08031   0.02023   0.02521   0.06702   0.10366   0.07243   2.81603   0.84403   0.11753   3.19744  
115 13.3848  10933.963350  x:  0.01450   0.02790   0.07563   0.05232   0.01909   0.03890   0.21029   0.00000   0.50867   0.10217   0.01851   0.23210   0.11744   0.20092   0.03451   0.06559   0.13008   0.00194   0.07497   0.05036   0.03986   0.07002   0.47034   0.01593   0.13355   0.01271   0.01092   0.11372   0.16136   0.14491   0.27572   0.02042   0.10068   0.04644   0.11406   0.00441   0.02874   0.02587   0.04213   0.06321   0.00963   0.03042   0.02824   0.82661   0.02779   0.08022   0.02021   0.02518   0.06694   0.10383   0.07233   2.81722   0.84376   0.11740   3.18961  
116 11.4784  10933.959085  x:  0.01438   0.02797   0.07568   0.05221   0.01899   0.03884   0.21019   0.00000   0.50741   0.10211   0.01855   0.23203   0.11731   0.20084   0.03414   0.06552   0.13016   0.00195   0.07500   0.05044   0.04022   0.07011   0.47093   0.01604   0.13368   0.01272   0.01093   0.11360   0.16146   0.14473   0.27575   0.02040   0.10067   0.04694   0.11417   0.00439   0.02907   0.02576   0.04229   0.06305   0.00962   0.03031   0.02828   0.82634   0.02786   0.08027   0.02019   0.02521   0.06698   0.10386   0.07236   2.81790   0.84357   0.11734   3.18470  
117 22.9449  10933.957103  x:  0.01447   0.02778   0.07575   0.05200   0.01887   0.03896   0.21020   0.00000   0.50674   0.10202   0.01841   0.23197   0.11751   0.20054   0.03405   0.06578   0.13029   0.00194   0.07493   0.05048   0.03998   0.07012   0.47110   0.01613   0.13390   0.01271   0.01094   0.11359   0.16141   0.14453   0.27567   0.02035   0.10055   0.04724   0.11411   0.00438   0.02903   0.02583   0.04231   0.06296   0.00961   0.03035   0.02819   0.82615   0.02793   0.08021   0.02019   0.02520   0.06718   0.10377   0.07247   2.81821   0.84356   0.11732   3.18205  
118 13.7598  10933.956081  x:  0.01440   0.02798   0.07572   0.05207   0.01883   0.03914   0.21029   0.00000   0.50642   0.10198   0.01826   0.23195   0.11787   0.20023   0.03391   0.06581   0.13031   0.00194   0.07485   0.05041   0.04004   0.07006   0.47097   0.01607   0.13401   0.01268   0.01093   0.11367   0.16127   0.14444   0.27553   0.02039   0.10044   0.04707   0.11395   0.00438   0.02908   0.02578   0.04236   0.06302   0.00961   0.03032   0.02816   0.82605   0.02797   0.08009   0.02018   0.02519   0.06722   0.10363   0.07248   2.81834   0.84371   0.11734   3.18083  
119  4.6617  10933.955612  x:  0.01442   0.02791   0.07567   0.05223   0.01880   0.03919   0.21034   0.00000   0.50623   0.10198   0.01820   0.23195   0.11807   0.20005   0.03396   0.06565   0.13021   0.00195   0.07489   0.05042   0.04002   0.07003   0.47068   0.01604   0.13393   0.01266   0.01092   0.11369   0.16114   0.14443   0.27538   0.02041   0.10044   0.04719   0.11388   0.00438   0.02908   0.02578   0.04236   0.06296   0.00961   0.03032   0.02823   0.82598   0.02790   0.08008   0.02018   0.02519   0.06712   0.10358   0.07239   2.81840   0.84379   0.11738   3.18032  
120  2.2625  10933.955073  x:  0.01440   0.02794   0.07562   0.05208   0.01884   0.03914   0.21034   0.00000   0.50603   0.10199   0.01815   0.23196   0.11809   0.19989   0.03396   0.06555   0.13004   0.00196   0.07484   0.05041   0.04001   0.07008   0.46990   0.01608   0.13370   0.01268   0.01094   0.11362   0.16102   0.14446   0.27504   0.02032   0.10045   0.04718   0.11394   0.00437   0.02909   0.02577   0.04237   0.06295   0.00961   0.03030   0.02827   0.82590   0.02786   0.08015   0.02017   0.02518   0.06715   0.10369   0.07244   2.81845   0.84388   0.11734   3.17972  
121  1.7000  10933.954498  x:  0.01440   0.02792   0.07564   0.05219   0.01893   0.03902   0.21025   0.00000   0.50582   0.10197   0.01823   0.23196   0.11792   0.19993   0.03388   0.06569   0.13011   0.00195   0.07489   0.05039   0.04002   0.06995   0.46901   0.01606   0.13369   0.01267   0.01093   0.11358   0.16105   0.14451   0.27467   0.02035   0.10043   0.04723   0.11392   0.00437   0.02911   0.02576   0.04237   0.06293   0.00961   0.03030   0.02824   0.82582   0.02789   0.08000   0.02017   0.02518   0.06712   0.10366   0.07235   2.81850   0.84395   0.11737   3.17922  
122  2.1646  10933.954174  x:  0.01440   0.02793   0.07560   0.05223   0.01892   0.03905   0.21019   0.00000   0.50567   0.10195   0.01821   0.23195   0.11778   0.20007   0.03389   0.06559   0.13017   0.00195   0.07484   0.05040   0.03999   0.07009   0.46861   0.01604   0.13386   0.01266   0.01092   0.11365   0.16112   0.14446   0.27451   0.02037   0.10039   0.04723   0.11383   0.00437   0.02911   0.02576   0.04238   0.06290   0.00961   0.03030   0.02823   0.82577   0.02790   0.08006   0.02016   0.02518   0.06710   0.10355   0.07236   2.81855   0.84398   0.11737   3.17904  
123  1.3837  10933.953772  x:  0.01441   0.02793   0.07564   0.05215   0.01883   0.03916   0.21016   0.00000   0.50546   0.10199   0.01831   0.23194   0.11779   0.20025   0.03393   0.06551   0.13014   0.00195   0.07475   0.05045   0.04003   0.06988   0.46841   0.01604   0.13395   0.01266   0.01092   0.11373   0.16113   0.14432   0.27445   0.02044   0.10045   0.04724   0.11382   0.00437   0.02911   0.02576   0.04238   0.06292   0.00961   0.03030   0.02821   0.82571   0.02791   0.08010   0.02016   0.02518   0.06710   0.10350   0.07240   2.81864   0.84394   0.11733   3.17897  
124  0.7823  10933.950262  x:  0.01440   0.02796   0.07575   0.05215   0.01863   0.03946   0.21004   0.00000   0.50366   0.10214   0.01821   0.23188   0.11814   0.20104   0.03383   0.06583   0.12995   0.00191   0.07513   0.05029   0.04002   0.07009   0.46797   0.01599   0.13385   0.01272   0.01092   0.11374   0.16106   0.14342   0.27432   0.02088   0.10062   0.04717   0.11408   0.00437   0.02914   0.02576   0.04237   0.06300   0.00962   0.03031   0.02834   0.82526   0.02780   0.07984   0.02010   0.02518   0.06725   0.10373   0.07242   2.81943   0.84383   0.11734   3.17894  
125  1.2480  10933.938422  x:  0.01445   0.02800   0.07545   0.05215   0.01910   0.03859   0.20976   0.00000   0.49790   0.10210   0.01795   0.23179   0.11870   0.20139   0.03364   0.06639   0.13037   0.00177   0.07451   0.05034   0.04004   0.06987   0.46767   0.01598   0.13346   0.01279   0.01092   0.11328   0.16117   0.14275   0.27400   0.02148   0.10020   0.04695   0.11410   0.00436   0.02904   0.02570   0.04228   0.06281   0.00964   0.03034   0.02786   0.82391   0.02816   0.08053   0.01989   0.02515   0.06693   0.10393   0.07219   2.82197   0.84418   0.11713   3.17910  
126  4.7608  10933.920455  x:  0.01449   0.02804   0.07597   0.05160   0.01961   0.03784   0.20945   0.00000   0.48995   0.10186   0.01857   0.23168   0.11848   0.20050   0.03397   0.06587   0.13076   0.00163   0.07492   0.05011   0.04006   0.06966   0.46761   0.01605   0.13359   0.01282   0.01093   0.11314   0.16140   0.14304   0.27341   0.02058   0.10013   0.04662   0.11370   0.00435   0.02907   0.02566   0.04214   0.06331   0.00967   0.03041   0.02775   0.82203   0.02816   0.07969   0.01959   0.02511   0.06730   0.10365   0.07253   2.82546   0.84461   0.11719   3.17925  
127 13.9884  10933.910670  x:  0.01453   0.02809   0.07623   0.05151   0.01933   0.03860   0.20934   0.00000   0.48632   0.10178   0.01840   0.23154   0.11753   0.19961   0.03385   0.06633   0.13038   0.00153   0.07489   0.04999   0.04009   0.06961   0.46765   0.01593   0.13385   0.01271   0.01086   0.11342   0.16134   0.14435   0.27309   0.02083   0.10054   0.04643   0.11393   0.00434   0.02909   0.02563   0.04211   0.06292   0.00969   0.03043   0.02792   0.82114   0.02795   0.07965   0.01942   0.02509   0.06740   0.10351   0.07256   2.82700   0.84463   0.11701   3.17913  
128 11.1426  10933.905819  x:  0.01456   0.02812   0.07595   0.05190   0.01900   0.03925   0.20938   0.00000   0.48549   0.10194   0.01886   0.23151   0.11718   0.19926   0.03372   0.06676   0.13024   0.00147   0.07487   0.05003   0.04010   0.06976   0.46768   0.01580   0.13392   0.01266   0.01089   0.11353   0.16122   0.14455   0.27294   0.02016   0.10045   0.04643   0.11413   0.00433   0.02908   0.02562   0.04209   0.06322   0.00971   0.03046   0.02780   0.82089   0.02803   0.08000   0.01934   0.02509   0.06723   0.10366   0.07239   2.82730   0.84452   0.11698   3.17882  
129  4.8532  10933.884621  x:  0.01469   0.02801   0.07563   0.05251   0.01843   0.04021   0.20945   0.00000   0.48735   0.10239   0.01863   0.23154   0.11684   0.19921   0.03402   0.06584   0.13103   0.00130   0.07558   0.04973   0.04013   0.06976   0.46801   0.01564   0.13376   0.01251   0.01095   0.11317   0.16099   0.14489   0.27277   0.02057   0.09917   0.04665   0.11405   0.00428   0.02924   0.02558   0.04209   0.06283   0.00975   0.03058   0.02716   0.82091   0.02855   0.07991   0.01898   0.02504   0.06726   0.10487   0.07259   2.82591   0.84467   0.11711   3.17590  
130  2.2365  10933.832089  x:  0.01510   0.02792   0.07646   0.05318   0.01878   0.03957   0.20948   0.00000   0.49357   0.10235   0.01834   0.23175   0.11735   0.19929   0.03393   0.06577   0.13140   0.00087   0.07486   0.04984   0.04007   0.07099   0.46893   0.01543   0.13363   0.01219   0.01106   0.11344   0.16092   0.14412   0.27247   0.02058   0.09983   0.04697   0.11346   0.00419   0.02961   0.02537   0.04206   0.06225   0.00988   0.03070   0.02831   0.82131   0.02714   0.07981   0.01814   0.02492   0.06636   0.10434   0.07146   2.82171   0.84496   0.11703   3.16837  
131 13.2892  10933.823173  x:  0.01517   0.02790   0.07548   0.05327   0.01906   0.03901   0.20942   0.00000   0.49472   0.10188   0.01840   0.23180   0.11756   0.19927   0.03392   0.06595   0.13071   0.00079   0.07562   0.04955   0.04013   0.07086   0.46910   0.01550   0.13384   0.01218   0.01102   0.11386   0.16109   0.14401   0.27244   0.02081   0.10006   0.04712   0.11349   0.00416   0.02967   0.02536   0.04207   0.06221   0.00990   0.03076   0.02832   0.82139   0.02708   0.08026   0.01799   0.02490   0.06670   0.10373   0.07170   2.82095   0.84495   0.11714   3.16706  
132 10.4212  10933.822824  x:  0.01518   0.02788   0.07553   0.05330   0.01909   0.03898   0.20940   0.00000   0.49478   0.10174   0.01839   0.23181   0.11758   0.19928   0.03393   0.06593   0.13047   0.00079   0.07559   0.04955   0.04012   0.07093   0.46912   0.01548   0.13386   0.01217   0.01102   0.11391   0.16116   0.14400   0.27244   0.02080   0.10003   0.04714   0.11357   0.00416   0.02968   0.02537   0.04207   0.06218   0.00990   0.03077   0.02816   0.82140   0.02723   0.08015   0.01798   0.02490   0.06661   0.10370   0.07172   2.82091   0.84496   0.11711   3.16702  
133  1.7875  10933.822753  x:  0.01517   0.02788   0.07557   0.05330   0.01907   0.03900   0.20940   0.00000   0.49480   0.10163   0.01840   0.23181   0.11759   0.19930   0.03392   0.06593   0.13041   0.00079   0.07557   0.04955   0.04012   0.07090   0.46912   0.01548   0.13387   0.01217   0.01101   0.11389   0.16122   0.14400   0.27244   0.02079   0.09994   0.04713   0.11358   0.00416   0.02967   0.02536   0.04207   0.06218   0.00990   0.03077   0.02821   0.82140   0.02718   0.08017   0.01798   0.02490   0.06662   0.10373   0.07170   2.82091   0.84500   0.11713   3.16703  
134  0.3143  10933.821908  x:  0.01519   0.02789   0.07546   0.05321   0.01892   0.03919   0.20939   0.00000   0.49522   0.10124   0.01845   0.23183   0.11764   0.19936   0.03392   0.06595   0.13049   0.00078   0.07554   0.04955   0.04012   0.07086   0.46914   0.01549   0.13369   0.01221   0.01103   0.11370   0.16141   0.14400   0.27246   0.02076   0.10020   0.04710   0.11334   0.00416   0.02967   0.02536   0.04205   0.06219   0.00990   0.03077   0.02817   0.82148   0.02720   0.08014   0.01796   0.02489   0.06651   0.10382   0.07183   2.82080   0.84504   0.11713   3.16742  
135  0.1282  10933.813402  x:  0.01525   0.02787   0.07594   0.05265   0.01873   0.03943   0.20953   0.00000   0.49958   0.10101   0.01868   0.23183   0.11779   0.19947   0.03422   0.06568   0.13049   0.00074   0.07522   0.04969   0.04015   0.07046   0.46934   0.01556   0.13330   0.01220   0.01104   0.11395   0.16153   0.14392   0.27261   0.02073   0.10019   0.04684   0.11382   0.00415   0.02963   0.02540   0.04198   0.06233   0.00992   0.03087   0.02785   0.82215   0.02736   0.08047   0.01778   0.02491   0.06725   0.10368   0.07139   2.81979   0.84493   0.11719   3.17151  
136  1.8747  10933.809536  x:  0.01532   0.02785   0.07609   0.05243   0.01879   0.03928   0.20961   0.00000   0.50149   0.10133   0.01873   0.23182   0.11784   0.19948   0.03427   0.06580   0.13019   0.00072   0.07507   0.04974   0.04018   0.07020   0.46944   0.01561   0.13369   0.01216   0.01106   0.11396   0.16145   0.14388   0.27267   0.02071   0.09993   0.04675   0.11393   0.00414   0.02961   0.02542   0.04195   0.06241   0.00993   0.03091   0.02800   0.82243   0.02713   0.08048   0.01770   0.02491   0.06679   0.10397   0.07211   2.81935   0.84492   0.11728   3.17329  
137  8.2887  10933.809377  x:  0.01532   0.02786   0.07610   0.05241   0.01881   0.03925   0.20961   0.00000   0.50157   0.10139   0.01873   0.23182   0.11784   0.19948   0.03428   0.06580   0.13007   0.00072   0.07508   0.04973   0.04018   0.07020   0.46944   0.01561   0.13384   0.01215   0.01107   0.11385   0.16143   0.14388   0.27267   0.02071   0.09998   0.04674   0.11381   0.00414   0.02961   0.02542   0.04195   0.06241   0.00993   0.03091   0.02798   0.82245   0.02715   0.08050   0.01770   0.02491   0.06683   0.10409   0.07202   2.81933   0.84493   0.11727   3.17336  
138  1.0843  10933.802265  x:  0.01538   0.02781   0.07574   0.05239   0.01892   0.03901   0.20982   0.00000   0.50520   0.10220   0.01864   0.23155   0.11792   0.19929   0.03443   0.06567   0.13066   0.00079   0.07521   0.04989   0.04023   0.07046   0.46928   0.01566   0.13356   0.01211   0.01106   0.11416   0.16089   0.14392   0.27289   0.02087   0.10087   0.04676   0.11384   0.00412   0.02963   0.02556   0.04196   0.06248   0.00991   0.03099   0.02759   0.82278   0.02733   0.08051   0.01753   0.02501   0.06681   0.10364   0.07223   2.81781   0.84454   0.11716   3.16939  
139  0.0101  10933.799287  x:  0.01531   0.02787   0.07589   0.05246   0.01900   0.03887   0.20986   0.00000   0.50704   0.10179   0.01866   0.23150   0.11793   0.19935   0.03432   0.06590   0.13091   0.00083   0.07529   0.04990   0.04025   0.07049   0.46877   0.01565   0.13323   0.01216   0.01097   0.11429   0.16112   0.14407   0.27295   0.02089   0.10059   0.04663   0.11426   0.00413   0.02963   0.02563   0.04198   0.06262   0.00989   0.03100   0.02749   0.82334   0.02737   0.08022   0.01752   0.02507   0.06677   0.10335   0.07247   2.82138   0.84460   0.11724   3.16448  
140  0.0147  10933.790538  x:  0.01525   0.02771   0.07608   0.05208   0.01901   0.03870   0.20988   0.00000   0.50467   0.10182   0.01887   0.23107   0.11822   0.19953   0.03486   0.06572   0.13062   0.00099   0.07537   0.05021   0.04043   0.07043   0.46974   0.01576   0.13378   0.01218   0.01097   0.11385   0.16148   0.14412   0.27390   0.02098   0.10076   0.04620   0.11429   0.00419   0.02935   0.02583   0.04182   0.06293   0.00982   0.03096   0.02732   0.82292   0.02738   0.08038   0.01767   0.02522   0.06674   0.10361   0.07256   2.82355   0.84447   0.11714   3.15808  
141  0.0065  10933.756040  x:  0.01536   0.02758   0.07611   0.05204   0.01929   0.03918   0.21000   0.00000   0.50518   0.10268   0.01915   0.23172   0.11797   0.19923   0.03532   0.06630   0.13185   0.00047   0.07587   0.04987   0.04043   0.07082   0.46945   0.01553   0.13394   0.01235   0.01118   0.11406   0.16117   0.14412   0.27299   0.02128   0.10136   0.04571   0.11432   0.00439   0.02907   0.02559   0.04149   0.06280   0.00989   0.03096   0.02732   0.82505   0.02784   0.08089   0.01809   0.02499   0.06672   0.10354   0.07251   2.84116   0.84454   0.11609   3.09787  
142  0.0125  10933.669192  x:  0.01570   0.02756   0.07593   0.05269   0.01919   0.03971   0.21020   0.00000   0.50336   0.10308   0.01928   0.23209   0.11787   0.19896   0.03536   0.06601   0.13102   0.00130   0.07564   0.04938   0.04054   0.07089   0.47142   0.01534   0.13440   0.01214   0.01125   0.11419   0.16110   0.14391   0.27130   0.02142   0.10192   0.04619   0.11350   0.00402   0.02938   0.02533   0.04144   0.06225   0.01010   0.03124   0.02799   0.82640   0.02734   0.08187   0.01755   0.02481   0.06671   0.10423   0.07155   2.88140   0.84575   0.11312   2.93423  
143  0.0423  10933.575622  x:  0.01544   0.02786   0.07543   0.05239   0.01883   0.03840   0.21077   0.00000   0.51141   0.10346   0.01860   0.23147   0.11827   0.20046   0.03472   0.06470   0.12946   0.00080   0.07519   0.05054   0.04030   0.07093   0.47208   0.01596   0.13544   0.01180   0.01115   0.11343   0.16111   0.14448   0.27462   0.02053   0.10186   0.04716   0.11274   0.00416   0.02974   0.02595   0.04215   0.06258   0.00996   0.03113   0.02730   0.83044   0.02723   0.08090   0.01762   0.02527   0.06701   0.10466   0.07181   2.91120   0.84553   0.10835   2.77326  
144  0.0705  10933.443138  x:  0.01547   0.02726   0.07453   0.05203   0.01772   0.03999   0.21149   0.00000   0.49521   0.10389   0.01784   0.23207   0.12058   0.19962   0.03508   0.06327   0.13014   0.00058   0.07458   0.05129   0.03997   0.06980   0.47685   0.01639   0.13212   0.01226   0.01086   0.11493   0.15948   0.14458   0.27606   0.02018   0.10229   0.04815   0.11397   0.00430   0.02964   0.02608   0.04253   0.06228   0.00954   0.03053   0.02819   0.82851   0.02671   0.08140   0.01779   0.02526   0.06704   0.10286   0.07287   2.92261   0.84665   0.10497   2.53338  
145  0.0782  10932.560446  x:  0.01558   0.02734   0.07413   0.04905   0.01756   0.04136   0.21267   0.00000   0.50312   0.10475   0.01788   0.23619   0.11980   0.20077   0.03499   0.06424   0.13274   0.00079   0.07416   0.05060   0.03861   0.06816   0.48250   0.01624   0.13224   0.01339   0.01152   0.11558   0.15927   0.14389   0.27428   0.01862   0.10201   0.04861   0.11457   0.00440   0.02961   0.02527   0.04259   0.06195   0.00875   0.02905   0.02913   0.83429   0.02750   0.08159   0.01785   0.02464   0.06919   0.10267   0.07519   2.94669   0.84757   0.07650   1.57064  
146  0.3311  10932.039000  x:  0.01556   0.02756   0.07457   0.04870   0.01764   0.04149   0.21270   0.00000   0.49986   0.10466   0.01819   0.23670   0.11893   0.20113   0.03477   0.06495   0.13343   0.00085   0.07409   0.05028   0.03864   0.06797   0.48326   0.01616   0.13240   0.01357   0.01162   0.11570   0.15990   0.14370   0.27362   0.01869   0.10190   0.04837   0.11499   0.00436   0.02960   0.02517   0.04252   0.06224   0.00884   0.02917   0.02908   0.83479   0.02787   0.08157   0.01783   0.02455   0.06967   0.10292   0.07569   2.92749   0.84915   0.05818   1.01784  
147  1.2589  10931.584645  x:  0.01548   0.02783   0.07531   0.04876   0.01807   0.04109   0.21195   0.00000   0.49812   0.10391   0.01865   0.23642   0.11756   0.20126   0.03448   0.06604   0.13371   0.00092   0.07423   0.04976   0.03883   0.06822   0.48109   0.01589   0.13320   0.01354   0.01170   0.11534   0.16092   0.14336   0.27254   0.01908   0.10130   0.04768   0.11514   0.00429   0.02956   0.02504   0.04227   0.06255   0.00905   0.02946   0.02869   0.83229   0.02830   0.08117   0.01776   0.02449   0.06970   0.10339   0.07564   2.87832   0.84956   0.04908   0.87962  
148  0.7242  10931.121050  x:  0.01539   0.02810   0.07650   0.05063   0.01854   0.04007   0.21090   0.00000   0.49411   0.10263   0.01911   0.23372   0.11743   0.20040   0.03438   0.06683   0.13231   0.00098   0.07480   0.04964   0.03995   0.06919   0.47501   0.01579   0.13350   0.01287   0.01128   0.11469   0.16205   0.14397   0.27153   0.02038   0.10113   0.04643   0.11513   0.00415   0.02948   0.02547   0.04202   0.06322   0.00974   0.03078   0.02797   0.82921   0.02800   0.08112   0.01776   0.02486   0.06863   0.10406   0.07411   2.81829   0.85256   0.03985   0.61980  
149  0.3502  10931.060894  x:  0.01537   0.02803   0.07652   0.05160   0.01866   0.03947   0.21039   0.00000   0.49372   0.10232   0.01898   0.23239   0.11794   0.20008   0.03448   0.06648   0.13126   0.00090   0.07507   0.04987   0.04028   0.06987   0.47250   0.01578   0.13385   0.01244   0.01108   0.11432   0.16214   0.14425   0.27169   0.02078   0.10109   0.04630   0.11469   0.00413   0.02951   0.02568   0.04199   0.06319   0.00991   0.03111   0.02762   0.82777   0.02769   0.08097   0.01774   0.02508   0.06778   0.10412   0.07314   2.80939   0.85286   0.03972   0.63247  
150  0.0283  10931.037545  x:  0.01537   0.02796   0.07650   0.05210   0.01874   0.03915   0.21012   0.00000   0.49325   0.10215   0.01888   0.23184   0.11818   0.20003   0.03455   0.06626   0.13077   0.00084   0.07526   0.05000   0.04038   0.07030   0.47130   0.01574   0.13428   0.01222   0.01102   0.11410   0.16228   0.14433   0.27162   0.02097   0.10098   0.04631   0.11443   0.00413   0.02954   0.02575   0.04198   0.06312   0.00995   0.03119   0.02745   0.82713   0.02758   0.08084   0.01772   0.02517   0.06730   0.10413   0.07267   2.80538   0.85344   0.03701   0.56840  
151  0.1528  10931.032740  x:  0.01538   0.02788   0.07643   0.05233   0.01876   0.03911   0.21011   0.00000   0.49423   0.10208   0.01878   0.23182   0.11835   0.20002   0.03465   0.06606   0.13057   0.00080   0.07537   0.05005   0.04038   0.07050   0.47096   0.01569   0.13454   0.01217   0.01103   0.11402   0.16234   0.14432   0.27153   0.02103   0.10087   0.04640   0.11432   0.00416   0.02955   0.02574   0.04197   0.06300   0.00993   0.03113   0.02747   0.82717   0.02750   0.08081   0.01772   0.02519   0.06706   0.10412   0.07250   2.80585   0.85377   0.03411   0.50418  
152  0.0751  10931.027922  x:  0.01539   0.02780   0.07637   0.05239   0.01873   0.03917   0.21020   0.00000   0.49533   0.10207   0.01872   0.23192   0.11852   0.19999   0.03474   0.06591   0.13051   0.00078   0.07542   0.05009   0.04037   0.07054   0.47101   0.01567   0.13454   0.01217   0.01103   0.11404   0.16229   0.14433   0.27153   0.02103   0.10083   0.04648   0.11431   0.00417   0.02955   0.02572   0.04197   0.06292   0.00990   0.03106   0.02757   0.82743   0.02743   0.08086   0.01772   0.02518   0.06697   0.10407   0.07247   2.80934   0.85377   0.03392   0.50398  
153  0.0037  10931.022674  x:  0.01541   0.02777   0.07639   0.05231   0.01868   0.03933   0.21031   0.00000   0.49576   0.10204   0.01874   0.23204   0.11856   0.19993   0.03479   0.06590   0.13059   0.00081   0.07538   0.05007   0.04037   0.07044   0.47126   0.01570   0.13428   0.01222   0.01103   0.11415   0.16225   0.14434   0.27149   0.02100   0.10083   0.04645   0.11445   0.00418   0.02952   0.02572   0.04196   0.06292   0.00988   0.03105   0.02767   0.82781   0.02739   0.08099   0.01772   0.02515   0.06703   0.10405   0.07258   2.80969   0.85374   0.03098   0.44477  
154  0.0320  10931.021062  x:  0.01541   0.02780   0.07641   0.05224   0.01867   0.03935   0.21031   0.00000   0.49542   0.10206   0.01878   0.23203   0.11852   0.19993   0.03477   0.06595   0.13065   0.00082   0.07534   0.05006   0.04037   0.07037   0.47139   0.01571   0.13418   0.01224   0.01103   0.11418   0.16223   0.14434   0.27152   0.02098   0.10086   0.04643   0.11449   0.00417   0.02951   0.02573   0.04196   0.06296   0.00989   0.03108   0.02767   0.82781   0.02740   0.08100   0.01772   0.02515   0.06710   0.10404   0.07263   2.80993   0.85368   0.02924   0.41082  
155  0.0444  10931.019921  x:  0.01540   0.02784   0.07643   0.05216   0.01866   0.03934   0.21030   0.00000   0.49489   0.10210   0.01882   0.23202   0.11845   0.19993   0.03472   0.06603   0.13073   0.00083   0.07530   0.05004   0.04037   0.07029   0.47151   0.01573   0.13410   0.01226   0.01102   0.11420   0.16221   0.14434   0.27156   0.02096   0.10091   0.04640   0.11452   0.00416   0.02951   0.02573   0.04197   0.06301   0.00991   0.03111   0.02764   0.82774   0.02744   0.08099   0.01773   0.02515   0.06720   0.10405   0.07268   2.81005   0.85359   0.02834   0.39510  
156  0.0231  10931.019243  x:  0.01540   0.02785   0.07642   0.05217   0.01867   0.03932   0.21028   0.00000   0.49480   0.10211   0.01881   0.23201   0.11846   0.19994   0.03471   0.06603   0.13072   0.00082   0.07531   0.05004   0.04037   0.07030   0.47147   0.01573   0.13414   0.01225   0.01102   0.11418   0.16221   0.14434   0.27156   0.02096   0.10092   0.04640   0.11449   0.00416   0.02952   0.02573   0.04197   0.06301   0.00991   0.03111   0.02763   0.82769   0.02744   0.08097   0.01773   0.02515   0.06719   0.10405   0.07267   2.81029   0.85362   0.02746   0.37837  
157  0.0373  10931.018791  x:  0.01540   0.02784   0.07641   0.05220   0.01868   0.03929   0.21027   0.00000   0.49480   0.10212   0.01879   0.23200   0.11847   0.19995   0.03471   0.06601   0.13069   0.00082   0.07533   0.05005   0.04036   0.07034   0.47140   0.01572   0.13421   0.01224   0.01102   0.11416   0.16222   0.14434   0.27155   0.02097   0.10091   0.04642   0.11446   0.00416   0.02952   0.02573   0.04198   0.06300   0.00991   0.03110   0.02762   0.82764   0.02744   0.08095   0.01773   0.02516   0.06716   0.10405   0.07264   2.81033   0.85367   0.02657   0.36164  
158  0.0373  10931.018438  x:  0.01539   0.02783   0.07638   0.05228   0.01871   0.03924   0.21025   0.00000   0.49492   0.10212   0.01875   0.23198   0.11850   0.19998   0.03472   0.06597   0.13061   0.00080   0.07537   0.05007   0.04036   0.07042   0.47124   0.01570   0.13437   0.01221   0.01103   0.11411   0.16225   0.14434   0.27152   0.02099   0.10089   0.04646   0.11438   0.00417   0.02954   0.02572   0.04198   0.06296   0.00990   0.03107   0.02760   0.82758   0.02744   0.08091   0.01773   0.02516   0.06708   0.10406   0.07257   2.81027   0.85379   0.02586   0.34891  
159  0.0098  10931.018222  x:  0.01540   0.02784   0.07640   0.05224   0.01870   0.03927   0.21026   0.00000   0.49483   0.10211   0.01877   0.23199   0.11847   0.19998   0.03471   0.06600   0.13064   0.00081   0.07535   0.05006   0.04036   0.07039   0.47131   0.01571   0.13431   0.01223   0.01103   0.11413   0.16225   0.14434   0.27152   0.02098   0.10090   0.04644   0.11442   0.00417   0.02953   0.02573   0.04198   0.06298   0.00990   0.03108   0.02760   0.82763   0.02745   0.08093   0.01773   0.02516   0.06712   0.10407   0.07260   2.80979   0.85377   0.02516   0.33619  
160  0.0091  10931.018075  x:  0.01540   0.02784   0.07642   0.05221   0.01869   0.03929   0.21027   0.00000   0.49478   0.10211   0.01879   0.23201   0.11845   0.19997   0.03471   0.06602   0.13068   0.00082   0.07533   0.05005   0.04037   0.07036   0.47139   0.01572   0.13424   0.01224   0.01103   0.11415   0.16225   0.14434   0.27152   0.02098   0.10090   0.04642   0.11446   0.00416   0.02953   0.02573   0.04198   0.06300   0.00990   0.03109   0.02761   0.82770   0.02745   0.08095   0.01773   0.02516   0.06716   0.10407   0.07264   2.80955   0.85373   0.02503   0.33404  
161  0.0036  10931.017900  x:  0.01540   0.02784   0.07641   0.05222   0.01869   0.03929   0.21027   0.00000   0.49485   0.10211   0.01878   0.23200   0.11847   0.19997   0.03472   0.06600   0.13067   0.00081   0.07534   0.05005   0.04036   0.07037   0.47139   0.01571   0.13426   0.01223   0.01103   0.11415   0.16224   0.14434   0.27153   0.02098   0.10090   0.04643   0.11445   0.00416   0.02953   0.02573   0.04198   0.06299   0.00990   0.03109   0.02761   0.82769   0.02744   0.08095   0.01773   0.02516   0.06714   0.10406   0.07263   2.81009   0.85374   0.02436   0.32222  
162  0.0085  10931.017753  x:  0.01540   0.02783   0.07639   0.05225   0.01869   0.03927   0.21026   0.00000   0.49496   0.10211   0.01877   0.23199   0.11850   0.19996   0.03472   0.06597   0.13064   0.00081   0.07535   0.05006   0.04036   0.07039   0.47132   0.01571   0.13429   0.01222   0.01103   0.11414   0.16223   0.14434   0.27153   0.02098   0.10089   0.04644   0.11442   0.00417   0.02953   0.02573   0.04198   0.06297   0.00990   0.03108   0.02761   0.82763   0.02743   0.08094   0.01773   0.02516   0.06711   0.10405   0.07260   2.81037   0.85375   0.02364   0.30963  
163  0.0064  10931.017709  x:  0.01540   0.02784   0.07641   0.05223   0.01869   0.03929   0.21027   0.00000   0.49484   0.10211   0.01878   0.23200   0.11847   0.19996   0.03472   0.06600   0.13067   0.00081   0.07534   0.05005   0.04037   0.07037   0.47136   0.01571   0.13426   0.01223   0.01103   0.11415   0.16224   0.14434   0.27152   0.02098   0.10090   0.04643   0.11445   0.00416   0.02953   0.02573   0.04198   0.06299   0.00990   0.03109   0.02761   0.82767   0.02744   0.08095   0.01773   0.02516   0.06714   0.10406   0.07262   2.80985   0.85374   0.02348   0.30695  
164  0.0014  10931.017676  x:  0.01540   0.02784   0.07641   0.05222   0.01869   0.03929   0.21027   0.00000   0.49484   0.10211   0.01878   0.23200   0.11847   0.19996   0.03472   0.06600   0.13067   0.00081   0.07534   0.05005   0.04037   0.07037   0.47136   0.01571   0.13426   0.01223   0.01103   0.11415   0.16224   0.14434   0.27152   0.02098   0.10090   0.04642   0.11445   0.00416   0.02953   0.02573   0.04198   0.06299   0.00990   0.03109   0.02761   0.82767   0.02744   0.08095   0.01773   0.02516   0.06714   0.10406   0.07263   2.80984   0.85374   0.02324   0.30272  
165  0.0067  10931.017674  x:  0.01540   0.02784   0.07641   0.05223   0.01869   0.03929   0.21027   0.00000   0.49485   0.10211   0.01878   0.23200   0.11847   0.19996   0.03472   0.06600   0.13066   0.00081   0.07534   0.05005   0.04037   0.07037   0.47136   0.01571   0.13426   0.01223   0.01103   0.11415   0.16224   0.14434   0.27153   0.02098   0.10090   0.04643   0.11444   0.00416   0.02953   0.02573   0.04198   0.06299   0.00990   0.03109   0.02761   0.82767   0.02744   0.08095   0.01773   0.02516   0.06714   0.10406   0.07262   2.80994   0.85374   0.02327   0.30332  
166  0.0013  10931.017621  x:  0.01540   0.02783   0.07639   0.05225   0.01869   0.03927   0.21026   0.00000   0.49495   0.10211   0.01876   0.23199   0.11850   0.19997   0.03472   0.06598   0.13064   0.00080   0.07535   0.05006   0.04036   0.07039   0.47133   0.01571   0.13431   0.01222   0.01103   0.11413   0.16224   0.14434   0.27154   0.02098   0.10089   0.04645   0.11442   0.00417   0.02953   0.02573   0.04198   0.06297   0.00990   0.03108   0.02761   0.82765   0.02744   0.08093   0.01773   0.02516   0.06711   0.10405   0.07260   2.81064   0.85377   0.02269   0.29351  
167  0.0024  10931.017616  x:  0.01540   0.02783   0.07640   0.05224   0.01869   0.03927   0.21027   0.00000   0.49491   0.10211   0.01877   0.23200   0.11849   0.19997   0.03472   0.06598   0.13065   0.00081   0.07535   0.05006   0.04036   0.07038   0.47134   0.01571   0.13429   0.01223   0.01103   0.11414   0.16224   0.14434   0.27153   0.02098   0.10089   0.04644   0.11443   0.00417   0.02953   0.02573   0.04198   0.06298   0.00990   0.03108   0.02761   0.82766   0.02744   0.08094   0.01773   0.02516   0.06712   0.10406   0.07261   2.81038   0.85376   0.02281   0.29544  
168  0.0041  10931.017609  x:  0.01540   0.02783   0.07640   0.05224   0.01869   0.03928   0.21027   0.00000   0.49488   0.10211   0.01878   0.23200   0.11848   0.19997   0.03472   0.06599   0.13066   0.00081   0.07534   0.05006   0.04036   0.07038   0.47135   0.01571   0.13428   0.01223   0.01103   0.11414   0.16224   0.14434   0.27153   0.02098   0.10090   0.04643   0.11444   0.00416   0.02953   0.02573   0.04198   0.06298   0.00990   0.03109   0.02761   0.82766   0.02744   0.08094   0.01773   0.02516   0.06713   0.10406   0.07261   2.81014   0.85375   0.02283   0.29584  
169  0.0006  10931.017609  x:  0.01540   0.02783   0.07640   0.05224   0.01869   0.03928   0.21027   0.00000   0.49488   0.10211   0.01878   0.23200   0.11848   0.19997   0.03472   0.06599   0.13066   0.00081   0.07534   0.05006   0.04036   0.07038   0.47135   0.01571   0.13428   0.01223   0.01103   0.11414   0.16224   0.14434   0.27153   0.02098   0.10090   0.04643   0.11444   0.00416   0.02953   0.02573   0.04198   0.06298   0.00990   0.03109   0.02761   0.82766   0.02744   0.08094   0.01773   0.02516   0.06713   0.10406   0.07261   2.81014   0.85375   0.02283   0.29587  
170  0.0071  10931.017608  x:  0.01540   0.02783   0.07641   0.05223   0.01869   0.03928   0.21027   0.00000   0.49487   0.10211   0.01878   0.23200   0.11848   0.19997   0.03472   0.06600   0.13066   0.00081   0.07534   0.05006   0.04036   0.07037   0.47135   0.01571   0.13427   0.01223   0.01103   0.11414   0.16224   0.14434   0.27153   0.02098   0.10090   0.04643   0.11444   0.00416   0.02953   0.02573   0.04198   0.06298   0.00990   0.03109   0.02761   0.82766   0.02744   0.08094   0.01773   0.02516   0.06713   0.10406   0.07262   2.81003   0.85375   0.02284   0.29591  