Supplemental results for CODEML (seqf: shh.fasta  treef: shh_tree.txt)


MLEs of dN/dS (w) for site classes (K=6)

p:   0.18091  0.18091  0.18091  0.18091  0.18091  0.09545
w:   0.00000  0.00000  0.00010  0.00892  0.25787  1.00000

Naive Empirical Bayes (NEB) probabilities for 6 classes & postmean_w
(amino acids refer to 1st sequence: Nothoprocta_perdicaria)

   1 M   0.23925 0.23925 0.23911 0.22730 0.05465 0.00043 ( 1)  0.017
   2 D   0.00000 0.00000 0.00178 0.15413 0.83142 0.01267 ( 5)  0.228
   3 E   0.23307 0.23307 0.23297 0.22410 0.07519 0.00159 ( 1)  0.023
   4 M   0.23925 0.23925 0.23911 0.22730 0.05465 0.00043 ( 1)  0.017
   5 L   0.23552 0.23552 0.23541 0.22546 0.06707 0.00102 ( 1)  0.020
   6 L   0.23552 0.23552 0.23541 0.22546 0.06707 0.00102 ( 1)  0.020
   7 L   0.22601 0.22600 0.22593 0.21953 0.09779 0.00473 ( 1)  0.032
   8 T   0.22861 0.22861 0.22853 0.22130 0.08964 0.00332 ( 1)  0.028
   9 R   0.22865 0.22865 0.22857 0.22133 0.08951 0.00330 ( 1)  0.028
  10 I   0.22396 0.22396 0.22389 0.21808 0.10399 0.00612 ( 1)  0.035
  11 L   0.23910 0.23910 0.23896 0.22721 0.05516 0.00046 ( 1)  0.017
  12 L   0.22601 0.22600 0.22593 0.21953 0.09779 0.00473 ( 1)  0.032
  13 V   0.23877 0.23877 0.23864 0.22707 0.05625 0.00050 ( 1)  0.017
  14 G   0.24047 0.24047 0.24032 0.22775 0.05064 0.00035 ( 1)  0.015
  15 F   0.23614 0.23614 0.23602 0.22581 0.06503 0.00087 ( 1)  0.020
  16 V   0.00000 0.00000 0.00119 0.10427 0.85228 0.04226 ( 5)  0.263
  17 C   0.24117 0.24117 0.24103 0.22806 0.04829 0.00027 ( 1)  0.015
  18 A   0.22662 0.22662 0.22655 0.21994 0.09581 0.00445 ( 1)  0.031
  19 L   0.22541 0.22541 0.22534 0.21911 0.09959 0.00514 ( 1)  0.033
  20 L   0.21381 0.21381 0.21377 0.21023 0.13124 0.01714 ( 1)  0.053
  21 V   0.23911 0.23911 0.23898 0.22722 0.05513 0.00046 ( 1)  0.017
  22 S   0.23910 0.23910 0.23897 0.22722 0.05516 0.00046 ( 1)  0.017
  23 S   0.22541 0.22541 0.22534 0.21911 0.09959 0.00514 ( 1)  0.033
  24 G   0.24013 0.24013 0.23999 0.22762 0.05174 0.00038 ( 1)  0.016
  25 L   0.23552 0.23552 0.23541 0.22546 0.06707 0.00102 ( 1)  0.020
  26 T   0.22587 0.22587 0.22579 0.21943 0.09819 0.00485 ( 1)  0.032
  27 C   0.22916 0.22916 0.22907 0.22167 0.08792 0.00303 ( 1)  0.028
  28 G   0.22736 0.22736 0.22728 0.22044 0.09351 0.00405 ( 1)  0.030
  29 P   0.22909 0.22909 0.22901 0.22160 0.08805 0.00315 ( 1)  0.028
  30 G   0.24047 0.24047 0.24032 0.22775 0.05064 0.00035 ( 1)  0.015
  31 R   0.23919 0.23919 0.23905 0.22725 0.05487 0.00046 ( 1)  0.017
  32 G   0.24047 0.24047 0.24032 0.22775 0.05064 0.00035 ( 1)  0.015
  33 I   0.22396 0.22396 0.22389 0.21808 0.10399 0.00612 ( 1)  0.035
  34 G   0.22736 0.22736 0.22728 0.22044 0.09351 0.00405 ( 1)  0.030
  35 K   0.22765 0.22765 0.22757 0.22067 0.09269 0.00376 ( 1)  0.030
  36 R   0.23919 0.23919 0.23905 0.22725 0.05487 0.00046 ( 1)  0.017
  37 R   0.23285 0.23285 0.23275 0.22392 0.07589 0.00175 ( 1)  0.023
  38 H   0.24312 0.24312 0.24296 0.22871 0.04193 0.00016 ( 1)  0.013
  39 P   0.23997 0.23997 0.23983 0.22755 0.05228 0.00040 ( 1)  0.016
  40 K   0.22765 0.22765 0.22757 0.22067 0.09269 0.00376 ( 1)  0.030
  41 K   0.23675 0.23675 0.23663 0.22612 0.06298 0.00077 ( 1)  0.019
  42 L   0.23552 0.23552 0.23541 0.22546 0.06707 0.00102 ( 1)  0.020
  43 T   0.23954 0.23954 0.23940 0.22740 0.05371 0.00042 ( 1)  0.016
  44 P   0.22913 0.22913 0.22904 0.22162 0.08795 0.00313 ( 1)  0.028
  45 L   0.21381 0.21381 0.21377 0.21023 0.13124 0.01714 ( 1)  0.053
  46 A   0.24023 0.24023 0.24009 0.22765 0.05143 0.00037 ( 1)  0.016
  47 Y   0.22110 0.22110 0.22104 0.21597 0.11226 0.00853 ( 1)  0.039
  48 K   0.23675 0.23675 0.23663 0.22612 0.06298 0.00077 ( 1)  0.019
  49 Q   0.23983 0.23983 0.23969 0.22753 0.05273 0.00039 ( 1)  0.016
  50 F   0.22419 0.22419 0.22413 0.21826 0.10330 0.00593 ( 1)  0.035
  51 I   0.22396 0.22396 0.22389 0.21808 0.10399 0.00612 ( 1)  0.035
  52 P   0.23997 0.23997 0.23983 0.22755 0.05228 0.00040 ( 1)  0.016
  53 N   0.22697 0.22697 0.22690 0.22021 0.09482 0.00413 ( 1)  0.031
  54 V   0.23877 0.23877 0.23864 0.22707 0.05625 0.00050 ( 1)  0.017
  55 A   0.22936 0.22936 0.22928 0.22178 0.08720 0.00302 ( 1)  0.028
  56 E   0.24156 0.24156 0.24141 0.22820 0.04701 0.00025 ( 1)  0.014
  57 K   0.23675 0.23675 0.23663 0.22612 0.06298 0.00077 ( 1)  0.019
  58 T   0.23954 0.23954 0.23940 0.22740 0.05371 0.00042 ( 1)  0.016
  59 L   0.22486 0.22486 0.22479 0.21872 0.10124 0.00552 ( 1)  0.034
  60 G   0.24013 0.24013 0.23999 0.22762 0.05174 0.00038 ( 1)  0.016
  61 A   0.24023 0.24023 0.24009 0.22765 0.05143 0.00037 ( 1)  0.016
  62 S   0.23227 0.23227 0.23218 0.22363 0.07783 0.00183 ( 1)  0.024
  63 G   0.22736 0.22736 0.22728 0.22044 0.09351 0.00405 ( 1)  0.030
  64 R   0.22865 0.22865 0.22857 0.22133 0.08951 0.00330 ( 1)  0.028
  65 Y   0.22110 0.22110 0.22104 0.21597 0.11226 0.00853 ( 1)  0.039
  66 E   0.23307 0.23307 0.23297 0.22410 0.07519 0.00159 ( 1)  0.023
  67 G   0.24013 0.24013 0.23999 0.22762 0.05174 0.00038 ( 1)  0.016
  68 K   0.23675 0.23675 0.23663 0.22612 0.06298 0.00077 ( 1)  0.019
  69 I   0.23646 0.23646 0.23634 0.22597 0.06394 0.00082 ( 1)  0.019
  70 T   0.22861 0.22861 0.22853 0.22130 0.08964 0.00332 ( 1)  0.028
  71 R   0.22865 0.22865 0.22857 0.22133 0.08951 0.00330 ( 1)  0.028
  72 N   0.23864 0.23864 0.23851 0.22703 0.05667 0.00050 ( 1)  0.017
  73 S   0.23910 0.23910 0.23897 0.22722 0.05516 0.00046 ( 1)  0.017
  74 E   0.24156 0.24156 0.24141 0.22820 0.04701 0.00025 ( 1)  0.014
  75 R   0.22865 0.22865 0.22857 0.22133 0.08951 0.00330 ( 1)  0.028
  76 F   0.22419 0.22419 0.22413 0.21826 0.10330 0.00593 ( 1)  0.035
  77 K   0.22765 0.22765 0.22757 0.22067 0.09269 0.00376 ( 1)  0.030
  78 E   0.23307 0.23307 0.23297 0.22410 0.07519 0.00159 ( 1)  0.023
  79 L   0.22487 0.22487 0.22480 0.21873 0.10121 0.00551 ( 1)  0.034
  80 T   0.23954 0.23954 0.23940 0.22740 0.05371 0.00042 ( 1)  0.016
  81 P   0.22909 0.22909 0.22901 0.22160 0.08805 0.00315 ( 1)  0.028
  82 N   0.22697 0.22697 0.22690 0.22021 0.09482 0.00413 ( 1)  0.031
  83 Y   0.23481 0.23481 0.23470 0.22509 0.06943 0.00115 ( 1)  0.021
  84 N   0.23864 0.23864 0.23851 0.22703 0.05667 0.00050 ( 1)  0.017
  85 P   0.22636 0.22636 0.22628 0.21976 0.09663 0.00461 ( 1)  0.032
  86 D   0.24311 0.24311 0.24295 0.22871 0.04196 0.00016 ( 1)  0.013
  87 I   0.22396 0.22396 0.22389 0.21808 0.10399 0.00612 ( 1)  0.035
  88 I   0.22396 0.22396 0.22389 0.21808 0.10399 0.00612 ( 1)  0.035
  89 F   0.22419 0.22419 0.22413 0.21826 0.10330 0.00593 ( 1)  0.035
  90 K   0.23675 0.23675 0.23663 0.22612 0.06298 0.00077 ( 1)  0.019
  91 D   0.23227 0.23227 0.23217 0.22363 0.07783 0.00183 ( 1)  0.024
  92 E   0.23307 0.23307 0.23297 0.22410 0.07519 0.00159 ( 1)  0.023
  93 E   0.24156 0.24156 0.24141 0.22820 0.04701 0.00025 ( 1)  0.014
  94 N   0.23864 0.23864 0.23851 0.22703 0.05667 0.00050 ( 1)  0.017
  95 T   0.23908 0.23908 0.23895 0.22720 0.05521 0.00047 ( 1)  0.017
  96 G   0.22736 0.22736 0.22728 0.22044 0.09351 0.00405 ( 1)  0.030
  97 A   0.22662 0.22662 0.22655 0.21994 0.09581 0.00445 ( 1)  0.031
  98 D   0.24311 0.24311 0.24295 0.22871 0.04196 0.00016 ( 1)  0.013
  99 R   0.22865 0.22865 0.22857 0.22133 0.08951 0.00330 ( 1)  0.028
 100 L   0.23552 0.23552 0.23541 0.22546 0.06707 0.00102 ( 1)  0.020
 101 M   0.23925 0.23925 0.23911 0.22730 0.05465 0.00043 ( 1)  0.017
 102 T   0.22587 0.22587 0.22579 0.21943 0.09819 0.00485 ( 1)  0.032
 103 Q   0.23983 0.23983 0.23969 0.22753 0.05273 0.00039 ( 1)  0.016
 104 R   0.23881 0.23881 0.23868 0.22705 0.05612 0.00053 ( 1)  0.017
 105 C   0.23970 0.23970 0.23956 0.22747 0.05317 0.00040 ( 1)  0.016
 106 K   0.23531 0.23531 0.23520 0.22536 0.06778 0.00105 ( 1)  0.021
 107 D   0.24176 0.24176 0.24161 0.22827 0.04638 0.00023 ( 1)  0.014
 108 K   0.23514 0.23514 0.23503 0.22527 0.06834 0.00109 ( 1)  0.021
 109 L   0.23422 0.23422 0.23412 0.22474 0.07138 0.00133 ( 1)  0.022
 110 N   0.23710 0.23710 0.23698 0.22629 0.06180 0.00072 ( 1)  0.019
 111 A   0.00000 0.00000 0.00116 0.10157 0.84839 0.04888 ( 5)  0.269
 112 L   0.23391 0.23390 0.23380 0.22456 0.07242 0.00140 ( 1)  0.022
 113 A   0.23835 0.23835 0.23822 0.22684 0.05765 0.00059 ( 1)  0.018
 114 I   0.23489 0.23489 0.23478 0.22514 0.06916 0.00113 ( 1)  0.021
 115 S   0.23557 0.23557 0.23546 0.22549 0.06689 0.00102 ( 1)  0.020
 116 V   0.23735 0.23735 0.23722 0.22640 0.06099 0.00070 ( 1)  0.018
 117 M   0.23783 0.23783 0.23771 0.22665 0.05936 0.00061 ( 1)  0.018
 118 N   0.23662 0.23662 0.23650 0.22605 0.06342 0.00080 ( 1)  0.019
 119 Q   0.23835 0.23835 0.23822 0.22687 0.05765 0.00056 ( 1)  0.017
 120 W   0.23751 0.23751 0.23739 0.22649 0.06044 0.00066 ( 1)  0.018
 121 P   0.23853 0.23853 0.23840 0.22692 0.05705 0.00057 ( 1)  0.017
 122 G   0.23844 0.23844 0.23831 0.22688 0.05736 0.00058 ( 1)  0.017
 123 V   0.23522 0.23522 0.23511 0.22529 0.06807 0.00109 ( 1)  0.021
 124 K   0.23500 0.23500 0.23489 0.22518 0.06882 0.00112 ( 1)  0.021
 125 L   0.23396 0.23396 0.23386 0.22460 0.07223 0.00138 ( 1)  0.022
 126 R   0.23553 0.23553 0.23542 0.22542 0.06701 0.00108 ( 1)  0.020
 127 V   0.23469 0.23469 0.23458 0.22500 0.06982 0.00121 ( 1)  0.021
 128 T   0.23750 0.23750 0.23737 0.22646 0.06049 0.00068 ( 1)  0.018
 129 E   0.24000 0.24000 0.23986 0.22759 0.05218 0.00038 ( 1)  0.016
 130 G   0.23896 0.23896 0.23883 0.22711 0.05563 0.00051 ( 1)  0.017
 131 W   0.23751 0.23751 0.23739 0.22649 0.06044 0.00066 ( 1)  0.018
 132 D   0.24166 0.24166 0.24151 0.22823 0.04668 0.00024 ( 1)  0.014
 133 E   0.24018 0.24018 0.24004 0.22767 0.05157 0.00036 ( 1)  0.016
 134 D   0.24165 0.24165 0.24150 0.22823 0.04674 0.00024 ( 1)  0.014
 135 G   0.23904 0.23904 0.23891 0.22715 0.05537 0.00050 ( 1)  0.017
 136 H   0.24158 0.24158 0.24143 0.22820 0.04695 0.00025 ( 1)  0.014
 137 H   0.24177 0.24177 0.24162 0.22827 0.04634 0.00023 ( 1)  0.014
 138 S   0.23752 0.23752 0.23739 0.22648 0.06042 0.00068 ( 1)  0.018
 139 E   0.24018 0.24018 0.24004 0.22767 0.05157 0.00036 ( 1)  0.016
 140 E   0.23910 0.23910 0.23896 0.22721 0.05516 0.00047 ( 1)  0.017
 141 S   0.23675 0.23675 0.23663 0.22610 0.06298 0.00080 ( 1)  0.019
 142 L   0.23370 0.23370 0.23360 0.22444 0.07309 0.00147 ( 1)  0.022
 143 H   0.24125 0.24125 0.24110 0.22808 0.04805 0.00027 ( 1)  0.015
 144 Y   0.23322 0.23322 0.23312 0.22418 0.07471 0.00155 ( 1)  0.023
 145 E   0.24018 0.24018 0.24004 0.22767 0.05157 0.00036 ( 1)  0.016
 146 G   0.23730 0.23730 0.23718 0.22634 0.06112 0.00075 ( 1)  0.019
 147 R   0.23790 0.23790 0.23777 0.22663 0.05915 0.00065 ( 1)  0.018
 148 A   0.23859 0.23859 0.23846 0.22695 0.05686 0.00056 ( 1)  0.017
 149 V   0.23735 0.23735 0.23722 0.22640 0.06099 0.00070 ( 1)  0.018
 150 D   0.24176 0.24176 0.24161 0.22827 0.04638 0.00023 ( 1)  0.014
 151 I   0.23502 0.23502 0.23491 0.22521 0.06874 0.00110 ( 1)  0.021
 152 T   0.23812 0.23812 0.23799 0.22676 0.05841 0.00059 ( 1)  0.018
 153 T   0.23759 0.23759 0.23747 0.22651 0.06018 0.00067 ( 1)  0.018
 154 S   0.23586 0.23586 0.23574 0.22564 0.06594 0.00096 ( 1)  0.020
 155 D   0.23965 0.23965 0.23952 0.22745 0.05331 0.00041 ( 1)  0.016
 156 R   0.23587 0.23587 0.23576 0.22543 0.06582 0.00124 ( 1)  0.020
 157 D   0.24176 0.24176 0.24161 0.22827 0.04638 0.00023 ( 1)  0.014
 158 R   0.23858 0.23858 0.23845 0.22694 0.05687 0.00056 ( 1)  0.017
 159 S   0.00000 0.00000 0.00161 0.13985 0.84103 0.01750 ( 5)  0.236
 160 K   0.00000 0.00000 0.00111 0.09787 0.85027 0.05074 ( 5)  0.271
 161 Y   0.00000 0.00000 0.00101 0.08861 0.84448 0.06591 ( 5)  0.284
 162 G   0.00000 0.00000 0.00136 0.11830 0.84878 0.03156 ( 5)  0.251
 163 M   0.23724 0.23724 0.23712 0.22636 0.06135 0.00069 ( 1)  0.019
 164 L   0.23323 0.23323 0.23313 0.22417 0.07463 0.00159 ( 1)  0.023
 165 A   0.23823 0.23823 0.23811 0.22679 0.05804 0.00060 ( 1)  0.018
 166 R   0.23872 0.23872 0.23859 0.22700 0.05643 0.00054 ( 1)  0.017
 167 L   0.23547 0.23547 0.23535 0.22542 0.06725 0.00104 ( 1)  0.020
 168 A   0.00000 0.00000 0.00134 0.11685 0.84902 0.03279 ( 5)  0.253
 169 V   0.23763 0.23763 0.23751 0.22653 0.06004 0.00066 ( 1)  0.018
 170 E   0.23960 0.23960 0.23946 0.22743 0.05351 0.00042 ( 1)  0.016
 171 A   0.23542 0.23542 0.23531 0.22536 0.06737 0.00111 ( 1)  0.021
 172 G   0.23833 0.23833 0.23820 0.22682 0.05772 0.00060 ( 1)  0.018
 173 F   0.23409 0.23409 0.23398 0.22469 0.07183 0.00131 ( 1)  0.022
 174 D   0.24106 0.24106 0.24092 0.22801 0.04866 0.00029 ( 1)  0.015
 175 W   0.23692 0.23692 0.23680 0.22619 0.06243 0.00076 ( 1)  0.019
 176 V   0.23674 0.23674 0.23662 0.22609 0.06302 0.00080 ( 1)  0.019
 177 Y   0.23275 0.23275 0.23266 0.22391 0.07624 0.00169 ( 1)  0.023
 178 Y   0.23251 0.23251 0.23241 0.22377 0.07704 0.00176 ( 1)  0.024
 179 E   0.23960 0.23960 0.23946 0.22743 0.05351 0.00042 ( 1)  0.016
 180 S   0.23706 0.23706 0.23693 0.22625 0.06196 0.00075 ( 1)  0.019
 181 K   0.23464 0.23464 0.23453 0.22499 0.07002 0.00120 ( 1)  0.021
 182 A   0.23773 0.23773 0.23760 0.22654 0.05972 0.00068 ( 1)  0.018
 183 H   0.24120 0.24120 0.24105 0.22806 0.04822 0.00027 ( 1)  0.015
 184 I   0.23432 0.23432 0.23421 0.22482 0.07107 0.00127 ( 1)  0.022
 185 H   0.24096 0.24096 0.24081 0.22797 0.04900 0.00029 ( 1)  0.015
 186 C   0.23888 0.23888 0.23875 0.22711 0.05590 0.00049 ( 1)  0.017
 187 S   0.23717 0.23717 0.23705 0.22631 0.06156 0.00073 ( 1)  0.019
 188 V   0.00000 0.00000 0.00125 0.10922 0.85155 0.03798 ( 5)  0.259
 189 K   0.00000 0.00000 0.00000 0.00004 0.27102 0.72894 ( 6)  0.799
 190 A   0.00000 0.00000 0.00073 0.06524 0.80093 0.13310 ( 5)  0.340
 191 E   0.00000 0.00000 0.00099 0.08713 0.84222 0.06966 ( 5)  0.288
 192 N   0.23864 0.23864 0.23851 0.22703 0.05667 0.00050 ( 1)  0.017
 193 S   0.00000 0.00000 0.00000 0.00259 0.74112 0.25629 ( 5)  0.447
 194 V   0.00000 0.00000 0.00130 0.11374 0.85165 0.03330 ( 5)  0.254
 195 A   0.23674 0.23674 0.23662 0.22605 0.06300 0.00085 ( 1)  0.019
 196 A   0.00000 0.00000 0.00000 0.00444 0.88544 0.11012 ( 5)  0.338
 197 K   0.00000 0.00000 0.00000 0.00124 0.52717 0.47160 ( 5)  0.608
 198 S   0.00000 0.00000 0.00000 0.00192 0.66026 0.33782 ( 5)  0.508
 199 G   0.23474 0.23474 0.23463 0.22503 0.06966 0.00120 ( 1)  0.021
 200 G   0.23558 0.23558 0.23547 0.22548 0.06687 0.00103 ( 1)  0.020
 201 C   0.23848 0.23848 0.23836 0.22695 0.05720 0.00053 ( 1)  0.017
 202 F   0.23322 0.23322 0.23312 0.22420 0.07470 0.00153 ( 1)  0.023
 203 P   0.22763 0.22763 0.22756 0.22063 0.09267 0.00388 ( 1)  0.030
 204 G   0.23779 0.23779 0.23766 0.22660 0.05952 0.00065 ( 1)  0.018
 205 S   0.23399 0.23399 0.23389 0.22463 0.07215 0.00136 ( 1)  0.022
 206 A   0.23754 0.23754 0.23742 0.22648 0.06034 0.00068 ( 1)  0.018
 207 V   0.00000 0.00000 0.00000 0.00305 0.79255 0.20440 ( 5)  0.409
 208 V   0.23603 0.23603 0.23591 0.22574 0.06539 0.00091 ( 1)  0.020
 209 H   0.00000 0.00000 0.00151 0.13113 0.84609 0.02128 ( 5)  0.241
 210 L   0.23262 0.23262 0.23252 0.22383 0.07667 0.00174 ( 1)  0.024
 211 E   0.23879 0.23879 0.23866 0.22709 0.05619 0.00049 ( 1)  0.017
 212 H   0.00000 0.00000 0.00000 0.00000 0.00840 0.99160 ( 6)  0.994
 213 G   0.23614 0.23614 0.23603 0.22578 0.06499 0.00092 ( 1)  0.020
 214 G   0.23725 0.23725 0.23713 0.22634 0.06129 0.00073 ( 1)  0.019
 215 T   0.23681 0.23681 0.23669 0.22614 0.06279 0.00077 ( 1)  0.019
 216 K   0.23397 0.23397 0.23386 0.22462 0.07224 0.00134 ( 1)  0.022
 217 L   0.23273 0.23273 0.23264 0.22390 0.07630 0.00170 ( 1)  0.023
 218 V   0.23593 0.23593 0.23581 0.22569 0.06572 0.00092 ( 1)  0.020
 219 K   0.23373 0.23373 0.23362 0.22448 0.07303 0.00141 ( 1)  0.022
 220 D   0.24049 0.24049 0.24035 0.22781 0.05054 0.00032 ( 1)  0.015
 221 L   0.23273 0.23273 0.23264 0.22390 0.07630 0.00170 ( 1)  0.023
 222 S   0.00000 0.00000 0.00133 0.11635 0.85169 0.03062 ( 5)  0.251
 223 P   0.23142 0.23142 0.23133 0.22308 0.08055 0.00219 ( 1)  0.025
 224 G   0.23283 0.23283 0.23273 0.22393 0.07595 0.00173 ( 1)  0.023
 225 D   0.24049 0.24049 0.24035 0.22781 0.05054 0.00032 ( 1)  0.015
 226 R   0.23646 0.23646 0.23634 0.22588 0.06392 0.00093 ( 1)  0.019
 227 V   0.23603 0.23603 0.23591 0.22574 0.06539 0.00091 ( 1)  0.020
 228 L   0.23263 0.23263 0.23253 0.22383 0.07664 0.00174 ( 1)  0.024
 229 A   0.00000 0.00000 0.00000 0.00175 0.63168 0.36657 ( 5)  0.529
 230 A   0.23565 0.23565 0.23554 0.22552 0.06662 0.00101 ( 1)  0.020
 231 D   0.24036 0.24036 0.24022 0.22776 0.05096 0.00033 ( 1)  0.016
 232 A   0.00000 0.00000 0.00000 0.00007 0.52710 0.47283 ( 5)  0.609
 233 Q   0.00000 0.00000 0.00000 0.00295 0.78224 0.21481 ( 5)  0.417
 234 G   0.23731 0.23731 0.23719 0.22637 0.06111 0.00072 ( 1)  0.019
 235 R   0.00000 0.00000 0.00095 0.08405 0.83730 0.07769 ( 5)  0.294
 236 L   0.23222 0.23222 0.23213 0.22359 0.07797 0.00187 ( 1)  0.024
 237 L   0.23636 0.23636 0.23625 0.22591 0.06427 0.00085 ( 1)  0.019
 238 Y   0.23201 0.23201 0.23192 0.22347 0.07868 0.00190 ( 1)  0.024
 239 S   0.23979 0.23979 0.23966 0.22751 0.05285 0.00039 ( 1)  0.016
 240 D   0.24049 0.24049 0.24035 0.22781 0.05054 0.00032 ( 1)  0.015
 241 F   0.23320 0.23320 0.23310 0.22419 0.07476 0.00154 ( 1)  0.023
 242 L   0.23611 0.23611 0.23599 0.22578 0.06512 0.00089 ( 1)  0.020
 243 A   0.00000 0.00000 0.00000 0.00007 0.52617 0.47376 ( 5)  0.609
 244 F   0.23300 0.23300 0.23290 0.22407 0.07542 0.00160 ( 1)  0.023
 245 L   0.23504 0.23504 0.23493 0.22521 0.06869 0.00111 ( 1)  0.021
 246 D   0.24049 0.24049 0.24035 0.22781 0.05054 0.00032 ( 1)  0.015
 247 R   0.23572 0.23572 0.23561 0.22555 0.06638 0.00100 ( 1)  0.020
 248 E   0.00000 0.00000 0.00000 0.00419 0.87660 0.11921 ( 5)  0.345
 249 D   0.23982 0.23982 0.23968 0.22753 0.05277 0.00038 ( 1)  0.016
 250 G   0.00000 0.00000 0.00000 0.00391 0.85763 0.13846 ( 5)  0.360
 251 S   0.23528 0.23528 0.23517 0.22534 0.06788 0.00106 ( 1)  0.021
 252 P   0.00000 0.00000 0.00000 0.00008 0.56078 0.43914 ( 5)  0.584
 253 K   0.23397 0.23397 0.23386 0.22462 0.07224 0.00134 ( 1)  0.022
 254 L   0.00000 0.00000 0.00115 0.10096 0.85120 0.04669 ( 5)  0.267
 255 F   0.23334 0.23334 0.23324 0.22427 0.07430 0.00149 ( 1)  0.023
 256 Y   0.22883 0.22883 0.22875 0.22146 0.08896 0.00317 ( 1)  0.028
 257 A   0.00000 0.00000 0.00000 0.00008 0.55385 0.44608 ( 5)  0.589
 258 I   0.23250 0.23250 0.23240 0.22376 0.07708 0.00176 ( 1)  0.024
 259 E   0.23889 0.23889 0.23876 0.22713 0.05585 0.00048 ( 1)  0.017
 260 T   0.23189 0.23189 0.23180 0.22338 0.07905 0.00199 ( 1)  0.024
 261 R   0.23464 0.23464 0.23453 0.22496 0.06999 0.00125 ( 1)  0.021
 262 Q   0.23711 0.23711 0.23699 0.22629 0.06179 0.00072 ( 1)  0.019
 263 P   0.23705 0.23705 0.23693 0.22624 0.06197 0.00076 ( 1)  0.019
 264 P   0.00000 0.00000 0.00000 0.00008 0.51974 0.48018 ( 5)  0.614
 265 A   0.00000 0.00000 0.00000 0.00429 0.87844 0.11727 ( 5)  0.344
 266 R   0.00000 0.00000 0.00108 0.09502 0.85056 0.05333 ( 5)  0.274
 267 L   0.00000 0.00000 0.00079 0.07065 0.83779 0.09077 ( 5)  0.307
 268 L   0.23495 0.23495 0.23484 0.22514 0.06897 0.00116 ( 1)  0.021
 269 L   0.23602 0.23602 0.23590 0.22572 0.06541 0.00093 ( 1)  0.020
 270 T   0.00000 0.00000 0.00000 0.00371 0.84585 0.15044 ( 5)  0.369
 271 A   0.23580 0.23580 0.23569 0.22560 0.06612 0.00098 ( 1)  0.020
 272 A   0.23727 0.23727 0.23714 0.22634 0.06126 0.00072 ( 1)  0.019
 273 H   0.24050 0.24050 0.24036 0.22782 0.05050 0.00032 ( 1)  0.015
 274 L   0.23403 0.23403 0.23393 0.22465 0.07202 0.00134 ( 1)  0.022
 275 L   0.00000 0.00000 0.00105 0.09272 0.84729 0.05893 ( 5)  0.278
 276 F   0.22944 0.22944 0.22935 0.22185 0.08702 0.00290 ( 1)  0.027
 277 V   0.23434 0.23434 0.23423 0.22483 0.07100 0.00126 ( 1)  0.022
 278 A   0.23560 0.23560 0.23549 0.22550 0.06679 0.00102 ( 1)  0.020
 279 P   0.23559 0.23559 0.23547 0.22549 0.06684 0.00102 ( 1)  0.020
 280 Q   0.00000 0.00000 0.00102 0.08984 0.84533 0.06381 ( 5)  0.283
 281 H   0.00000 0.00000 0.00000 0.00397 0.86410 0.13193 ( 5)  0.355
 282 N   0.23420 0.23420 0.23410 0.22476 0.07147 0.00128 ( 1)  0.022
 283 G   0.00000 0.00000 0.00000 0.00319 0.80696 0.18985 ( 5)  0.398
 284 S   0.00000 0.00000 0.00000 0.00253 0.73554 0.26193 ( 5)  0.452
 285 E   0.00000 0.00000 0.00000 0.00000 0.07065 0.92935 ( 6)  0.948
 286 A   0.00000 0.00000 0.00000 0.00000 0.00314 0.99686 ( 6)  0.998
 287 A   0.00000 0.00000 0.00000 0.00000 0.01331 0.98669 ( 6)  0.990
 288 A   0.00000 0.00000 0.00000 0.00000 0.24761 0.75239 ( 6)  0.816
 289 A   0.00000 0.00000 0.00000 0.00000 0.00007 0.99993 ( 6)  1.000
 290 -   0.18091 0.18091 0.18091 0.18091 0.18091 0.09545 ( 2)  0.144
 291 -   0.00000 0.00000 0.00016 0.01431 0.37957 0.60597 ( 6)  0.704
 292 P   0.00000 0.00000 0.00000 0.00000 0.00095 0.99905 ( 6)  0.999
 293 R   0.00000 0.00000 0.00000 0.00000 0.03524 0.96476 ( 6)  0.974
 294 S   0.00000 0.00000 0.00000 0.00010 0.61272 0.38718 ( 5)  0.545
 295 R   0.00000 0.00000 0.00000 0.00000 0.16686 0.83314 ( 6)  0.876
 296 A   0.23538 0.23538 0.23527 0.22537 0.06754 0.00107 ( 1)  0.021
 297 L   0.23470 0.23470 0.23459 0.22502 0.06981 0.00119 ( 1)  0.021
 298 F   0.00000 0.00000 0.00089 0.07832 0.83157 0.08922 ( 5)  0.304
 299 A   0.23657 0.23657 0.23645 0.22599 0.06357 0.00084 ( 1)  0.019
 300 S   0.23965 0.23965 0.23952 0.22747 0.05331 0.00040 ( 1)  0.016
 301 R   0.00000 0.00000 0.00000 0.00006 0.46903 0.53091 ( 6)  0.652
 302 V   0.23339 0.23339 0.23329 0.22428 0.07413 0.00151 ( 1)  0.023
 303 R   0.00000 0.00000 0.00095 0.08422 0.83538 0.07944 ( 5)  0.296
 304 P   0.23316 0.23316 0.23306 0.22413 0.07486 0.00162 ( 1)  0.023
 305 G   0.23693 0.23693 0.23681 0.22618 0.06238 0.00078 ( 1)  0.019
 306 Q   0.23207 0.23207 0.23197 0.22349 0.07847 0.00193 ( 1)  0.024
 307 R   0.00000 0.00000 0.00000 0.00289 0.77352 0.22359 ( 5)  0.423
 308 V   0.00000 0.00000 0.00000 0.00323 0.80993 0.18684 ( 5)  0.396
 309 Y   0.00000 0.00000 0.00077 0.06803 0.81045 0.12075 ( 5)  0.330
 310 V   0.23516 0.23516 0.23505 0.22528 0.06826 0.00108 ( 1)  0.021
 311 L   0.22963 0.22963 0.22954 0.22196 0.08637 0.00286 ( 1)  0.027
 312 G   0.23568 0.23568 0.23557 0.22553 0.06653 0.00101 ( 1)  0.020
 313 E   0.23787 0.23787 0.23774 0.22666 0.05926 0.00061 ( 1)  0.018
 314 G   0.23647 0.23647 0.23636 0.22595 0.06389 0.00086 ( 1)  0.019
 315 G   0.23658 0.23658 0.23647 0.22600 0.06353 0.00084 ( 1)  0.019
 316 R   0.00000 0.00000 0.00000 0.00000 0.01343 0.98657 ( 6)  0.990
 317 R   0.00000 0.00000 0.00000 0.00000 0.00402 0.99598 ( 6)  0.997
 318 L   0.23288 0.23288 0.23278 0.22398 0.07582 0.00166 ( 1)  0.023
 319 L   0.23160 0.23160 0.23151 0.22321 0.08002 0.00207 ( 1)  0.025
 320 P   0.00000 0.00000 0.00107 0.09434 0.84679 0.05779 ( 5)  0.277
 321 A   0.23508 0.23508 0.23497 0.22521 0.06853 0.00113 ( 1)  0.021
 322 A   0.00000 0.00000 0.00100 0.08852 0.84246 0.06801 ( 5)  0.286
 323 V   0.23522 0.23522 0.23511 0.22531 0.06808 0.00107 ( 1)  0.021
 324 H   0.23967 0.23967 0.23953 0.22747 0.05327 0.00040 ( 1)  0.016
 325 R   0.00000 0.00000 0.00000 0.00009 0.60193 0.39797 ( 5)  0.553
 326 V   0.23537 0.23537 0.23526 0.22539 0.06758 0.00104 ( 1)  0.020
 327 Q   0.00000 0.00000 0.00000 0.00000 0.12537 0.87463 ( 6)  0.907
 328 L   0.23030 0.23030 0.23021 0.22239 0.08423 0.00257 ( 1)  0.026
 329 Q   0.00000 0.00000 0.00000 0.00000 0.16563 0.83437 ( 6)  0.877
 330 E   0.23804 0.23804 0.23792 0.22674 0.05867 0.00059 ( 1)  0.018
 331 E   0.23752 0.23752 0.23740 0.22649 0.06040 0.00066 ( 1)  0.018
 332 A   0.23304 0.23304 0.23294 0.22406 0.07526 0.00165 ( 1)  0.023
 333 S   0.23260 0.23260 0.23250 0.22381 0.07675 0.00175 ( 1)  0.024
 334 G   0.23458 0.23458 0.23447 0.22494 0.07017 0.00125 ( 1)  0.021
 335 A   0.23523 0.23523 0.23512 0.22529 0.06803 0.00110 ( 1)  0.021
 336 Y   0.23098 0.23098 0.23089 0.22284 0.08205 0.00226 ( 1)  0.025
 337 A   0.23646 0.23646 0.23635 0.22594 0.06393 0.00086 ( 1)  0.019
 338 P   0.23544 0.23544 0.23533 0.22541 0.06732 0.00106 ( 1)  0.020
 339 L   0.23544 0.23544 0.23533 0.22543 0.06734 0.00102 ( 1)  0.020
 340 T   0.23457 0.23457 0.23446 0.22495 0.07024 0.00122 ( 1)  0.021
 341 A   0.23667 0.23667 0.23655 0.22605 0.06323 0.00082 ( 1)  0.019
 342 Q   0.23494 0.23494 0.23483 0.22515 0.06899 0.00114 ( 1)  0.021
 343 G   0.23693 0.23693 0.23681 0.22618 0.06238 0.00078 ( 1)  0.019
 344 T   0.23580 0.23580 0.23568 0.22561 0.06615 0.00096 ( 1)  0.020
 345 I   0.23280 0.23280 0.23271 0.22395 0.07608 0.00165 ( 1)  0.023
 346 L   0.23550 0.23550 0.23539 0.22546 0.06714 0.00101 ( 1)  0.020
 347 I   0.23280 0.23280 0.23271 0.22395 0.07608 0.00165 ( 1)  0.023
 348 D   0.00000 0.00000 0.00000 0.00354 0.83579 0.16068 ( 5)  0.376
 349 R   0.23495 0.23495 0.23484 0.22513 0.06896 0.00117 ( 1)  0.021
 350 V   0.23516 0.23516 0.23505 0.22528 0.06826 0.00108 ( 1)  0.021
 351 L   0.23175 0.23175 0.23165 0.22330 0.07953 0.00202 ( 1)  0.025
 352 A   0.00000 0.00000 0.00117 0.10270 0.85039 0.04574 ( 5)  0.266
 353 S   0.23457 0.23457 0.23446 0.22495 0.07024 0.00121 ( 1)  0.021
 354 C   0.23763 0.23763 0.23751 0.22655 0.06003 0.00064 ( 1)  0.018
 355 Y   0.23071 0.23071 0.23062 0.22267 0.08294 0.00237 ( 1)  0.026
 356 A   0.23625 0.23625 0.23614 0.22583 0.06463 0.00090 ( 1)  0.020
 357 V   0.23525 0.23525 0.23514 0.22533 0.06796 0.00106 ( 1)  0.021
 358 I   0.00000 0.00000 0.00081 0.07157 0.82569 0.10193 ( 5)  0.315
 359 E   0.23804 0.23804 0.23792 0.22674 0.05867 0.00059 ( 1)  0.018
 360 E   0.23804 0.23804 0.23792 0.22674 0.05867 0.00059 ( 1)  0.018
 361 H   0.23967 0.23967 0.23953 0.22747 0.05327 0.00040 ( 1)  0.016
 362 G   0.00000 0.00000 0.00000 0.00299 0.79540 0.20161 ( 5)  0.407
 363 W   0.23532 0.23532 0.23521 0.22537 0.06773 0.00104 ( 1)  0.021
 364 A   0.23476 0.23476 0.23466 0.22503 0.06957 0.00122 ( 1)  0.021
 365 H   0.23745 0.23745 0.23733 0.22645 0.06064 0.00068 ( 1)  0.018
 366 W   0.23532 0.23532 0.23521 0.22537 0.06773 0.00104 ( 1)  0.021
 367 A   0.23666 0.23666 0.23654 0.22604 0.06327 0.00083 ( 1)  0.019
 368 F   0.23190 0.23190 0.23181 0.22340 0.07904 0.00195 ( 1)  0.024
 369 A   0.22694 0.22694 0.22687 0.22016 0.09481 0.00429 ( 1)  0.031
 370 P   0.23403 0.23403 0.23393 0.22463 0.07198 0.00139 ( 1)  0.022
 371 F   0.23238 0.23238 0.23229 0.22370 0.07747 0.00178 ( 1)  0.024
 372 R   0.23657 0.23657 0.23645 0.22599 0.06358 0.00085 ( 1)  0.019
 373 L   0.22951 0.22951 0.22942 0.22189 0.08678 0.00290 ( 1)  0.027
 374 A   0.00000 0.00000 0.00000 0.00000 0.16014 0.83986 ( 6)  0.881
 375 H   0.00000 0.00000 0.00119 0.10393 0.85184 0.04304 ( 5)  0.264
 376 G   0.00000 0.00000 0.00000 0.00345 0.82405 0.17250 ( 5)  0.385
 377 L   0.00000 0.00000 0.00000 0.00000 0.05047 0.94953 ( 6)  0.963
 378 L   0.23166 0.23166 0.23157 0.22325 0.07981 0.00206 ( 1)  0.025
 379 A   0.00000 0.00000 0.00113 0.09923 0.84928 0.05035 ( 5)  0.270
 380 A   0.00000 0.00000 0.00000 0.00008 0.54769 0.45223 ( 5)  0.593
 381 L   0.00000 0.00000 0.00000 0.00299 0.78669 0.21032 ( 5)  0.413
 382 G   0.00000 0.00000 0.00000 0.00330 0.81452 0.18218 ( 5)  0.392
 383 P   0.23351 0.23351 0.23341 0.22432 0.07372 0.00153 ( 1)  0.023
 384 -   0.00000 0.00000 0.00000 0.00000 0.01266 0.98734 ( 6)  0.991
 385 -   0.00000 0.00000 0.00000 0.00000 0.10493 0.89507 ( 6)  0.922
 386 -   0.00000 0.00000 0.00000 0.00000 0.00837 0.99163 ( 6)  0.994
 387 A   0.00000 0.00000 0.00000 0.00161 0.58224 0.41615 ( 5)  0.566
 388 A   0.00000 0.00000 0.00000 0.00000 0.00001 0.99999 ( 6)  1.000
 389 A   0.00000 0.00000 0.00000 0.00261 0.74250 0.25489 ( 5)  0.446
 390 A   0.00000 0.00000 0.00000 0.00000 0.00000 1.00000 ( 6)  1.000
 391 A   0.00000 0.00000 0.00000 0.00000 0.00180 0.99820 ( 6)  0.999
 392 E   0.00000 0.00000 0.00000 0.00000 0.00084 0.99916 ( 6)  0.999
 393 P   0.00000 0.00000 0.00000 0.00000 0.12285 0.87715 ( 6)  0.909
 394 P   0.00000 0.00000 0.00000 0.00000 0.00026 0.99974 ( 6)  1.000
 395 A   0.00000 0.00000 0.00000 0.00000 0.01511 0.98489 ( 6)  0.989
 396 A   0.00000 0.00000 0.00000 0.00293 0.77881 0.21825 ( 5)  0.419
 397 G   0.00000 0.00000 0.00000 0.00332 0.81336 0.18332 ( 5)  0.393
 398 L   0.00000 0.00000 0.00000 0.00000 0.10092 0.89908 ( 6)  0.925
 399 H   0.23746 0.23746 0.23733 0.22645 0.06062 0.00068 ( 1)  0.018
 400 W   0.23346 0.23346 0.23336 0.22433 0.07390 0.00148 ( 1)  0.023
 401 Y   0.22914 0.22913 0.22905 0.22166 0.08799 0.00303 ( 1)  0.028
 402 S   0.22339 0.22339 0.22333 0.21766 0.10560 0.00663 ( 1)  0.036
 403 R   0.23280 0.23280 0.23270 0.22391 0.07606 0.00174 ( 1)  0.023
 404 L   0.23364 0.23364 0.23354 0.22443 0.07330 0.00144 ( 1)  0.022
 405 L   0.23364 0.23364 0.23354 0.22443 0.07330 0.00144 ( 1)  0.022
 406 Y   0.22927 0.22927 0.22918 0.22174 0.08757 0.00297 ( 1)  0.028
 407 H   0.00000 0.00000 0.00000 0.00006 0.48381 0.51612 ( 6)  0.641
 408 I   0.00000 0.00000 0.00071 0.06354 0.80426 0.13149 ( 5)  0.339
 409 G   0.23497 0.23497 0.23486 0.22515 0.06889 0.00116 ( 1)  0.021
 410 S   0.23784 0.23784 0.23772 0.22665 0.05933 0.00061 ( 1)  0.018
 411 W   0.23346 0.23346 0.23336 0.22433 0.07390 0.00148 ( 1)  0.023
 412 V   0.23330 0.23330 0.23320 0.22423 0.07442 0.00153 ( 1)  0.023
 413 L   0.23005 0.23005 0.22996 0.22224 0.08504 0.00266 ( 1)  0.027
 414 E   0.00000 0.00000 0.00073 0.06486 0.80108 0.13333 ( 5)  0.340
 415 S   0.00000 0.00000 0.00000 0.00140 0.54469 0.45391 ( 5)  0.594
 416 D   0.23746 0.23746 0.23733 0.22646 0.06062 0.00067 ( 1)  0.018
 417 A   0.00000 0.00000 0.00000 0.00146 0.55377 0.44477 ( 5)  0.588
 418 L   0.22999 0.22999 0.22991 0.22220 0.08523 0.00268 ( 1)  0.027
 419 H   0.23756 0.23756 0.23744 0.22651 0.06027 0.00066 ( 1)  0.018
 420 P   0.23379 0.23379 0.23368 0.22449 0.07280 0.00145 ( 1)  0.022
 421 L   0.22999 0.22999 0.22991 0.22220 0.08523 0.00268 ( 1)  0.027
 422 G   0.23508 0.23508 0.23497 0.22521 0.06851 0.00114 ( 1)  0.021
 423 M   0.23379 0.23379 0.23368 0.22452 0.07284 0.00138 ( 1)  0.022
 424 A   0.00000 0.00000 0.00000 0.00005 0.43128 0.56867 ( 6)  0.680
 425 A   0.00000 0.00000 0.00087 0.07703 0.82826 0.09383 ( 5)  0.308
 426 P   0.00000 0.00000 0.00000 0.00003 0.30843 0.69154 ( 6)  0.771
 427 A   0.00000 0.00000 0.00102 0.08954 0.84344 0.06601 ( 5)  0.284
 428 S   0.23784 0.23784 0.23772 0.22665 0.05933 0.00061 ( 1)  0.018

Positively selected sites

	Prob(w>1)  mean w



lnL = -6341.836491

