

TREE # 1

  0  0.0000   6833.843911  x:  0.09800   0.02558   0.04228   0.08963   0.04913   0.05913   0.07226   0.08219   0.09777   0.04873   0.07486   0.07218   0.08280   0.04646   0.10255   0.09393   0.08055   0.09841   0.10290   0.09908   0.10945   0.09782   0.08766   0.05002   0.06468   0.05921   0.08101   0.02429   0.04997   0.08691   0.10173   0.04067   0.04877   0.08647   0.10888   0.09299   0.05194   0.04244   0.01584   0.05266   0.03419   0.06078   0.05218   0.07571   0.04644   0.04954   0.02829   0.02541   0.06628   0.08617   0.03223   0.09632   0.02368   2.00000   0.90000   1.04826   1.53633  
  1 99.0000   6660.115775  x:  0.05095   0.05132   0.07900   0.08011   0.03203   0.07538   0.08053   0.05272   0.13145   0.02591   0.06084   0.11843   0.05036   0.03497   0.07011   0.08974   0.12295   0.08437   0.07110   0.11240   0.06064   0.08125   0.05322   0.07755   0.05961   0.10444   0.14284   0.00000   0.06329   0.05206   0.06045   0.04156   0.10700   0.08423   0.09162   0.08513   0.06046   0.08296   0.11450   0.01136   0.01013   0.03733   0.02811   0.05913   0.00571   0.03694   0.01456   0.01412   0.06086   0.08064   0.03191   0.09853   0.07870   2.00421   0.93004   1.00727   1.55399  
  2 1321.5687   6629.332588  x:  0.03797   0.04871   0.08020   0.07930   0.02744   0.07803   0.08244   0.04438   0.13857   0.02005   0.05703   0.12417   0.04261   0.03176   0.06237   0.08819   0.12816   0.08098   0.06283   0.11502   0.04696   0.07861   0.04536   0.07957   0.05855   0.10873   0.15063   0.01331   0.06562   0.04303   0.04964   0.03909   0.11248   0.08499   0.08808   0.08375   0.06063   0.08466   0.11609   0.00000   0.01652   0.03555   0.02653   0.05682   0.00684   0.03686   0.01920   0.01820   0.06026   0.07971   0.03018   0.09871   0.08092   2.00539   0.93740   0.99593   1.55865  
  3 1537.3532   6563.122900  x:  0.00000   0.03446   0.07631   0.07539   0.01278   0.08145   0.08762   0.01954   0.15706   0.00459   0.04659   0.13420   0.02258   0.02214   0.04235   0.08300   0.13699   0.07204   0.03969   0.12147   0.00602   0.07378   0.02563   0.08045   0.05597   0.11357   0.16496   0.00206   0.06837   0.01707   0.01949   0.03028   0.11946   0.08862   0.07951   0.08065   0.05903   0.08208   0.10178   0.00000   0.02158   0.03542   0.02759   0.05301   0.01119   0.03865   0.02522   0.02208   0.05926   0.07719   0.02560   0.09876   0.07773   2.00883   0.95777   0.96233   1.57214  
  4 2732.1704   6557.026460  x:  0.00000   0.03364   0.07562   0.07524   0.01174   0.08174   0.08828   0.01624   0.15933   0.00585   0.04562   0.13491   0.02133   0.02066   0.04110   0.08227   0.13741   0.07119   0.03725   0.12215   0.00000   0.07378   0.02481   0.08025   0.05565   0.11357   0.16602   0.00335   0.06858   0.01506   0.01742   0.02986   0.11984   0.08918   0.07874   0.08028   0.05871   0.08155   0.09934   0.00000   0.01957   0.03553   0.02764   0.05287   0.00904   0.03831   0.02355   0.02037   0.05908   0.07678   0.02562   0.09865   0.07710   2.00935   0.96051   0.95739   1.57408  
  5 1466.3843   6543.943593  x:  0.00000   0.03739   0.07445   0.07511   0.01290   0.08326   0.09120   0.00000   0.17013   0.00885   0.04258   0.13790   0.02235   0.01214   0.04215   0.07872   0.13823   0.06958   0.03033   0.12534   0.00000   0.07533   0.02887   0.08035   0.05351   0.11335   0.17058   0.00224   0.06991   0.01762   0.02070   0.03265   0.12235   0.09167   0.07624   0.07843   0.05779   0.08131   0.09218   0.00000   0.02176   0.03471   0.02461   0.05231   0.01063   0.03555   0.02078   0.02007   0.05790   0.07447   0.02788   0.09768   0.07684   2.01226   0.97373   0.93009   1.58460  
  6 743.5641   6532.811115  x:  0.00000   0.04001   0.07498   0.07525   0.01364   0.08435   0.09346   0.00000   0.18164   0.01401   0.04164   0.13953   0.02478   0.00000   0.04461   0.07615   0.13852   0.07098   0.03355   0.12710   0.00000   0.07607   0.02783   0.08057   0.05307   0.11281   0.17364   0.00141   0.06918   0.02015   0.02298   0.03155   0.12401   0.09165   0.07579   0.07782   0.05797   0.08154   0.08921   0.00000   0.01859   0.03473   0.02942   0.05258   0.00946   0.03817   0.02719   0.02256   0.05790   0.07385   0.02733   0.09649   0.07729   2.01617   0.98093   0.89163   1.59788  
  7 903.8621   6501.045575  x:  0.00000   0.04416   0.07689   0.07692   0.01436   0.08651   0.09814   0.00000   0.21637   0.00000   0.04069   0.14005   0.03175   0.00000   0.05173   0.07089   0.13689   0.07820   0.04943   0.12936   0.00000   0.07848   0.02641   0.08032   0.05502   0.10924   0.17811   0.00474   0.06446   0.02590   0.02900   0.02767   0.12549   0.08895   0.07840   0.07894   0.05932   0.08144   0.08426   0.00000   0.01223   0.03726   0.03240   0.05498   0.01129   0.04212   0.02411   0.01619   0.05907   0.07474   0.02522   0.09315   0.07840   2.03093   0.98289   0.74094   1.64570  
  8 1928.4632   6441.316079  x:  0.00000   0.04872   0.08190   0.08025   0.01297   0.09099   0.10709   0.00800   0.29073   0.00036   0.03918   0.14041   0.04270   0.00000   0.06301   0.06151   0.13408   0.09408   0.08398   0.13281   0.00000   0.08201   0.02110   0.08036   0.06085   0.10263   0.18725   0.00754   0.05386   0.03381   0.03697   0.01839   0.12839   0.08165   0.08523   0.08288   0.06293   0.08168   0.07865   0.00000   0.01213   0.04315   0.02965   0.05976   0.02656   0.04822   0.00964   0.00149   0.06219   0.07838   0.01954   0.08663   0.08177   2.06409   0.97394   0.39897   1.75200  
  9 16299.9041   6426.972238  x:  0.00000   0.04998   0.08319   0.08131   0.01223   0.09216   0.10974   0.00977   0.31400   0.00036   0.03870   0.14011   0.04589   0.00000   0.06631   0.05874   0.13287   0.09878   0.09402   0.13363   0.00000   0.08328   0.02047   0.08012   0.06268   0.10034   0.18963   0.00820   0.05057   0.03567   0.03921   0.01623   0.12893   0.07950   0.08745   0.08418   0.06386   0.08148   0.07670   0.00000   0.01025   0.04491   0.02739   0.06130   0.02860   0.04888   0.00253   0.00586   0.06313   0.07950   0.01834   0.08468   0.08264   2.07472   0.96921   0.28888   1.78587  
 10 29045.9526   6412.140586  x:  0.00000   0.05123   0.08344   0.08218   0.01087   0.09263   0.11176   0.00911   0.33666   0.00029   0.03767   0.13886   0.04796   0.00000   0.06849   0.05652   0.13078   0.10176   0.09942   0.13368   0.00000   0.08489   0.02454   0.07918   0.06384   0.09775   0.19077   0.00769   0.04827   0.03618   0.04139   0.01818   0.12861   0.07829   0.08924   0.08525   0.06380   0.08051   0.07419   0.00000   0.00834   0.04548   0.01849   0.06235   0.02462   0.04440   0.00892   0.00623   0.06324   0.08006   0.01978   0.08315   0.08317   2.08590   0.95711   0.17282   1.82060  
 11 7651.3610   6407.115647  x:  0.00000   0.05270   0.08291   0.08121   0.01088   0.09246   0.11202   0.00000   0.34489   0.00151   0.03611   0.13906   0.04830   0.00000   0.06887   0.05538   0.13006   0.10060   0.09939   0.13319   0.00000   0.08379   0.02449   0.07847   0.06130   0.09759   0.19150   0.00628   0.04949   0.03765   0.04283   0.01959   0.12877   0.07833   0.08730   0.08346   0.06239   0.07987   0.07297   0.00000   0.01590   0.04262   0.02529   0.06064   0.01862   0.04342   0.00709   0.00521   0.06162   0.07834   0.02005   0.08271   0.08300   2.08966   0.94701   0.14268   1.83140  
 12 874.4754   6407.115647  x:  0.00000   0.05270   0.08291   0.08121   0.01088   0.09246   0.11202   0.00000   0.34489   0.00151   0.03611   0.13906   0.04830   0.00000   0.06887   0.05538   0.13006   0.10060   0.09939   0.13319   0.00000   0.08379   0.02449   0.07847   0.06130   0.09759   0.19150   0.00628   0.04949   0.03765   0.04283   0.01959   0.12877   0.07833   0.08730   0.08346   0.06239   0.07987   0.07297   0.00000   0.01590   0.04262   0.02529   0.06064   0.01862   0.04342   0.00709   0.00521   0.06162   0.07834   0.02005   0.08271   0.08300   2.08966   0.94701   0.14268   1.83140  
 13 258.7926   6384.208887  x:  0.00000   0.04383   0.07800   0.07822   0.00416   0.09101   0.11050   0.00380   0.34453   0.03224   0.03265   0.13890   0.03732   0.00000   0.05793   0.05668   0.13032   0.09219   0.08479   0.13107   0.00000   0.07925   0.02087   0.07618   0.05679   0.09885   0.19045   0.00457   0.05376   0.02572   0.02988   0.02131   0.12655   0.08034   0.08167   0.08043   0.05857   0.07568   0.06667   0.00000   0.01892   0.03696   0.02400   0.05600   0.00830   0.03908   0.04095   0.05225   0.05896   0.07565   0.02056   0.08436   0.07862   2.09043   0.92407   0.14904   1.83078  
 14 1289.8744   6376.662444  x:  0.00000   0.04085   0.07633   0.07745   0.00273   0.09086   0.10999   0.00000   0.34440   0.03167   0.03120   0.13895   0.03346   0.00000   0.05408   0.05727   0.13060   0.08910   0.07903   0.13049   0.00000   0.07790   0.02038   0.07558   0.05553   0.09940   0.19022   0.00532   0.05531   0.02178   0.02540   0.02196   0.12581   0.08128   0.07983   0.07951   0.05750   0.07458   0.06485   0.00000   0.01870   0.03599   0.02421   0.05471   0.00630   0.03787   0.04021   0.05127   0.05791   0.07478   0.02097   0.08506   0.07713   2.09075   0.91840   0.15003   1.83064  
 15 689.1257   6365.639715  x:  0.00000   0.03051   0.06948   0.07447   0.00949   0.09133   0.10925   0.00000   0.34411   0.03260   0.02868   0.14054   0.01745   0.00000   0.03812   0.06035   0.13286   0.07315   0.04558   0.12860   0.00000   0.07365   0.02212   0.07395   0.05243   0.10222   0.18993   0.00000   0.06020   0.01178   0.01012   0.02443   0.12210   0.08708   0.07252   0.07595   0.05467   0.07242   0.05939   0.00000   0.02223   0.03716   0.02485   0.05157   0.03372   0.03947   0.04058   0.04972   0.05530   0.07148   0.02372   0.08875   0.07102   2.09290   0.91280   0.14202   1.83082  
 16 634.0781   6363.657620  x:  0.00000   0.02840   0.06773   0.07403   0.01176   0.09157   0.10917   0.00000   0.34402   0.03323   0.02836   0.14121   0.01364   0.00000   0.03433   0.06130   0.13367   0.06803   0.03411   0.12808   0.00000   0.07255   0.02228   0.07349   0.05171   0.10303   0.18971   0.00844   0.06167   0.01059   0.00960   0.02533   0.12083   0.08883   0.07042   0.07490   0.05405   0.07199   0.05788   0.00000   0.02258   0.03711   0.02482   0.05086   0.03995   0.03949   0.04098   0.04966   0.05471   0.07074   0.02407   0.08990   0.06896   2.09374   0.91274   0.13844   1.83094  
 17 795.7902   6361.405938  x:  0.00000   0.02915   0.06646   0.07242   0.01137   0.09042   0.10943   0.00000   0.34385   0.03344   0.02895   0.14261   0.01354   0.00000   0.03429   0.06223   0.13508   0.06115   0.01720   0.12752   0.00000   0.07161   0.02061   0.07287   0.05117   0.10378   0.18891   0.00624   0.06259   0.01310   0.01638   0.02621   0.11866   0.09126   0.06806   0.07361   0.05369   0.07180   0.05613   0.00000   0.02005   0.03505   0.02426   0.05040   0.03816   0.03699   0.04048   0.04857   0.05427   0.07060   0.02296   0.09144   0.06554   2.09543   0.91459   0.13211   1.83115  
 18 258.8854   6360.453670  x:  0.00000   0.03145   0.06568   0.07087   0.01100   0.08862   0.10978   0.00000   0.34345   0.03351   0.02948   0.14437   0.01547   0.00000   0.03630   0.06272   0.13743   0.05634   0.01554   0.12735   0.00000   0.07146   0.02032   0.07211   0.05092   0.10414   0.18724   0.00672   0.06169   0.01129   0.01084   0.02214   0.11514   0.09256   0.06583   0.07235   0.05362   0.07150   0.05514   0.00000   0.02032   0.03419   0.02447   0.05030   0.03493   0.03542   0.03958   0.04632   0.05411   0.07067   0.02279   0.09314   0.06209   2.09857   0.91965   0.12351   1.83143  
 19 84.3865   6359.139689  x:  0.00000   0.03029   0.06326   0.06764   0.01181   0.08437   0.10924   0.00000   0.34222   0.03251   0.02816   0.14659   0.01241   0.00000   0.03346   0.06252   0.14128   0.05042   0.02278   0.12633   0.00000   0.07040   0.02040   0.07016   0.04962   0.10385   0.18309   0.00623   0.05987   0.01135   0.01363   0.02617   0.10818   0.09455   0.06190   0.06982   0.05282   0.06971   0.05324   0.00000   0.02085   0.03403   0.02386   0.04915   0.03268   0.03549   0.03690   0.04025   0.05312   0.06953   0.02419   0.09588   0.05684   2.10633   0.92340   0.11396   1.83151  
 20 91.1189   6355.250100  x:  0.00000   0.02842   0.06082   0.06327   0.01809   0.07360   0.10759   0.00000   0.33767   0.02339   0.02746   0.14920   0.01492   0.00000   0.03676   0.05907   0.14597   0.05225   0.02132   0.12160   0.00000   0.06873   0.01990   0.06675   0.04901   0.09834   0.16984   0.00709   0.05422   0.01719   0.01272   0.02186   0.09255   0.09244   0.06107   0.06729   0.05252   0.06639   0.05453   0.00000   0.01844   0.03621   0.02255   0.04851   0.03410   0.04080   0.02761   0.02116   0.05286   0.06619   0.02758   0.09877   0.05420   2.13347   0.92215   0.11942   1.83028  
 21 87.2334   6353.054295  x:  0.00000   0.03097   0.06244   0.06486   0.01798   0.07209   0.10704   0.00000   0.33493   0.01074   0.02826   0.14860   0.01328   0.00000   0.03562   0.05963   0.14641   0.05572   0.01847   0.12060   0.00000   0.06942   0.02140   0.06816   0.05005   0.09674   0.16504   0.00685   0.05616   0.01085   0.01255   0.02746   0.09277   0.09037   0.06381   0.06882   0.05340   0.06746   0.05549   0.00000   0.02169   0.03534   0.02512   0.04954   0.03347   0.03852   0.02056   0.01618   0.05458   0.06693   0.02613   0.09835   0.05673   2.15045   0.92737   0.12023   1.82967  
 22 155.8378   6352.589985  x:  0.00000   0.02929   0.06259   0.06595   0.01740   0.07463   0.10706   0.00000   0.33418   0.00776   0.02904   0.14758   0.01165   0.00000   0.03416   0.06106   0.14540   0.05490   0.01971   0.12135   0.00000   0.06953   0.02036   0.06904   0.04974   0.09773   0.16597   0.00659   0.05861   0.01259   0.01224   0.02481   0.09674   0.09063   0.06387   0.06926   0.05325   0.06812   0.05456   0.00000   0.01846   0.03440   0.02296   0.04923   0.03382   0.03803   0.01834   0.01555   0.05437   0.06764   0.02489   0.09739   0.05769   2.15557   0.92868   0.11961   1.82949  
 23 87.1636   6352.459795  x:  0.00000   0.02868   0.06265   0.06645   0.01663   0.07624   0.10706   0.00000   0.33388   0.00943   0.02953   0.14694   0.01185   0.00000   0.03445   0.06165   0.14441   0.05405   0.01998   0.12190   0.00000   0.06952   0.02040   0.06926   0.04954   0.09849   0.16720   0.00651   0.05900   0.01246   0.01270   0.02417   0.09912   0.09091   0.06356   0.06931   0.05295   0.06836   0.05410   0.00000   0.01894   0.03458   0.02350   0.04903   0.03389   0.03819   0.01793   0.01342   0.05401   0.06787   0.02470   0.09671   0.05809   2.15794   0.92863   0.11957   1.82939  
 24 63.7515   6352.381806  x:  0.00000   0.02842   0.06243   0.06644   0.01591   0.07765   0.10685   0.00000   0.33354   0.00821   0.02938   0.14640   0.01285   0.00000   0.03555   0.06170   0.14321   0.05266   0.02019   0.12246   0.00000   0.06935   0.02077   0.06890   0.04929   0.09935   0.16899   0.00656   0.05799   0.01260   0.01315   0.02391   0.10068   0.09155   0.06258   0.06891   0.05245   0.06829   0.05383   0.00000   0.01979   0.03538   0.02421   0.04878   0.03402   0.03925   0.01753   0.01373   0.05357   0.06770   0.02534   0.09609   0.05779   2.16082   0.92786   0.11946   1.82926  
 25 41.6336   6352.328432  x:  0.00000   0.02967   0.06251   0.06633   0.01543   0.07846   0.10644   0.00000   0.33311   0.00842   0.02906   0.14590   0.01276   0.00000   0.03565   0.06087   0.14167   0.05265   0.01999   0.12296   0.00000   0.06938   0.02081   0.06843   0.04960   0.10006   0.17140   0.00667   0.05654   0.01253   0.01257   0.02494   0.10103   0.09214   0.06220   0.06880   0.05248   0.06830   0.05447   0.00000   0.01887   0.03543   0.02322   0.04910   0.03405   0.03978   0.01736   0.01347   0.05378   0.06738   0.02596   0.09552   0.05718   2.16533   0.92756   0.11922   1.82907  
 26 26.1369   6352.249701  x:  0.00000   0.02971   0.06247   0.06593   0.01502   0.07881   0.10583   0.00000   0.33224   0.00820   0.02884   0.14537   0.01167   0.00000   0.03497   0.05929   0.13947   0.05370   0.01985   0.12335   0.00000   0.06947   0.02033   0.06808   0.04994   0.10083   0.17529   0.00666   0.05623   0.01363   0.01244   0.02420   0.09978   0.09279   0.06248   0.06892   0.05298   0.06786   0.05518   0.00000   0.01964   0.03517   0.02437   0.04953   0.03381   0.03905   0.01760   0.01325   0.05429   0.06710   0.02607   0.09492   0.05612   2.17542   0.92762   0.11871   1.82861  
 27 35.2956   6352.127922  x:  0.00000   0.02789   0.06205   0.06556   0.01461   0.07839   0.10561   0.00000   0.33076   0.00866   0.02961   0.14525   0.01214   0.00000   0.03620   0.05843   0.13749   0.05441   0.01995   0.12321   0.00000   0.06948   0.02123   0.06837   0.04968   0.10141   0.17956   0.00669   0.05745   0.01231   0.01301   0.02408   0.09720   0.09280   0.06313   0.06908   0.05334   0.06731   0.05478   0.00000   0.01928   0.03492   0.02364   0.04914   0.03419   0.03827   0.01643   0.01384   0.05425   0.06711   0.02593   0.09468   0.05583   2.19386   0.92796   0.11852   1.82776  
 28 62.3394   6351.993122  x:  0.00000   0.02787   0.06197   0.06557   0.01437   0.07778   0.10571   0.00000   0.32905   0.00764   0.03021   0.14539   0.01216   0.00000   0.03718   0.05901   0.13664   0.05405   0.02015   0.12267   0.00000   0.06930   0.02096   0.06891   0.04914   0.10158   0.18228   0.00670   0.05876   0.01180   0.01300   0.02459   0.09563   0.09222   0.06346   0.06905   0.05319   0.06751   0.05382   0.00000   0.01896   0.03488   0.02297   0.04859   0.03429   0.03852   0.01897   0.01283   0.05370   0.06745   0.02576   0.09478   0.05664   2.21634   0.92826   0.11877   1.82671  
 29 126.4332   6351.621750  x:  0.00000   0.03100   0.06243   0.06611   0.01454   0.07604   0.10632   0.00000   0.32446   0.00875   0.03084   0.14619   0.01011   0.00000   0.03789   0.06238   0.13696   0.05187   0.02048   0.12088   0.00000   0.06879   0.01935   0.06994   0.04833   0.10111   0.18506   0.00665   0.05989   0.01356   0.01196   0.02562   0.09441   0.09012   0.06341   0.06857   0.05220   0.06908   0.05219   0.00000   0.01888   0.03591   0.02437   0.04805   0.03376   0.03986   0.01739   0.01400   0.05259   0.06832   0.02519   0.09566   0.05948   2.28014   0.92839   0.12017   1.82364  
 30 226.2894   6351.181630  x:  0.00000   0.02981   0.06297   0.06689   0.01490   0.07555   0.10699   0.00000   0.31950   0.00910   0.02969   0.14732   0.00708   0.00000   0.03830   0.06549   0.13984   0.05148   0.02004   0.12022   0.00000   0.06939   0.02282   0.06954   0.05005   0.10001   0.18235   0.00638   0.05635   0.01329   0.01293   0.02346   0.09821   0.08913   0.06263   0.06839   0.05204   0.06940   0.05420   0.00000   0.02006   0.03482   0.02259   0.04949   0.03265   0.03948   0.01816   0.01421   0.05378   0.06825   0.02388   0.09673   0.06004   2.35746   0.92785   0.12038   1.81990  
 31 251.9186   6350.937349  x:  0.00000   0.02747   0.06288   0.06719   0.01523   0.07654   0.10724   0.00000   0.31741   0.00937   0.02930   0.14780   0.00709   0.00000   0.04031   0.06513   0.14183   0.05319   0.01989   0.12107   0.00000   0.06952   0.01988   0.06865   0.05021   0.09954   0.17811   0.00642   0.05585   0.01251   0.01259   0.02451   0.10177   0.09033   0.06242   0.06893   0.05253   0.06870   0.05545   0.00000   0.01848   0.03471   0.02412   0.04990   0.03305   0.03870   0.01868   0.01446   0.05461   0.06752   0.02475   0.09692   0.05882   2.39975   0.92743   0.11927   1.81781  
 32 238.2391   6350.834911  x:  0.00000   0.02874   0.06277   0.06710   0.01505   0.07797   0.10698   0.00000   0.31731   0.00952   0.02953   0.14753   0.00690   0.00000   0.04110   0.06288   0.14246   0.05422   0.01978   0.12241   0.00000   0.06959   0.02017   0.06851   0.04951   0.09957   0.17451   0.00640   0.05800   0.01312   0.01245   0.02459   0.10305   0.09197   0.06273   0.06940   0.05272   0.06845   0.05495   0.00000   0.01965   0.03524   0.02285   0.04916   0.03316   0.03831   0.01860   0.01455   0.05421   0.06711   0.02580   0.09635   0.05749   2.41770   0.92660   0.11880   1.81681  
 33 98.8296   6350.809481  x:  0.00000   0.02925   0.06281   0.06705   0.01498   0.07874   0.10672   0.00000   0.31788   0.00953   0.02974   0.14719   0.00651   0.00000   0.04106   0.06177   0.14238   0.05408   0.01984   0.12299   0.00000   0.06964   0.02088   0.06879   0.04948   0.09978   0.17313   0.00635   0.05822   0.01266   0.01276   0.02418   0.10275   0.09235   0.06292   0.06944   0.05267   0.06855   0.05457   0.00000   0.01878   0.03532   0.02363   0.04913   0.03317   0.03875   0.01878   0.01460   0.05397   0.06730   0.02574   0.09586   0.05729   2.42199   0.92652   0.11882   1.81651  
 34 37.3104   6350.790467  x:  0.00000   0.02895   0.06296   0.06707   0.01497   0.07981   0.10629   0.00000   0.31935   0.00953   0.02996   0.14657   0.00620   0.00000   0.04120   0.06086   0.14194   0.05343   0.01984   0.12349   0.00000   0.06957   0.02018   0.06920   0.04968   0.10024   0.17173   0.00630   0.05770   0.01239   0.01281   0.02415   0.10182   0.09230   0.06297   0.06929   0.05251   0.06874   0.05436   0.00000   0.01917   0.03497   0.02329   0.04938   0.03310   0.03901   0.01868   0.01465   0.05393   0.06778   0.02526   0.09507   0.05767   2.42491   0.92676   0.11903   1.81615  
 35 17.6922   6350.778554  x:  0.00000   0.02852   0.06300   0.06716   0.01485   0.08037   0.10592   0.00000   0.32120   0.00957   0.02981   0.14607   0.00608   0.00000   0.04157   0.06093   0.14148   0.05322   0.01977   0.12352   0.00000   0.06955   0.02068   0.06915   0.04970   0.10056   0.17099   0.00629   0.05770   0.01303   0.01236   0.02467   0.10129   0.09200   0.06278   0.06914   0.05241   0.06872   0.05447   0.00000   0.01908   0.03488   0.02345   0.04931   0.03297   0.03862   0.01877   0.01463   0.05404   0.06778   0.02533   0.09454   0.05812   2.42643   0.92701   0.11897   1.81580  
 36 12.2416   6350.751991  x:  0.00000   0.02892   0.06283   0.06742   0.01447   0.08070   0.10522   0.00000   0.32683   0.00957   0.02925   0.14519   0.00527   0.00000   0.04225   0.06203   0.14045   0.05357   0.01978   0.12295   0.00000   0.06939   0.02040   0.06838   0.04931   0.10089   0.17023   0.00623   0.05787   0.01257   0.01281   0.02415   0.10079   0.09119   0.06234   0.06892   0.05230   0.06858   0.05491   0.00000   0.01894   0.03544   0.02331   0.04892   0.03310   0.03815   0.01880   0.01464   0.05416   0.06703   0.02554   0.09388   0.05821   2.42911   0.92719   0.11865   1.81475  
 37 14.0745   6350.705471  x:  0.00000   0.02887   0.06246   0.06734   0.01496   0.07973   0.10524   0.00000   0.33746   0.00947   0.02983   0.14482   0.00380   0.00000   0.04387   0.06269   0.13945   0.05391   0.01980   0.12198   0.00000   0.06937   0.02053   0.06841   0.04959   0.10037   0.17049   0.00624   0.05802   0.01271   0.01251   0.02450   0.10177   0.09112   0.06279   0.06932   0.05242   0.06841   0.05439   0.00000   0.01913   0.03485   0.02339   0.04941   0.03270   0.03930   0.01873   0.01467   0.05365   0.06682   0.02473   0.09398   0.05670   2.43299   0.92682   0.11834   1.81258  
 38 20.7267   6350.666910  x:  0.00000   0.02878   0.06273   0.06704   0.01530   0.07867   0.10591   0.00000   0.34576   0.00940   0.02995   0.14540   0.00222   0.00000   0.04517   0.06205   0.13966   0.05346   0.01986   0.12204   0.00000   0.06950   0.02048   0.06917   0.04978   0.09990   0.17144   0.00627   0.05771   0.01254   0.01264   0.02421   0.10267   0.09189   0.06313   0.06947   0.05257   0.06856   0.05417   0.00000   0.01911   0.03469   0.02340   0.04942   0.03249   0.03881   0.01872   0.01467   0.05389   0.06772   0.02651   0.09473   0.05745   2.43572   0.92637   0.11832   1.81059  
 39 30.6625   6350.635155  x:  0.00000   0.02884   0.06328   0.06699   0.01508   0.07858   0.10703   0.00000   0.35101   0.00938   0.02915   0.14663   0.00099   0.00000   0.04665   0.06126   0.14107   0.05321   0.01999   0.12316   0.00000   0.06967   0.02049   0.06944   0.04953   0.10016   0.17261   0.00634   0.05787   0.01257   0.01257   0.02438   0.10274   0.09273   0.06281   0.06923   0.05258   0.06889   0.05482   0.00000   0.01898   0.03566   0.02340   0.04908   0.03267   0.03823   0.01880   0.01461   0.05437   0.06808   0.02504   0.09559   0.05789   2.43729   0.92575   0.11875   1.80878  
 40 19.3556   6350.606729  x:  0.00000   0.02885   0.06322   0.06722   0.01472   0.07930   0.10785   0.00000   0.35275   0.00941   0.02890   0.14738   0.00000   0.00000   0.04760   0.06129   0.14225   0.05369   0.01990   0.12393   0.00000   0.06974   0.02051   0.06913   0.04962   0.10068   0.17324   0.00631   0.05810   0.01260   0.01262   0.02439   0.10231   0.09276   0.06276   0.06927   0.05255   0.06894   0.05488   0.00000   0.01908   0.03511   0.02346   0.04931   0.03257   0.03881   0.01874   0.01463   0.05418   0.06764   0.02516   0.09595   0.05842   2.43776   0.92558   0.11870   1.80755  
 41 13.1094   6350.539009  x:  0.00000   0.02928   0.06298   0.06746   0.01502   0.07996   0.10777   0.00000   0.35280   0.00941   0.02829   0.14729   0.00000   0.00000   0.04343   0.06152   0.14282   0.05346   0.02015   0.12375   0.00000   0.06960   0.02049   0.06940   0.05008   0.10088   0.17351   0.00630   0.05815   0.01262   0.01273   0.02440   0.10208   0.09239   0.06313   0.06951   0.05259   0.06906   0.05443   0.00000   0.01903   0.03468   0.02356   0.04971   0.03293   0.03807   0.01874   0.01459   0.05433   0.06782   0.02520   0.09599   0.05797   2.43754   0.92474   0.11855   1.80618  
 42  9.0373   6350.220664  x:  0.00000   0.02958   0.06283   0.06910   0.01280   0.08649   0.10902   0.00000   0.35458   0.00915   0.03119   0.14794   0.01353   0.00000   0.03165   0.06260   0.14835   0.05411   0.02016   0.12143   0.00000   0.06917   0.02059   0.07164   0.05115   0.10178   0.17604   0.00608   0.05715   0.01332   0.01271   0.02495   0.10017   0.08823   0.06585   0.07096   0.05321   0.06895   0.05466   0.00000   0.01891   0.03679   0.02351   0.04968   0.03216   0.03705   0.01903   0.01460   0.05615   0.07050   0.02646   0.09555   0.05526   2.43606   0.91935   0.11483   1.78084  
 43 12.3648   6348.770350  x:  0.00000   0.02813   0.06475   0.06905   0.01013   0.08898   0.10451   0.00000   0.35149   0.00948   0.03058   0.14607   0.04424   0.00000   0.00000   0.06019   0.15040   0.05363   0.01941   0.11724   0.00000   0.07078   0.02056   0.07262   0.04875   0.09887   0.17863   0.00580   0.05876   0.01273   0.01207   0.02512   0.10197   0.08717   0.06530   0.07007   0.05349   0.06954   0.05695   0.00000   0.01917   0.03614   0.02351   0.04867   0.02806   0.03877   0.01928   0.01501   0.05534   0.07142   0.02625   0.09354   0.05611   2.43033   0.91863   0.11122   1.71871  
 44 106.1722   6348.770350  x:  0.00000   0.02813   0.06475   0.06905   0.01013   0.08898   0.10451   0.00000   0.35149   0.00948   0.03058   0.14607   0.04424   0.00000   0.00000   0.06019   0.15040   0.05363   0.01941   0.11724   0.00000   0.07078   0.02056   0.07262   0.04875   0.09887   0.17863   0.00580   0.05876   0.01273   0.01207   0.02512   0.10197   0.08717   0.06530   0.07007   0.05349   0.06954   0.05695   0.00000   0.01917   0.03614   0.02351   0.04867   0.02806   0.03877   0.01928   0.01501   0.05534   0.07142   0.02625   0.09354   0.05611   2.43033   0.91863   0.11122   1.71871  
 45 1097.2158   6343.276090  x:  0.00000   0.02647   0.06364   0.06864   0.00303   0.08759   0.10392   0.00000   0.35082   0.00877   0.02820   0.14520   0.04449   0.00000   0.00015   0.06079   0.14815   0.05414   0.01909   0.11849   0.00000   0.06917   0.01797   0.07111   0.04772   0.09939   0.17833   0.00779   0.06122   0.00693   0.00909   0.02538   0.10358   0.08808   0.06395   0.06966   0.05174   0.06802   0.05369   0.00000   0.01723   0.03157   0.02419   0.04743   0.00773   0.03347   0.01950   0.01814   0.05359   0.06969   0.02505   0.09340   0.05689   2.43017   0.90837   0.11945   1.71814  
 46 321.2020   6342.982924  x:  0.00000   0.02619   0.06320   0.06855   0.00394   0.08741   0.10389   0.00000   0.35051   0.00919   0.02775   0.14486   0.04473   0.00000   0.00034   0.06112   0.14713   0.05442   0.01921   0.11919   0.00000   0.06882   0.01842   0.07072   0.04767   0.09979   0.17853   0.00755   0.06228   0.00992   0.01066   0.02578   0.10441   0.08880   0.06365   0.06962   0.05135   0.06783   0.05311   0.00000   0.01806   0.03163   0.02448   0.04730   0.00573   0.03323   0.01985   0.01753   0.05310   0.06894   0.02526   0.09342   0.05762   2.43009   0.90643   0.12034   1.71801  
 47 124.3270   6342.745665  x:  0.00000   0.02579   0.06219   0.06850   0.00376   0.08688   0.10391   0.00000   0.34971   0.00961   0.02681   0.14409   0.04526   0.00000   0.00072   0.06198   0.14463   0.05512   0.01944   0.12093   0.00000   0.06810   0.01911   0.06992   0.04765   0.10084   0.17899   0.00687   0.06429   0.01011   0.01076   0.02607   0.10642   0.09030   0.06304   0.06964   0.05058   0.06756   0.05215   0.00000   0.01916   0.03216   0.02497   0.04716   0.00788   0.03327   0.02046   0.01721   0.05210   0.06726   0.02571   0.09351   0.05936   2.42988   0.90216   0.12203   1.71773  
 48 87.4988   6342.621275  x:  0.00000   0.02657   0.06186   0.06904   0.00542   0.08680   0.10441   0.00000   0.34860   0.00941   0.02688   0.14339   0.04564   0.00000   0.00086   0.06314   0.14165   0.05587   0.01963   0.12311   0.00000   0.06802   0.01974   0.06973   0.04814   0.10245   0.17994   0.00782   0.06568   0.00888   0.01039   0.02586   0.10882   0.09197   0.06301   0.07004   0.05070   0.06798   0.05248   0.00000   0.01867   0.03336   0.02485   0.04764   0.00728   0.03460   0.01997   0.01696   0.05218   0.06637   0.02580   0.09383   0.06090   2.42958   0.90037   0.12057   1.71753  
 49 51.3595   6342.568405  x:  0.00000   0.02675   0.06201   0.06918   0.00466   0.08650   0.10488   0.00000   0.34768   0.00937   0.02725   0.14306   0.04560   0.00000   0.00062   0.06376   0.13965   0.05610   0.01953   0.12440   0.00000   0.06823   0.01923   0.06992   0.04836   0.10358   0.18063   0.00665   0.06605   0.00894   0.01070   0.02578   0.11028   0.09293   0.06320   0.07039   0.05104   0.06835   0.05305   0.00000   0.01856   0.03338   0.02462   0.04792   0.00705   0.03474   0.02009   0.01762   0.05260   0.06644   0.02545   0.09413   0.06136   2.42930   0.89971   0.11904   1.71736  
 50 42.4734   6342.547828  x:  0.00000   0.02651   0.06221   0.06930   0.00409   0.08636   0.10519   0.00000   0.34697   0.00935   0.02744   0.14296   0.04554   0.00000   0.00038   0.06399   0.13849   0.05602   0.01944   0.12496   0.00000   0.06843   0.01895   0.07014   0.04835   0.10423   0.18109   0.00747   0.06590   0.00929   0.01074   0.02567   0.11092   0.09323   0.06332   0.07054   0.05122   0.06849   0.05329   0.00000   0.01868   0.03299   0.02464   0.04792   0.00729   0.03431   0.02021   0.01749   0.05280   0.06678   0.02515   0.09435   0.06128   2.42907   0.89926   0.11832   1.71719  
 51 30.8488   6342.537981  x:  0.00000   0.02626   0.06241   0.06930   0.00434   0.08628   0.10546   0.00000   0.34622   0.00935   0.02751   0.14301   0.04562   0.00000   0.00026   0.06399   0.13770   0.05580   0.01949   0.12511   0.00000   0.06861   0.01917   0.07035   0.04825   0.10467   0.18152   0.00723   0.06541   0.00933   0.01035   0.02558   0.11114   0.09318   0.06338   0.07057   0.05126   0.06852   0.05329   0.00000   0.01874   0.03271   0.02481   0.04780   0.00730   0.03397   0.02017   0.01708   0.05284   0.06718   0.02508   0.09453   0.06100   2.42882   0.89888   0.11807   1.71696  
 52 17.8567   6342.531208  x:  0.00000   0.02624   0.06259   0.06926   0.00450   0.08620   0.10573   0.00000   0.34522   0.00932   0.02746   0.14315   0.04583   0.00000   0.00019   0.06387   0.13702   0.05556   0.01962   0.12505   0.00000   0.06872   0.01933   0.07048   0.04815   0.10504   0.18200   0.00727   0.06489   0.00917   0.01075   0.02574   0.11112   0.09293   0.06339   0.07051   0.05120   0.06849   0.05313   0.00000   0.01867   0.03273   0.02488   0.04768   0.00735   0.03399   0.02014   0.01740   0.05281   0.06750   0.02527   0.09471   0.06069   2.42845   0.89857   0.11804   1.71662  
 53 14.0182   6342.524807  x:  0.00000   0.02652   0.06267   0.06920   0.00426   0.08609   0.10599   0.00000   0.34377   0.00937   0.02734   0.14338   0.04609   0.00000   0.00000   0.06369   0.13648   0.05545   0.01967   0.12479   0.00000   0.06870   0.01912   0.07050   0.04815   0.10534   0.18252   0.00732   0.06471   0.00937   0.01052   0.02570   0.11089   0.09261   0.06337   0.07045   0.05109   0.06845   0.05299   0.00000   0.01871   0.03302   0.02473   0.04770   0.00729   0.03439   0.02017   0.01735   0.05273   0.06758   0.02559   0.09489   0.06046   2.42789   0.89847   0.11805   1.71610  
 54 12.2715   6342.515082  x:  0.00000   0.02639   0.06245   0.06916   0.00410   0.08606   0.10637   0.00000   0.34017   0.00922   0.02725   0.14379   0.04647   0.00000   0.00000   0.06351   0.13604   0.05570   0.01946   0.12424   0.00000   0.06850   0.01932   0.07030   0.04841   0.10562   0.18338   0.00727   0.06527   0.00922   0.01072   0.02574   0.11028   0.09227   0.06335   0.07044   0.05111   0.06830   0.05314   0.00000   0.01871   0.03287   0.02473   0.04796   0.00727   0.03415   0.02007   0.01711   0.05270   0.06711   0.02550   0.09506   0.06040   2.42641   0.89897   0.11802   1.71470  
 55 11.1746   6342.509794  x:  0.00000   0.02630   0.06233   0.06916   0.00437   0.08611   0.10646   0.00000   0.33795   0.00947   0.02726   0.14390   0.04636   0.00000   0.00000   0.06349   0.13600   0.05582   0.01956   0.12406   0.00000   0.06842   0.01921   0.07020   0.04837   0.10564   0.18370   0.00731   0.06548   0.00930   0.01051   0.02568   0.11006   0.09225   0.06333   0.07045   0.05113   0.06827   0.05319   0.00000   0.01868   0.03276   0.02480   0.04791   0.00731   0.03400   0.02019   0.01750   0.05273   0.06694   0.02535   0.09507   0.06049   2.42545   0.89925   0.11809   1.71378  
 56 22.5473   6342.499651  x:  0.00000   0.02637   0.06226   0.06914   0.00436   0.08618   0.10622   0.00000   0.33333   0.00938   0.02733   0.14375   0.04553   0.00000   0.00000   0.06365   0.13639   0.05583   0.01982   0.12411   0.00000   0.06842   0.01906   0.07018   0.04795   0.10533   0.18373   0.00726   0.06534   0.00916   0.01068   0.02576   0.11006   0.09263   0.06330   0.07046   0.05118   0.06841   0.05311   0.00000   0.01865   0.03283   0.02488   0.04747   0.00729   0.03413   0.02022   0.01720   0.05276   0.06702   0.02513   0.09486   0.06091   2.42325   0.89969   0.11836   1.71164  
 57 19.7859   6342.494058  x:  0.00000   0.02638   0.06230   0.06912   0.00424   0.08619   0.10590   0.00000   0.33075   0.00936   0.02748   0.14353   0.04555   0.00000   0.00000   0.06377   0.13678   0.05566   0.01943   0.12433   0.00000   0.06850   0.01947   0.07024   0.04802   0.10500   0.18338   0.00730   0.06512   0.00928   0.01056   0.02570   0.11028   0.09287   0.06327   0.07044   0.05115   0.06844   0.05302   0.00000   0.01870   0.03289   0.02473   0.04752   0.00728   0.03416   0.02004   0.01739   0.05272   0.06717   0.02520   0.09466   0.06105   2.42184   0.89984   0.11846   1.71025  
 58 20.7319   6342.489925  x:  0.00000   0.02631   0.06239   0.06914   0.00436   0.08619   0.10553   0.00000   0.32892   0.00951   0.02763   0.14329   0.04609   0.00000   0.00000   0.06382   0.13714   0.05558   0.01946   0.12460   0.00000   0.06853   0.01918   0.07030   0.04826   0.10471   0.18283   0.00729   0.06495   0.00920   0.01062   0.02570   0.11060   0.09293   0.06326   0.07040   0.05109   0.06838   0.05299   0.00000   0.01867   0.03283   0.02475   0.04783   0.00729   0.03411   0.02015   0.01728   0.05265   0.06726   0.02532   0.09450   0.06091   2.42057   0.89985   0.11839   1.70896  
 59 15.3165   6342.488619  x:  0.00000   0.02634   0.06242   0.06915   0.00437   0.08617   0.10536   0.00000   0.32848   0.00928   0.02757   0.14320   0.04621   0.00000   0.00000   0.06378   0.13722   0.05563   0.01963   0.12467   0.00000   0.06854   0.01919   0.07030   0.04826   0.10466   0.18255   0.00728   0.06501   0.00927   0.01056   0.02569   0.11070   0.09283   0.06327   0.07040   0.05109   0.06835   0.05304   0.00000   0.01867   0.03282   0.02481   0.04781   0.00730   0.03411   0.02014   0.01735   0.05267   0.06723   0.02531   0.09449   0.06072   2.42000   0.89979   0.11825   1.70837  
 60  7.6913   6342.486723  x:  0.00000   0.02641   0.06244   0.06917   0.00433   0.08612   0.10513   0.00000   0.32808   0.00952   0.02751   0.14309   0.04618   0.00000   0.00000   0.06365   0.13724   0.05570   0.01966   0.12469   0.00000   0.06853   0.01933   0.07029   0.04815   0.10468   0.18207   0.00728   0.06519   0.00923   0.01059   0.02571   0.11079   0.09256   0.06331   0.07041   0.05112   0.06831   0.05313   0.00000   0.01868   0.03282   0.02481   0.04764   0.00728   0.03413   0.02009   0.01731   0.05274   0.06713   0.02532   0.09454   0.06041   2.41896   0.89965   0.11792   1.70723  
 61  8.6277   6342.484515  x:  0.00000   0.02633   0.06240   0.06917   0.00450   0.08613   0.10498   0.00000   0.32787   0.00940   0.02754   0.14301   0.04599   0.00000   0.00000   0.06354   0.13716   0.05570   0.01930   0.12462   0.00000   0.06848   0.01918   0.07025   0.04805   0.10476   0.18159   0.00725   0.06530   0.00918   0.01061   0.02569   0.11078   0.09231   0.06333   0.07042   0.05113   0.06829   0.05312   0.00000   0.01867   0.03280   0.02471   0.04755   0.00730   0.03410   0.02017   0.01731   0.05276   0.06707   0.02545   0.09463   0.06032   2.41749   0.89949   0.11761   1.70560  
 62 11.0533   6342.476175  x:  0.00000   0.02606   0.06216   0.06904   0.00437   0.08620   0.10499   0.00000   0.32787   0.00944   0.02805   0.14292   0.04557   0.00000   0.00000   0.06347   0.13675   0.05567   0.01962   0.12426   0.00000   0.06842   0.01930   0.07015   0.04823   0.10513   0.18032   0.00726   0.06520   0.00919   0.01060   0.02561   0.11041   0.09206   0.06327   0.07039   0.05104   0.06839   0.05281   0.00000   0.01865   0.03286   0.02486   0.04793   0.00724   0.03394   0.02002   0.01734   0.05255   0.06712   0.02564   0.09494   0.06083   2.41141   0.89947   0.11681   1.69867  
 63 15.5166   6342.459475  x:  0.00000   0.02665   0.06216   0.06898   0.00445   0.08622   0.10520   0.00000   0.32843   0.00951   0.02795   0.14295   0.04591   0.00000   0.00000   0.06368   0.13611   0.05545   0.01953   0.12389   0.00000   0.06842   0.01946   0.07014   0.04837   0.10544   0.17907   0.00726   0.06491   0.00918   0.01054   0.02583   0.10992   0.09248   0.06317   0.07032   0.05102   0.06855   0.05293   0.00000   0.01876   0.03252   0.02450   0.04788   0.00727   0.03406   0.02029   0.01727   0.05251   0.06721   0.02443   0.09518   0.06121   2.39933   0.89975   0.11639   1.68466  
 64 40.2957   6342.439641  x:  0.00000   0.02634   0.06244   0.06908   0.00434   0.08602   0.10544   0.00000   0.32938   0.00974   0.02725   0.14302   0.04642   0.00000   0.00000   0.06395   0.13576   0.05539   0.01916   0.12400   0.00000   0.06852   0.01918   0.07029   0.04814   0.10537   0.17884   0.00725   0.06489   0.00929   0.01051   0.02567   0.10987   0.09321   0.06322   0.07036   0.05123   0.06838   0.05339   0.00000   0.01848   0.03269   0.02503   0.04741   0.00732   0.03399   0.01962   0.01727   0.05287   0.06729   0.02450   0.09513   0.06136   2.38462   0.90052   0.11612   1.66735  
 65 80.6308   6342.423138  x:  0.00000   0.02605   0.06267   0.06922   0.00423   0.08579   0.10564   0.00000   0.33026   0.00980   0.02698   0.14304   0.04640   0.00000   0.00000   0.06404   0.13586   0.05554   0.01928   0.12443   0.00000   0.06866   0.01953   0.07045   0.04801   0.10506   0.17949   0.00729   0.06502   0.00907   0.01046   0.02552   0.11024   0.09356   0.06334   0.07045   0.05135   0.06820   0.05353   0.00000   0.01891   0.03265   0.02470   0.04732   0.00716   0.03384   0.02031   0.01725   0.05306   0.06732   0.02520   0.09488   0.06111   2.37267   0.90129   0.11570   1.65302  
 66 105.6497   6342.409060  x:  0.00000   0.02629   0.06261   0.06925   0.00423   0.08560   0.10576   0.00000   0.33106   0.00988   0.02740   0.14297   0.04585   0.00000   0.00000   0.06392   0.13638   0.05570   0.01929   0.12501   0.00000   0.06866   0.01956   0.07044   0.04811   0.10461   0.18085   0.00728   0.06522   0.00918   0.01046   0.02566   0.11094   0.09341   0.06337   0.07050   0.05124   0.06823   0.05319   0.00000   0.01850   0.03240   0.02431   0.04771   0.00730   0.03370   0.02003   0.01719   0.05285   0.06725   0.02521   0.09448   0.06032   2.36254   0.90143   0.11536   1.64044  
 67 76.7027   6342.404946  x:  0.00000   0.02640   0.06251   0.06920   0.00420   0.08563   0.10571   0.00000   0.33130   0.00988   0.02762   0.14292   0.04576   0.00000   0.00000   0.06386   0.13672   0.05566   0.01909   0.12514   0.00000   0.06862   0.01954   0.07038   0.04821   0.10448   0.18145   0.00730   0.06519   0.00911   0.01046   0.02566   0.11117   0.09319   0.06335   0.07050   0.05120   0.06831   0.05314   0.00000   0.01885   0.03249   0.02474   0.04777   0.00725   0.03380   0.02003   0.01724   0.05278   0.06725   0.02499   0.09433   0.06020   2.35966   0.90132   0.11504   1.63657  
 68 40.4000   6342.401483  x:  0.00000   0.02623   0.06233   0.06907   0.00410   0.08583   0.10543   0.00000   0.33145   0.00991   0.02764   0.14285   0.04600   0.00000   0.00000   0.06380   0.13730   0.05555   0.01913   0.12510   0.00000   0.06858   0.01963   0.07029   0.04827   0.10445   0.18216   0.00732   0.06504   0.00917   0.01047   0.02558   0.11127   0.09286   0.06331   0.07047   0.05128   0.06843   0.05333   0.00000   0.01864   0.03248   0.02466   0.04754   0.00724   0.03392   0.02015   0.01722   0.05285   0.06729   0.02484   0.09425   0.06063   2.35769   0.90085   0.11449   1.63316  
 69 14.1776   6342.400259  x:  0.00000   0.02633   0.06236   0.06907   0.00412   0.08598   0.10527   0.00000   0.33148   0.00993   0.02756   0.14282   0.04608   0.00000   0.00000   0.06378   0.13754   0.05555   0.01918   0.12503   0.00000   0.06861   0.01958   0.07032   0.04822   0.10447   0.18242   0.00731   0.06501   0.00914   0.01046   0.02567   0.11122   0.09284   0.06334   0.07048   0.05133   0.06846   0.05337   0.00000   0.01880   0.03248   0.02452   0.04757   0.00725   0.03377   0.01999   0.01724   0.05289   0.06731   0.02488   0.09428   0.06083   2.35713   0.90062   0.11424   1.63166  
 70 11.2335   6342.398155  x:  0.00000   0.02647   0.06259   0.06920   0.00410   0.08626   0.10501   0.00000   0.33149   0.00997   0.02746   0.14280   0.04610   0.00000   0.00000   0.06377   0.13782   0.05564   0.01911   0.12488   0.00000   0.06875   0.01969   0.07049   0.04814   0.10452   0.18268   0.00730   0.06508   0.00916   0.01046   0.02577   0.11100   0.09308   0.06348   0.07053   0.05140   0.06839   0.05328   0.00000   0.01862   0.03251   0.02468   0.04781   0.00727   0.03375   0.02015   0.01723   0.05292   0.06736   0.02492   0.09447   0.06089   2.35667   0.90025   0.11392   1.62870  
 71  8.5868   6342.394245  x:  0.00000   0.02614   0.06273   0.06938   0.00414   0.08667   0.10480   0.00000   0.33146   0.00997   0.02766   0.14284   0.04615   0.00000   0.00000   0.06376   0.13809   0.05579   0.01917   0.12479   0.00000   0.06885   0.01974   0.07065   0.04827   0.10457   0.18289   0.00726   0.06520   0.00909   0.01056   0.02555   0.11069   0.09351   0.06357   0.07058   0.05134   0.06827   0.05326   0.00000   0.01874   0.03255   0.02451   0.04774   0.00727   0.03412   0.02003   0.01727   0.05291   0.06740   0.02483   0.09483   0.06064   2.35637   0.89984   0.11363   1.62281  
 72 14.7264   6342.380234  x:  0.00000   0.02647   0.06236   0.06946   0.00427   0.08721   0.10473   0.00000   0.33130   0.00998   0.02823   0.14313   0.04657   0.00000   0.00000   0.06374   0.13832   0.05569   0.01919   0.12510   0.00000   0.06861   0.02005   0.07036   0.04872   0.10454   0.18298   0.00722   0.06526   0.00901   0.01057   0.02596   0.11060   0.09394   0.06321   0.07051   0.05100   0.06863   0.05363   0.00000   0.01850   0.03258   0.02457   0.04680   0.00728   0.03399   0.02013   0.01729   0.05282   0.06739   0.02548   0.09559   0.06044   2.35633   0.89976   0.11277   1.60110  
 73 27.3601   6342.345202  x:  0.00000   0.02620   0.06144   0.06902   0.00481   0.08712   0.10465   0.00000   0.33082   0.01021   0.02698   0.14363   0.04713   0.00000   0.00000   0.06360   0.13822   0.05509   0.01925   0.12602   0.00000   0.06811   0.02087   0.06959   0.04808   0.10432   0.18286   0.00713   0.06475   0.00871   0.01094   0.02565   0.11139   0.09314   0.06262   0.07029   0.05109   0.06907   0.05356   0.00000   0.01812   0.03313   0.02421   0.04732   0.00725   0.03420   0.02016   0.01738   0.05279   0.06710   0.02528   0.09613   0.06077   2.35703   0.90034   0.11065   1.54483  
 74 95.3007   6342.328975  x:  0.00000   0.02609   0.06187   0.06881   0.00508   0.08636   0.10493   0.00000   0.33059   0.01025   0.02696   0.14334   0.04751   0.00000   0.00000   0.06365   0.13798   0.05535   0.01922   0.12577   0.00000   0.06837   0.02114   0.06991   0.04834   0.10419   0.18278   0.00713   0.06483   0.00863   0.01092   0.02615   0.11185   0.09235   0.06303   0.07029   0.05116   0.06843   0.05303   0.00000   0.01802   0.03258   0.02419   0.04673   0.00726   0.03480   0.02002   0.01743   0.05258   0.06686   0.02525   0.09514   0.06169   2.35772   0.90067   0.10945   1.51895  
 75 81.0412   6342.322587  x:  0.00000   0.02632   0.06205   0.06878   0.00518   0.08590   0.10510   0.00000   0.33048   0.01025   0.02719   0.14294   0.04761   0.00000   0.00000   0.06379   0.13789   0.05543   0.01923   0.12533   0.00000   0.06841   0.02125   0.07004   0.04844   0.10420   0.18278   0.00711   0.06491   0.00857   0.01109   0.02564   0.11183   0.09223   0.06309   0.07023   0.05097   0.06821   0.05320   0.00000   0.01787   0.03302   0.02408   0.04650   0.00728   0.03440   0.02013   0.01742   0.05255   0.06695   0.02514   0.09424   0.06182   2.35827   0.90057   0.10897   1.50866  
 76 42.0492   6342.314292  x:  0.00000   0.02598   0.06180   0.06884   0.00516   0.08545   0.10519   0.00000   0.33030   0.01026   0.02720   0.14226   0.04760   0.00000   0.00000   0.06406   0.13785   0.05524   0.01924   0.12469   0.00000   0.06818   0.02136   0.06986   0.04830   0.10434   0.18284   0.00714   0.06493   0.00857   0.01095   0.02611   0.11159   0.09261   0.06274   0.07017   0.05076   0.06842   0.05374   0.00000   0.01782   0.03298   0.02399   0.04670   0.00724   0.03455   0.02014   0.01742   0.05274   0.06715   0.02526   0.09295   0.06148   2.35947   0.90043   0.10801   1.49517  
 77 28.9458   6342.301545  x:  0.00000   0.02620   0.06141   0.06886   0.00496   0.08544   0.10506   0.00000   0.33002   0.01033   0.02691   0.14178   0.04776   0.00000   0.00000   0.06420   0.13796   0.05505   0.01916   0.12459   0.00000   0.06805   0.02141   0.06956   0.04840   0.10448   0.18297   0.00713   0.06471   0.00860   0.01104   0.02542   0.11132   0.09309   0.06259   0.07024   0.05119   0.06899   0.05334   0.00000   0.01773   0.03211   0.02402   0.04638   0.00726   0.03459   0.02010   0.01738   0.05267   0.06692   0.02552   0.09223   0.06122   2.36184   0.90067   0.10643   1.47441  
 78 37.8445   6342.267687  x:  0.00000   0.02545   0.06115   0.06858   0.00418   0.08604   0.10455   0.00000   0.32921   0.01045   0.02703   0.14151   0.04811   0.00000   0.00000   0.06397   0.13831   0.05502   0.01886   0.12545   0.00000   0.06822   0.02138   0.06938   0.04868   0.10438   0.18324   0.00721   0.06428   0.00884   0.01065   0.02587   0.11132   0.09330   0.06283   0.07040   0.05192   0.06917   0.05289   0.00000   0.01736   0.03265   0.02344   0.04552   0.00715   0.03380   0.02038   0.01727   0.05256   0.06651   0.02469   0.09231   0.06116   2.36882   0.90166   0.10286   1.41742  
 79 100.8975   6342.236852  x:  0.00000   0.02555   0.06135   0.06834   0.00369   0.08654   0.10412   0.00000   0.32847   0.01053   0.02759   0.14178   0.04791   0.00000   0.00000   0.06368   0.13866   0.05502   0.01867   0.12626   0.00000   0.06834   0.02147   0.06963   0.04854   0.10399   0.18341   0.00725   0.06435   0.00903   0.01062   0.02544   0.11178   0.09265   0.06290   0.07024   0.05148   0.06882   0.05455   0.00000   0.01717   0.03159   0.02332   0.04575   0.00717   0.03388   0.02041   0.01717   0.05313   0.06694   0.02449   0.09322   0.06197   2.37504   0.90212   0.10073   1.36757  
 80 168.9291   6342.234242  x:  0.00000   0.02549   0.06149   0.06868   0.00368   0.08632   0.10426   0.00000   0.32839   0.01056   0.02743   0.14221   0.04786   0.00000   0.00000   0.06405   0.13891   0.05491   0.01867   0.12597   0.00000   0.06822   0.02147   0.06969   0.04872   0.10385   0.18337   0.00722   0.06468   0.00903   0.01063   0.02540   0.11217   0.09253   0.06267   0.07027   0.05141   0.06898   0.05441   0.00000   0.01715   0.03155   0.02329   0.04568   0.00719   0.03385   0.02042   0.01716   0.05317   0.06739   0.02441   0.09353   0.06205   2.37558   0.90210   0.10040   1.36330  
 81 14.5584   6342.233703  x:  0.00000   0.02549   0.06147   0.06869   0.00369   0.08615   0.10444   0.00000   0.32836   0.01055   0.02751   0.14248   0.04789   0.00000   0.00000   0.06421   0.13908   0.05496   0.01867   0.12578   0.00000   0.06826   0.02148   0.06967   0.04860   0.10380   0.18330   0.00723   0.06458   0.00904   0.01062   0.02539   0.11236   0.09259   0.06275   0.07034   0.05148   0.06904   0.05446   0.00000   0.01715   0.03156   0.02329   0.04569   0.00718   0.03386   0.02043   0.01716   0.05316   0.06724   0.02443   0.09364   0.06202   2.37570   0.90198   0.10032   1.36240  
 82  3.4488   6342.233545  x:  0.00000   0.02550   0.06144   0.06861   0.00371   0.08608   0.10451   0.00000   0.32835   0.01056   0.02743   0.14257   0.04782   0.00000   0.00000   0.06418   0.13915   0.05497   0.01866   0.12578   0.00000   0.06829   0.02148   0.06969   0.04873   0.10381   0.18328   0.00724   0.06455   0.00904   0.01062   0.02540   0.11237   0.09264   0.06278   0.07033   0.05148   0.06902   0.05449   0.00000   0.01715   0.03156   0.02330   0.04570   0.00718   0.03385   0.02043   0.01716   0.05320   0.06723   0.02444   0.09364   0.06201   2.37573   0.90192   0.10029   1.36217  
 83  0.8744   6342.232981  x:  0.00000   0.02552   0.06144   0.06848   0.00373   0.08595   0.10477   0.00000   0.32834   0.01055   0.02746   0.14274   0.04788   0.00000   0.00000   0.06400   0.13935   0.05496   0.01866   0.12598   0.00000   0.06827   0.02148   0.06973   0.04860   0.10392   0.18320   0.00725   0.06468   0.00902   0.01062   0.02539   0.11227   0.09275   0.06273   0.07025   0.05151   0.06897   0.05444   0.00000   0.01715   0.03155   0.02330   0.04570   0.00719   0.03387   0.02043   0.01716   0.05318   0.06737   0.02443   0.09357   0.06204   2.37585   0.90184   0.10015   1.36146  
 84  0.7342   6342.228253  x:  0.00000   0.02546   0.06192   0.06922   0.00371   0.08604   0.10550   0.00000   0.32835   0.01055   0.02733   0.14282   0.04779   0.00000   0.00000   0.06393   0.13980   0.05491   0.01866   0.12664   0.00000   0.06820   0.02147   0.06955   0.04877   0.10438   0.18300   0.00720   0.06461   0.00908   0.01064   0.02542   0.11181   0.09237   0.06275   0.07065   0.05154   0.06927   0.05457   0.00000   0.01718   0.03160   0.02332   0.04577   0.00720   0.03390   0.02044   0.01717   0.05316   0.06726   0.02445   0.09328   0.06215   2.37683   0.90165   0.09999   1.35562  
 85  2.1489   6342.184642  x:  0.00000   0.02564   0.06065   0.06991   0.00351   0.08781   0.10655   0.00000   0.32885   0.01050   0.02668   0.14223   0.04816   0.00000   0.00000   0.06526   0.13991   0.05566   0.01858   0.12674   0.00000   0.06903   0.02123   0.07046   0.04810   0.10481   0.18287   0.00704   0.06486   0.00918   0.01067   0.02541   0.11165   0.09142   0.06280   0.07056   0.04966   0.06929   0.05369   0.00000   0.01732   0.03160   0.02345   0.04578   0.00719   0.03389   0.02040   0.01718   0.05362   0.06772   0.02452   0.09312   0.06194   2.38569   0.90241   0.09697   1.30333  
 86 17.2879   6342.058069  x:  0.00000   0.02603   0.06167   0.07024   0.00351   0.08990   0.10588   0.00000   0.33049   0.01014   0.02694   0.14085   0.04811   0.00000   0.00000   0.06565   0.13809   0.05489   0.01908   0.12480   0.00000   0.06780   0.02085   0.07050   0.04762   0.10374   0.18338   0.00686   0.06647   0.00921   0.01074   0.02540   0.11209   0.09083   0.06149   0.06938   0.05168   0.06863   0.05323   0.00000   0.01776   0.03178   0.02380   0.04619   0.00723   0.03414   0.02023   0.01730   0.05216   0.06916   0.02491   0.09385   0.06172   2.41146   0.90417   0.08895   1.15124  
 87 197.8952   6342.024474  x:  0.00000   0.02593   0.06261   0.07062   0.00365   0.08859   0.10425   0.00000   0.33099   0.01001   0.02719   0.14117   0.04830   0.00000   0.00000   0.06464   0.13730   0.05450   0.01921   0.12451   0.00000   0.06713   0.02076   0.06965   0.04722   0.10308   0.18385   0.00690   0.06654   0.00918   0.01072   0.02526   0.11172   0.09143   0.06151   0.07012   0.04985   0.06889   0.05246   0.00000   0.01783   0.03169   0.02388   0.04616   0.00724   0.03411   0.02016   0.01728   0.05264   0.06905   0.02468   0.09427   0.06211   2.41844   0.90493   0.08610   1.11004  
 88 143.3519   6342.021599  x:  0.00000   0.02594   0.06233   0.07095   0.00370   0.08793   0.10362   0.00000   0.33105   0.01000   0.02729   0.14142   0.04830   0.00000   0.00000   0.06481   0.13721   0.05470   0.01918   0.12474   0.00000   0.06743   0.02072   0.06987   0.04718   0.10316   0.18395   0.00690   0.06646   0.00919   0.01071   0.02527   0.11132   0.09136   0.06124   0.07007   0.04992   0.06892   0.05256   0.00000   0.01784   0.03171   0.02389   0.04616   0.00722   0.03411   0.02016   0.01730   0.05232   0.06909   0.02467   0.09432   0.06216   2.41902   0.90499   0.08591   1.10664  
 89 12.1263   6342.021235  x:  0.00000   0.02596   0.06230   0.07092   0.00372   0.08782   0.10348   0.00000   0.33106   0.00999   0.02738   0.14149   0.04829   0.00000   0.00000   0.06504   0.13721   0.05463   0.01919   0.12484   0.00000   0.06735   0.02072   0.06988   0.04719   0.10323   0.18397   0.00690   0.06649   0.00919   0.01071   0.02528   0.11119   0.09130   0.06133   0.07002   0.05000   0.06888   0.05251   0.00000   0.01785   0.03171   0.02389   0.04617   0.00723   0.03412   0.02016   0.01729   0.05249   0.06910   0.02469   0.09432   0.06214   2.41908   0.90498   0.08594   1.10625  
 90  2.1456   6342.021070  x:  0.00000   0.02595   0.06237   0.07082   0.00372   0.08782   0.10344   0.00000   0.33106   0.00999   0.02735   0.14153   0.04827   0.00000   0.00000   0.06518   0.13721   0.05461   0.01919   0.12488   0.00000   0.06732   0.02072   0.06983   0.04718   0.10325   0.18398   0.00690   0.06650   0.00919   0.01071   0.02528   0.11114   0.09128   0.06139   0.07001   0.04994   0.06887   0.05254   0.00000   0.01785   0.03171   0.02389   0.04616   0.00723   0.03412   0.02016   0.01729   0.05237   0.06910   0.02469   0.09431   0.06211   2.41909   0.90499   0.08589   1.10617  
 91  0.5135   6342.017795  x:  0.00000   0.02593   0.06279   0.07037   0.00374   0.08799   0.10344   0.00000   0.33113   0.00997   0.02740   0.14185   0.04820   0.00000   0.00000   0.06540   0.13701   0.05496   0.01917   0.12497   0.00000   0.06771   0.02067   0.06961   0.04722   0.10297   0.18392   0.00693   0.06649   0.00919   0.01072   0.02529   0.11093   0.09118   0.06085   0.07008   0.04999   0.06903   0.05246   0.00000   0.01787   0.03174   0.02391   0.04622   0.00724   0.03413   0.02016   0.01729   0.05260   0.06902   0.02474   0.09411   0.06204   2.41903   0.90485   0.08576   1.10578  
 92  0.2078   6341.967941  x:  0.00000   0.02620   0.06195   0.07025   0.00385   0.08869   0.10380   0.00000   0.33216   0.00969   0.02738   0.14442   0.04740   0.00000   0.00000   0.06460   0.13539   0.05475   0.01954   0.12497   0.00000   0.06765   0.02001   0.07064   0.04754   0.10132   0.18316   0.00698   0.06646   0.00928   0.01070   0.02546   0.11003   0.09135   0.06227   0.07130   0.05055   0.06904   0.05275   0.00000   0.01821   0.03224   0.02429   0.04685   0.00723   0.03423   0.02019   0.01734   0.05237   0.06888   0.02505   0.09266   0.06165   2.41803   0.90383   0.08434   1.10041  
 93  2.1470   6341.900636  x:  0.00000   0.02643   0.06261   0.07042   0.00404   0.08745   0.10433   0.00000   0.33362   0.00926   0.02737   0.14420   0.04622   0.00000   0.00000   0.06366   0.13609   0.05546   0.01974   0.12402   0.00000   0.06807   0.01910   0.06993   0.04780   0.10436   0.18268   0.00709   0.06541   0.00946   0.01058   0.02556   0.11048   0.09199   0.06277   0.06905   0.05049   0.06811   0.05266   0.00000   0.01863   0.03274   0.02476   0.04755   0.00723   0.03424   0.02016   0.01736   0.05238   0.06761   0.02533   0.09370   0.06100   2.41668   0.90427   0.08310   1.09316  
 94 12.3945   6341.889413  x:  0.00000   0.02647   0.06256   0.06945   0.00422   0.08668   0.10454   0.00000   0.33386   0.00919   0.02738   0.14320   0.04622   0.00000   0.00000   0.06359   0.13651   0.05563   0.01977   0.12374   0.00000   0.06830   0.01893   0.07017   0.04786   0.10514   0.18267   0.00720   0.06562   0.00944   0.01059   0.02558   0.11041   0.09193   0.06286   0.07037   0.05070   0.06852   0.05270   0.00000   0.01874   0.03288   0.02485   0.04771   0.00724   0.03428   0.02017   0.01737   0.05230   0.06784   0.02544   0.09456   0.06082   2.41645   0.90442   0.08336   1.09191  
 95  9.2166   6341.888797  x:  0.00000   0.02648   0.06255   0.06946   0.00424   0.08649   0.10477   0.00000   0.33387   0.00918   0.02734   0.14289   0.04620   0.00000   0.00000   0.06369   0.13652   0.05557   0.01978   0.12382   0.00000   0.06823   0.01892   0.07026   0.04786   0.10484   0.18271   0.00721   0.06557   0.00944   0.01058   0.02558   0.11022   0.09192   0.06277   0.07035   0.05069   0.06842   0.05269   0.00000   0.01873   0.03288   0.02485   0.04771   0.00724   0.03427   0.02017   0.01737   0.05231   0.06773   0.02543   0.09483   0.06082   2.41643   0.90436   0.08322   1.09182  
 96  1.8406   6341.888746  x:  0.00000   0.02648   0.06254   0.06947   0.00424   0.08647   0.10480   0.00000   0.33387   0.00918   0.02734   0.14285   0.04621   0.00000   0.00000   0.06369   0.13651   0.05560   0.01978   0.12383   0.00000   0.06827   0.01892   0.07020   0.04786   0.10478   0.18271   0.00721   0.06558   0.00944   0.01058   0.02559   0.11019   0.09191   0.06284   0.07031   0.05071   0.06845   0.05270   0.00000   0.01873   0.03288   0.02485   0.04771   0.00724   0.03428   0.02017   0.01737   0.05231   0.06778   0.02543   0.09485   0.06083   2.41642   0.90434   0.08322   1.09178  
 97  0.5267   6341.887792  x:  0.00000   0.02639   0.06266   0.06938   0.00425   0.08644   0.10481   0.00000   0.33384   0.00919   0.02732   0.14284   0.04621   0.00000   0.00000   0.06364   0.13649   0.05561   0.01978   0.12383   0.00000   0.06824   0.01892   0.07049   0.04786   0.10473   0.18270   0.00722   0.06565   0.00943   0.01058   0.02558   0.11018   0.09189   0.06293   0.07006   0.05065   0.06889   0.05273   0.00000   0.01873   0.03289   0.02485   0.04771   0.00723   0.03427   0.02017   0.01737   0.05226   0.06763   0.02543   0.09485   0.06083   2.41572   0.90436   0.08313   1.08943  
 98  0.1330   6341.862660  x:  0.00000   0.02629   0.06245   0.06894   0.00418   0.08655   0.10533   0.00000   0.33305   0.00930   0.02680   0.14312   0.04584   0.00000   0.00000   0.06362   0.13630   0.05589   0.01968   0.12409   0.00000   0.06875   0.01880   0.06984   0.04796   0.10430   0.18233   0.00727   0.06543   0.00936   0.01055   0.02548   0.11020   0.09219   0.06311   0.07025   0.05032   0.06849   0.05312   0.00000   0.01857   0.03274   0.02484   0.04753   0.00715   0.03424   0.02022   0.01740   0.05108   0.06781   0.02540   0.09451   0.06063   2.39766   0.90483   0.07968   1.02854  
 99 10.4157   6341.862637  x:  0.00000   0.02629   0.06245   0.06894   0.00418   0.08655   0.10532   0.00000   0.33304   0.00930   0.02680   0.14312   0.04584   0.00000   0.00000   0.06362   0.13630   0.05596   0.01967   0.12409   0.00000   0.06869   0.01881   0.06985   0.04796   0.10430   0.18233   0.00727   0.06540   0.00936   0.01055   0.02548   0.11020   0.09219   0.06311   0.07026   0.05033   0.06849   0.05311   0.00000   0.01857   0.03274   0.02484   0.04753   0.00715   0.03424   0.02022   0.01740   0.05108   0.06783   0.02540   0.09451   0.06063   2.39764   0.90483   0.07968   1.02850  
100  0.3569   6341.848747  x:  0.00000   0.02630   0.06229   0.06873   0.00420   0.08594   0.10542   0.00000   0.33178   0.00944   0.02709   0.14305   0.04575   0.00000   0.00000   0.06356   0.13656   0.05641   0.01942   0.12437   0.00000   0.06789   0.01905   0.07012   0.04812   0.10452   0.18194   0.00732   0.06470   0.00929   0.01050   0.02557   0.11042   0.09249   0.06319   0.07030   0.05082   0.06819   0.05302   0.00000   0.01856   0.03268   0.02477   0.04754   0.00715   0.03409   0.02017   0.01735   0.05208   0.06735   0.02529   0.09435   0.06048   2.38585   0.90460   0.07959   1.02636  
101  0.0258   6341.842368  x:  0.00000   0.02632   0.06228   0.06892   0.00425   0.08566   0.10536   0.00000   0.33119   0.00950   0.02738   0.14279   0.04585   0.00000   0.00000   0.06351   0.13673   0.05570   0.01934   0.12440   0.00000   0.06852   0.01919   0.06999   0.04807   0.10455   0.18182   0.00729   0.06493   0.00921   0.01050   0.02568   0.11054   0.09252   0.06332   0.07026   0.05109   0.06822   0.05302   0.00000   0.01863   0.03270   0.02471   0.04763   0.00717   0.03398   0.02008   0.01732   0.05257   0.06701   0.02520   0.09434   0.06047   2.39231   0.90445   0.07853   1.01475  
102  0.0172   6341.838927  x:  0.00000   0.02632   0.06230   0.06898   0.00425   0.08571   0.10517   0.00000   0.33144   0.00950   0.02739   0.14263   0.04597   0.00000   0.00000   0.06346   0.13671   0.05601   0.01927   0.12430   0.00000   0.06827   0.01926   0.06995   0.04803   0.10452   0.18188   0.00727   0.06485   0.00925   0.01051   0.02568   0.11053   0.09237   0.06335   0.07026   0.05114   0.06838   0.05306   0.00000   0.01864   0.03270   0.02467   0.04762   0.00720   0.03401   0.02006   0.01731   0.05252   0.06727   0.02519   0.09435   0.06053   2.39218   0.90461   0.07572   0.97655  
103  0.0435   6341.836883  x:  0.00000   0.02635   0.06227   0.06898   0.00423   0.08574   0.10525   0.00000   0.33185   0.00943   0.02735   0.14273   0.04593   0.00000   0.00000   0.06350   0.13672   0.05577   0.01938   0.12424   0.00000   0.06823   0.01915   0.07004   0.04804   0.10452   0.18195   0.00728   0.06488   0.00926   0.01050   0.02567   0.11039   0.09239   0.06319   0.07022   0.05106   0.06818   0.05289   0.00000   0.01863   0.03272   0.02470   0.04761   0.00718   0.03401   0.02008   0.01733   0.05261   0.06707   0.02524   0.09442   0.06053   2.39248   0.90454   0.07474   0.95856  
104  0.0200   6341.836595  x:  0.00000   0.02634   0.06224   0.06893   0.00423   0.08577   0.10519   0.00000   0.33183   0.00942   0.02736   0.14276   0.04589   0.00000   0.00000   0.06350   0.13668   0.05563   0.01943   0.12422   0.00000   0.06825   0.01912   0.07009   0.04806   0.10460   0.18196   0.00729   0.06492   0.00927   0.01051   0.02563   0.11041   0.09236   0.06311   0.07024   0.05102   0.06814   0.05287   0.00000   0.01861   0.03271   0.02470   0.04758   0.00718   0.03403   0.02011   0.01732   0.05263   0.06703   0.02525   0.09440   0.06053   2.39105   0.90452   0.07457   0.95781  
105  0.0020   6341.836499  x:  0.00000   0.02634   0.06225   0.06892   0.00424   0.08575   0.10522   0.00000   0.33162   0.00944   0.02735   0.14275   0.04587   0.00000   0.00000   0.06350   0.13666   0.05562   0.01943   0.12424   0.00000   0.06834   0.01913   0.07006   0.04805   0.10457   0.18192   0.00729   0.06494   0.00926   0.01051   0.02563   0.11043   0.09237   0.06314   0.07023   0.05101   0.06815   0.05290   0.00000   0.01861   0.03271   0.02471   0.04758   0.00718   0.03402   0.02010   0.01732   0.05259   0.06703   0.02524   0.09439   0.06051   2.38980   0.90456   0.07441   0.95514  
106  0.0018   6341.836491  x:  0.00000   0.02634   0.06225   0.06893   0.00424   0.08575   0.10522   0.00000   0.33172   0.00943   0.02735   0.14274   0.04588   0.00000   0.00000   0.06349   0.13667   0.05561   0.01942   0.12424   0.00000   0.06834   0.01913   0.07005   0.04805   0.10456   0.18193   0.00729   0.06495   0.00926   0.01051   0.02564   0.11042   0.09237   0.06314   0.07023   0.05101   0.06816   0.05290   0.00000   0.01861   0.03271   0.02471   0.04759   0.00718   0.03402   0.02010   0.01732   0.05258   0.06704   0.02524   0.09439   0.06052   2.38948   0.90454   0.07445   0.95575  
107  0.0006   6341.836491  x:  0.00000   0.02634   0.06225   0.06893   0.00424   0.08575   0.10522   0.00000   0.33172   0.00943   0.02735   0.14274   0.04588   0.00000   0.00000   0.06349   0.13667   0.05561   0.01943   0.12424   0.00000   0.06834   0.01913   0.07005   0.04805   0.10456   0.18193   0.00729   0.06495   0.00926   0.01051   0.02564   0.11042   0.09237   0.06314   0.07023   0.05101   0.06816   0.05290   0.00000   0.01861   0.03271   0.02471   0.04759   0.00718   0.03402   0.02010   0.01732   0.05259   0.06704   0.02524   0.09440   0.06052   2.38947   0.90455   0.07446   0.95590  
108  0.0002   6341.836491  x:  0.00000   0.02634   0.06225   0.06893   0.00424   0.08575   0.10522   0.00000   0.33172   0.00943   0.02735   0.14274   0.04588   0.00000   0.00000   0.06349   0.13667   0.05561   0.01943   0.12424   0.00000   0.06834   0.01913   0.07005   0.04805   0.10456   0.18193   0.00729   0.06495   0.00926   0.01051   0.02564   0.11041   0.09237   0.06314   0.07023   0.05101   0.06816   0.05289   0.00000   0.01862   0.03271   0.02471   0.04759   0.00718   0.03402   0.02010   0.01732   0.05259   0.06704   0.02524   0.09440   0.06052   2.38947   0.90455   0.07446   0.95582  