Supplemental results for CODEML (seqf: igf2.fasta  treef: igf2_tree.txt)


Model 0: one-ratio

Model 1: NearlyNeutral

MLEs of dN/dS (w) for site classes (K=2)

p:   0.97095  0.02905
w:   0.06253  1.00000

Naive Empirical Bayes (NEB) probabilities for 2 classes & postmean_w
(amino acids refer to 1st sequence: Gallus_gallus)

   1 M   0.99998 0.00002 ( 1)  0.063
   2 C   0.99866 0.00134 ( 1)  0.064
   3 A   0.99312 0.00688 ( 1)  0.069
   4 A   0.99998 0.00002 ( 1)  0.063
   5 R   0.99998 0.00002 ( 1)  0.063
   6 Q   0.98934 0.01066 ( 1)  0.073
   7 I   0.89717 0.10283 ( 1)  0.159
   8 L   0.99995 0.00005 ( 1)  0.063
   9 L   0.99996 0.00004 ( 1)  0.063
  10 L   0.99994 0.00006 ( 1)  0.063
  11 L   0.99996 0.00004 ( 1)  0.063
  12 L   0.99996 0.00004 ( 1)  0.063
  13 A   0.99987 0.00013 ( 1)  0.063
  14 F   0.99993 0.00007 ( 1)  0.063
  15 L   0.99996 0.00004 ( 1)  0.063
  16 A   0.99957 0.00043 ( 1)  0.063
  17 Y   0.97091 0.02909 ( 1)  0.090
  18 A   0.99998 0.00002 ( 1)  0.063
  19 L   0.99875 0.00125 ( 1)  0.064
  20 D   0.99994 0.00006 ( 1)  0.063
  21 S   0.98192 0.01808 ( 1)  0.079
  22 A   0.99988 0.00012 ( 1)  0.063
  23 A   0.99997 0.00003 ( 1)  0.063
  24 A   0.99997 0.00003 ( 1)  0.063
  25 Y   0.99988 0.00012 ( 1)  0.063
  26 G   0.99998 0.00002 ( 1)  0.063
  27 T   0.99998 0.00002 ( 1)  0.063
  28 A   0.99997 0.00003 ( 1)  0.063
  29 E   1.00000 0.00000 ( 1)  0.063
  30 T   0.99998 0.00002 ( 1)  0.063
  31 L   0.99998 0.00002 ( 1)  0.063
  32 C   0.99999 0.00001 ( 1)  0.063
  33 G   0.99996 0.00004 ( 1)  0.063
  34 G   0.99998 0.00002 ( 1)  0.063
  35 E   1.00000 0.00000 ( 1)  0.063
  36 L   0.99996 0.00004 ( 1)  0.063
  37 V   0.99999 0.00001 ( 1)  0.063
  38 D   1.00000 0.00000 ( 1)  0.063
  39 T   0.99999 0.00001 ( 1)  0.063
  40 L   0.99996 0.00004 ( 1)  0.063
  41 Q   0.99998 0.00002 ( 1)  0.063
  42 F   0.99991 0.00009 ( 1)  0.063
  43 V   0.99998 0.00002 ( 1)  0.063
  44 C   0.99999 0.00001 ( 1)  0.063
  45 G   0.99999 0.00001 ( 1)  0.063
  46 D   1.00000 0.00000 ( 1)  0.063
  47 R   0.99997 0.00003 ( 1)  0.063
  48 G   0.99998 0.00002 ( 1)  0.063
  49 F   0.99993 0.00007 ( 1)  0.063
  50 Y   0.99992 0.00008 ( 1)  0.063
  51 F   0.99993 0.00007 ( 1)  0.063
  52 S   0.99982 0.00018 ( 1)  0.063
  53 R   0.99990 0.00010 ( 1)  0.063
  54 P   0.99992 0.00008 ( 1)  0.063
  55 V   0.99999 0.00001 ( 1)  0.063
  56 G   0.99982 0.00018 ( 1)  0.063
  57 R   0.99833 0.00167 ( 1)  0.064
  58 N   0.99944 0.00056 ( 1)  0.063
  59 N   0.99998 0.00002 ( 1)  0.063
  60 R   0.99998 0.00002 ( 1)  0.063
  61 R   0.99998 0.00002 ( 1)  0.063
  62 I   0.99931 0.00069 ( 1)  0.063
  63 N   0.99998 0.00002 ( 1)  0.063
  64 R   0.99997 0.00003 ( 1)  0.063
  65 G   0.99998 0.00002 ( 1)  0.063
  66 I   0.99993 0.00007 ( 1)  0.063
  67 V   0.99999 0.00001 ( 1)  0.063
  68 E   1.00000 0.00000 ( 1)  0.063
  69 E   1.00000 0.00000 ( 1)  0.063
  70 C   0.99999 0.00001 ( 1)  0.063
  71 C   0.99999 0.00001 ( 1)  0.063
  72 F   0.99934 0.00066 ( 1)  0.063
  73 R   0.99997 0.00003 ( 1)  0.063
  74 S   1.00000 0.00000 ( 1)  0.063
  75 C   0.99999 0.00001 ( 1)  0.063
  76 D   1.00000 0.00000 ( 1)  0.063
  77 L   0.99997 0.00003 ( 1)  0.063
  78 A   0.99941 0.00059 ( 1)  0.063
  79 L   0.99997 0.00003 ( 1)  0.063
  80 L   0.99997 0.00003 ( 1)  0.063
  81 E   0.99990 0.00010 ( 1)  0.063
  82 T   0.99998 0.00002 ( 1)  0.063
  83 Y   0.99994 0.00006 ( 1)  0.063
  84 C   0.99999 0.00001 ( 1)  0.063
  85 A   0.99998 0.00002 ( 1)  0.063
  86 K   0.99997 0.00003 ( 1)  0.063
  87 S   0.99997 0.00003 ( 1)  0.063
  88 V   0.99999 0.00001 ( 1)  0.063
  89 K   0.99998 0.00002 ( 1)  0.063
  90 S   0.99996 0.00004 ( 1)  0.063
  91 E   0.99999 0.00001 ( 1)  0.063
  92 R   0.99962 0.00038 ( 1)  0.063
  93 D   1.00000 0.00000 ( 1)  0.063
  94 L   0.99973 0.00027 ( 1)  0.063
  95 S   0.99996 0.00004 ( 1)  0.063
  96 A   0.99963 0.00037 ( 1)  0.063
  97 T   0.99999 0.00001 ( 1)  0.063
  98 S   0.99998 0.00002 ( 1)  0.063
  99 L   0.99997 0.00003 ( 1)  0.063
 100 A   0.00022 0.99978 ( 2)  1.000
 101 G   0.99975 0.00025 ( 1)  0.063
 102 L   0.99956 0.00044 ( 1)  0.063
 103 P   0.99994 0.00006 ( 1)  0.063
 104 A   0.99984 0.00016 ( 1)  0.063
 105 L   0.99970 0.00030 ( 1)  0.063
 106 N   0.96195 0.03805 ( 1)  0.098
 107 K   0.99998 0.00002 ( 1)  0.063
 108 E   0.99793 0.00207 ( 1)  0.064
 109 S   0.99987 0.00013 ( 1)  0.063
 110 F   0.99821 0.00179 ( 1)  0.064
 111 Q   0.99996 0.00004 ( 1)  0.063
 112 K   0.99995 0.00005 ( 1)  0.063
 113 P   0.99991 0.00009 ( 1)  0.063
 114 S   0.99988 0.00012 ( 1)  0.063
 115 H   0.99998 0.00002 ( 1)  0.063
 116 A   0.98958 0.01042 ( 1)  0.072
 117 K   0.99995 0.00005 ( 1)  0.063
 118 Y   0.99988 0.00012 ( 1)  0.063
 119 S   0.99996 0.00004 ( 1)  0.063
 120 K   0.99994 0.00006 ( 1)  0.063
 121 Y   0.99987 0.00013 ( 1)  0.063
 122 N   0.99648 0.00352 ( 1)  0.066
 123 V   0.99998 0.00002 ( 1)  0.063
 124 W   0.99998 0.00002 ( 1)  0.063
 125 Q   0.99998 0.00002 ( 1)  0.063
 126 K   0.99995 0.00005 ( 1)  0.063
 127 K   0.99995 0.00005 ( 1)  0.063
 128 S   0.99999 0.00001 ( 1)  0.063
 129 S   0.99933 0.00067 ( 1)  0.063
 130 Q   0.99998 0.00002 ( 1)  0.063
 131 R   0.99994 0.00006 ( 1)  0.063
 132 L   0.98388 0.01612 ( 1)  0.078
 133 Q   0.99997 0.00003 ( 1)  0.063
 134 R   0.99994 0.00006 ( 1)  0.063
 135 E   0.99605 0.00395 ( 1)  0.066
 136 V   0.85558 0.14442 ( 1)  0.198
 137 P   0.99807 0.00193 ( 1)  0.064
 138 G   0.98615 0.01385 ( 1)  0.076
 139 I   0.99809 0.00191 ( 1)  0.064
 140 L   0.99839 0.00161 ( 1)  0.064
 141 R   0.99880 0.00120 ( 1)  0.064
 142 A   0.99978 0.00022 ( 1)  0.063
 143 R   0.99995 0.00005 ( 1)  0.063
 144 R   0.01045 0.98955 ( 2)  0.990
 145 Y   0.99985 0.00015 ( 1)  0.063
 146 R   0.99993 0.00007 ( 1)  0.063
 147 W   0.99997 0.00003 ( 1)  0.063
 148 Q   0.99992 0.00008 ( 1)  0.063
 149 A   0.98817 0.01183 ( 1)  0.074
 150 E   0.99988 0.00012 ( 1)  0.063
 151 G   0.99998 0.00002 ( 1)  0.063
 152 L   0.97943 0.02057 ( 1)  0.082
 153 Q   0.87175 0.12825 ( 1)  0.183
 154 A   0.99927 0.00073 ( 1)  0.063
 155 A   0.93847 0.06153 ( 1)  0.120
 156 E   0.99973 0.00027 ( 1)  0.063
 157 E   0.99968 0.00032 ( 1)  0.063
 158 A   0.99993 0.00007 ( 1)  0.063
 159 R   0.97977 0.02023 ( 1)  0.081
 160 A   0.75874 0.24126 ( 1)  0.289
 161 M   0.99637 0.00363 ( 1)  0.066
 162 H   0.99986 0.00014 ( 1)  0.063
 163 R   0.99949 0.00051 ( 1)  0.063
 164 P   0.99991 0.00009 ( 1)  0.063
 165 L   0.99913 0.00087 ( 1)  0.063
 166 I   0.48881 0.51119 ( 2)  0.542
 167 S   0.75766 0.24234 ( 1)  0.290
 168 L   0.99800 0.00200 ( 1)  0.064
 169 P   0.99934 0.00066 ( 1)  0.063
 170 S   0.99969 0.00031 ( 1)  0.063
 171 Q   0.98427 0.01573 ( 1)  0.077
 172 R   0.99881 0.00119 ( 1)  0.064
 173 -   0.97095 0.02905 ( 1)  0.090
 174 P   0.99929 0.00071 ( 1)  0.063
 175 A   0.99737 0.00263 ( 1)  0.065
 176 P   0.50106 0.49894 ( 1)  0.530
 177 R   0.96250 0.03750 ( 1)  0.098
 178 A   0.99970 0.00030 ( 1)  0.063
 179 S   0.95614 0.04386 ( 1)  0.104
 180 P   0.99513 0.00487 ( 1)  0.067
 181 E   0.98890 0.01110 ( 1)  0.073
 182 A   0.08094 0.91906 ( 2)  0.924
 183 T   0.87933 0.12067 ( 1)  0.176
 184 G   0.99986 0.00014 ( 1)  0.063
 185 P   0.93721 0.06279 ( 1)  0.121
 186 Q   0.99988 0.00012 ( 1)  0.063
 187 E   0.97600 0.02400 ( 1)  0.085


lnL = -3149.760880


Model 2: PositiveSelection

MLEs of dN/dS (w) for site classes (K=3)

p:   0.97095  0.02905  0.00000
w:   0.06253  1.00000  6.79882
(note that p[2] is zero)


Naive Empirical Bayes (NEB) probabilities for 3 classes & postmean_w & P(w>1)
(amino acids refer to 1st sequence: Gallus_gallus)

   1 M   0.99998 0.00002 0.00000 ( 1)  0.063  0.000
   2 C   0.99866 0.00134 0.00000 ( 1)  0.064  0.000
   3 A   0.99312 0.00688 0.00000 ( 1)  0.069  0.000
   4 A   0.99998 0.00002 0.00000 ( 1)  0.063  0.000
   5 R   0.99998 0.00002 0.00000 ( 1)  0.063  0.000
   6 Q   0.98934 0.01066 0.00000 ( 1)  0.073  0.000
   7 I   0.89717 0.10283 0.00000 ( 1)  0.159  0.000
   8 L   0.99995 0.00005 0.00000 ( 1)  0.063  0.000
   9 L   0.99996 0.00004 0.00000 ( 1)  0.063  0.000
  10 L   0.99994 0.00006 0.00000 ( 1)  0.063  0.000
  11 L   0.99996 0.00004 0.00000 ( 1)  0.063  0.000
  12 L   0.99996 0.00004 0.00000 ( 1)  0.063  0.000
  13 A   0.99987 0.00013 0.00000 ( 1)  0.063  0.000
  14 F   0.99993 0.00007 0.00000 ( 1)  0.063  0.000
  15 L   0.99996 0.00004 0.00000 ( 1)  0.063  0.000
  16 A   0.99957 0.00043 0.00000 ( 1)  0.063  0.000
  17 Y   0.97091 0.02909 0.00000 ( 1)  0.090  0.000
  18 A   0.99998 0.00002 0.00000 ( 1)  0.063  0.000
  19 L   0.99875 0.00125 0.00000 ( 1)  0.064  0.000
  20 D   0.99994 0.00006 0.00000 ( 1)  0.063  0.000
  21 S   0.98192 0.01808 0.00000 ( 1)  0.079  0.000
  22 A   0.99988 0.00012 0.00000 ( 1)  0.063  0.000
  23 A   0.99997 0.00003 0.00000 ( 1)  0.063  0.000
  24 A   0.99997 0.00003 0.00000 ( 1)  0.063  0.000
  25 Y   0.99988 0.00012 0.00000 ( 1)  0.063  0.000
  26 G   0.99998 0.00002 0.00000 ( 1)  0.063  0.000
  27 T   0.99998 0.00002 0.00000 ( 1)  0.063  0.000
  28 A   0.99997 0.00003 0.00000 ( 1)  0.063  0.000
  29 E   1.00000 0.00000 0.00000 ( 1)  0.063  0.000
  30 T   0.99998 0.00002 0.00000 ( 1)  0.063  0.000
  31 L   0.99998 0.00002 0.00000 ( 1)  0.063  0.000
  32 C   0.99999 0.00001 0.00000 ( 1)  0.063  0.000
  33 G   0.99996 0.00004 0.00000 ( 1)  0.063  0.000
  34 G   0.99998 0.00002 0.00000 ( 1)  0.063  0.000
  35 E   1.00000 0.00000 0.00000 ( 1)  0.063  0.000
  36 L   0.99996 0.00004 0.00000 ( 1)  0.063  0.000
  37 V   0.99999 0.00001 0.00000 ( 1)  0.063  0.000
  38 D   1.00000 0.00000 0.00000 ( 1)  0.063  0.000
  39 T   0.99999 0.00001 0.00000 ( 1)  0.063  0.000
  40 L   0.99996 0.00004 0.00000 ( 1)  0.063  0.000
  41 Q   0.99998 0.00002 0.00000 ( 1)  0.063  0.000
  42 F   0.99991 0.00009 0.00000 ( 1)  0.063  0.000
  43 V   0.99998 0.00002 0.00000 ( 1)  0.063  0.000
  44 C   0.99999 0.00001 0.00000 ( 1)  0.063  0.000
  45 G   0.99999 0.00001 0.00000 ( 1)  0.063  0.000
  46 D   1.00000 0.00000 0.00000 ( 1)  0.063  0.000
  47 R   0.99997 0.00003 0.00000 ( 1)  0.063  0.000
  48 G   0.99998 0.00002 0.00000 ( 1)  0.063  0.000
  49 F   0.99993 0.00007 0.00000 ( 1)  0.063  0.000
  50 Y   0.99992 0.00008 0.00000 ( 1)  0.063  0.000
  51 F   0.99993 0.00007 0.00000 ( 1)  0.063  0.000
  52 S   0.99982 0.00018 0.00000 ( 1)  0.063  0.000
  53 R   0.99990 0.00010 0.00000 ( 1)  0.063  0.000
  54 P   0.99992 0.00008 0.00000 ( 1)  0.063  0.000
  55 V   0.99999 0.00001 0.00000 ( 1)  0.063  0.000
  56 G   0.99982 0.00018 0.00000 ( 1)  0.063  0.000
  57 R   0.99833 0.00167 0.00000 ( 1)  0.064  0.000
  58 N   0.99944 0.00056 0.00000 ( 1)  0.063  0.000
  59 N   0.99998 0.00002 0.00000 ( 1)  0.063  0.000
  60 R   0.99998 0.00002 0.00000 ( 1)  0.063  0.000
  61 R   0.99998 0.00002 0.00000 ( 1)  0.063  0.000
  62 I   0.99931 0.00069 0.00000 ( 1)  0.063  0.000
  63 N   0.99998 0.00002 0.00000 ( 1)  0.063  0.000
  64 R   0.99997 0.00003 0.00000 ( 1)  0.063  0.000
  65 G   0.99998 0.00002 0.00000 ( 1)  0.063  0.000
  66 I   0.99993 0.00007 0.00000 ( 1)  0.063  0.000
  67 V   0.99999 0.00001 0.00000 ( 1)  0.063  0.000
  68 E   1.00000 0.00000 0.00000 ( 1)  0.063  0.000
  69 E   1.00000 0.00000 0.00000 ( 1)  0.063  0.000
  70 C   0.99999 0.00001 0.00000 ( 1)  0.063  0.000
  71 C   0.99999 0.00001 0.00000 ( 1)  0.063  0.000
  72 F   0.99934 0.00066 0.00000 ( 1)  0.063  0.000
  73 R   0.99997 0.00003 0.00000 ( 1)  0.063  0.000
  74 S   1.00000 0.00000 0.00000 ( 1)  0.063  0.000
  75 C   0.99999 0.00001 0.00000 ( 1)  0.063  0.000
  76 D   1.00000 0.00000 0.00000 ( 1)  0.063  0.000
  77 L   0.99997 0.00003 0.00000 ( 1)  0.063  0.000
  78 A   0.99941 0.00059 0.00000 ( 1)  0.063  0.000
  79 L   0.99997 0.00003 0.00000 ( 1)  0.063  0.000
  80 L   0.99997 0.00003 0.00000 ( 1)  0.063  0.000
  81 E   0.99990 0.00010 0.00000 ( 1)  0.063  0.000
  82 T   0.99998 0.00002 0.00000 ( 1)  0.063  0.000
  83 Y   0.99994 0.00006 0.00000 ( 1)  0.063  0.000
  84 C   0.99999 0.00001 0.00000 ( 1)  0.063  0.000
  85 A   0.99998 0.00002 0.00000 ( 1)  0.063  0.000
  86 K   0.99997 0.00003 0.00000 ( 1)  0.063  0.000
  87 S   0.99997 0.00003 0.00000 ( 1)  0.063  0.000
  88 V   0.99999 0.00001 0.00000 ( 1)  0.063  0.000
  89 K   0.99998 0.00002 0.00000 ( 1)  0.063  0.000
  90 S   0.99996 0.00004 0.00000 ( 1)  0.063  0.000
  91 E   0.99999 0.00001 0.00000 ( 1)  0.063  0.000
  92 R   0.99962 0.00038 0.00000 ( 1)  0.063  0.000
  93 D   1.00000 0.00000 0.00000 ( 1)  0.063  0.000
  94 L   0.99973 0.00027 0.00000 ( 1)  0.063  0.000
  95 S   0.99996 0.00004 0.00000 ( 1)  0.063  0.000
  96 A   0.99963 0.00037 0.00000 ( 1)  0.063  0.000
  97 T   0.99999 0.00001 0.00000 ( 1)  0.063  0.000
  98 S   0.99998 0.00002 0.00000 ( 1)  0.063  0.000
  99 L   0.99997 0.00003 0.00000 ( 1)  0.063  0.000
 100 A   0.00022 0.99978 0.00000 ( 2)  1.000  0.000
 101 G   0.99975 0.00025 0.00000 ( 1)  0.063  0.000
 102 L   0.99956 0.00044 0.00000 ( 1)  0.063  0.000
 103 P   0.99994 0.00006 0.00000 ( 1)  0.063  0.000
 104 A   0.99984 0.00016 0.00000 ( 1)  0.063  0.000
 105 L   0.99970 0.00030 0.00000 ( 1)  0.063  0.000
 106 N   0.96195 0.03805 0.00000 ( 1)  0.098  0.000
 107 K   0.99998 0.00002 0.00000 ( 1)  0.063  0.000
 108 E   0.99793 0.00207 0.00000 ( 1)  0.064  0.000
 109 S   0.99987 0.00013 0.00000 ( 1)  0.063  0.000
 110 F   0.99821 0.00179 0.00000 ( 1)  0.064  0.000
 111 Q   0.99996 0.00004 0.00000 ( 1)  0.063  0.000
 112 K   0.99995 0.00005 0.00000 ( 1)  0.063  0.000
 113 P   0.99991 0.00009 0.00000 ( 1)  0.063  0.000
 114 S   0.99988 0.00012 0.00000 ( 1)  0.063  0.000
 115 H   0.99998 0.00002 0.00000 ( 1)  0.063  0.000
 116 A   0.98958 0.01042 0.00000 ( 1)  0.072  0.000
 117 K   0.99995 0.00005 0.00000 ( 1)  0.063  0.000
 118 Y   0.99988 0.00012 0.00000 ( 1)  0.063  0.000
 119 S   0.99996 0.00004 0.00000 ( 1)  0.063  0.000
 120 K   0.99994 0.00006 0.00000 ( 1)  0.063  0.000
 121 Y   0.99987 0.00013 0.00000 ( 1)  0.063  0.000
 122 N   0.99648 0.00352 0.00000 ( 1)  0.066  0.000
 123 V   0.99998 0.00002 0.00000 ( 1)  0.063  0.000
 124 W   0.99998 0.00002 0.00000 ( 1)  0.063  0.000
 125 Q   0.99998 0.00002 0.00000 ( 1)  0.063  0.000
 126 K   0.99995 0.00005 0.00000 ( 1)  0.063  0.000
 127 K   0.99995 0.00005 0.00000 ( 1)  0.063  0.000
 128 S   0.99999 0.00001 0.00000 ( 1)  0.063  0.000
 129 S   0.99933 0.00067 0.00000 ( 1)  0.063  0.000
 130 Q   0.99998 0.00002 0.00000 ( 1)  0.063  0.000
 131 R   0.99994 0.00006 0.00000 ( 1)  0.063  0.000
 132 L   0.98388 0.01612 0.00000 ( 1)  0.078  0.000
 133 Q   0.99997 0.00003 0.00000 ( 1)  0.063  0.000
 134 R   0.99994 0.00006 0.00000 ( 1)  0.063  0.000
 135 E   0.99605 0.00395 0.00000 ( 1)  0.066  0.000
 136 V   0.85558 0.14442 0.00000 ( 1)  0.198  0.000
 137 P   0.99807 0.00193 0.00000 ( 1)  0.064  0.000
 138 G   0.98615 0.01385 0.00000 ( 1)  0.076  0.000
 139 I   0.99809 0.00191 0.00000 ( 1)  0.064  0.000
 140 L   0.99839 0.00161 0.00000 ( 1)  0.064  0.000
 141 R   0.99880 0.00120 0.00000 ( 1)  0.064  0.000
 142 A   0.99978 0.00022 0.00000 ( 1)  0.063  0.000
 143 R   0.99995 0.00005 0.00000 ( 1)  0.063  0.000
 144 R   0.01045 0.98955 0.00000 ( 2)  0.990  0.000
 145 Y   0.99985 0.00015 0.00000 ( 1)  0.063  0.000
 146 R   0.99993 0.00007 0.00000 ( 1)  0.063  0.000
 147 W   0.99997 0.00003 0.00000 ( 1)  0.063  0.000
 148 Q   0.99992 0.00008 0.00000 ( 1)  0.063  0.000
 149 A   0.98817 0.01183 0.00000 ( 1)  0.074  0.000
 150 E   0.99988 0.00012 0.00000 ( 1)  0.063  0.000
 151 G   0.99998 0.00002 0.00000 ( 1)  0.063  0.000
 152 L   0.97943 0.02057 0.00000 ( 1)  0.082  0.000
 153 Q   0.87175 0.12825 0.00000 ( 1)  0.183  0.000
 154 A   0.99927 0.00073 0.00000 ( 1)  0.063  0.000
 155 A   0.93847 0.06153 0.00000 ( 1)  0.120  0.000
 156 E   0.99973 0.00027 0.00000 ( 1)  0.063  0.000
 157 E   0.99968 0.00032 0.00000 ( 1)  0.063  0.000
 158 A   0.99993 0.00007 0.00000 ( 1)  0.063  0.000
 159 R   0.97977 0.02023 0.00000 ( 1)  0.081  0.000
 160 A   0.75874 0.24126 0.00000 ( 1)  0.289  0.000
 161 M   0.99637 0.00363 0.00000 ( 1)  0.066  0.000
 162 H   0.99986 0.00014 0.00000 ( 1)  0.063  0.000
 163 R   0.99949 0.00051 0.00000 ( 1)  0.063  0.000
 164 P   0.99991 0.00009 0.00000 ( 1)  0.063  0.000
 165 L   0.99913 0.00087 0.00000 ( 1)  0.063  0.000
 166 I   0.48881 0.51119 0.00000 ( 2)  0.542  0.000
 167 S   0.75766 0.24234 0.00000 ( 1)  0.290  0.000
 168 L   0.99800 0.00200 0.00000 ( 1)  0.064  0.000
 169 P   0.99934 0.00066 0.00000 ( 1)  0.063  0.000
 170 S   0.99969 0.00031 0.00000 ( 1)  0.063  0.000
 171 Q   0.98427 0.01573 0.00000 ( 1)  0.077  0.000
 172 R   0.99881 0.00119 0.00000 ( 1)  0.064  0.000
 173 -   0.97095 0.02905 0.00000 ( 1)  0.090  0.000
 174 P   0.99929 0.00071 0.00000 ( 1)  0.063  0.000
 175 A   0.99737 0.00263 0.00000 ( 1)  0.065  0.000
 176 P   0.50106 0.49894 0.00000 ( 1)  0.530  0.000
 177 R   0.96250 0.03750 0.00000 ( 1)  0.098  0.000
 178 A   0.99970 0.00030 0.00000 ( 1)  0.063  0.000
 179 S   0.95614 0.04386 0.00000 ( 1)  0.104  0.000
 180 P   0.99513 0.00487 0.00000 ( 1)  0.067  0.000
 181 E   0.98890 0.01110 0.00000 ( 1)  0.073  0.000
 182 A   0.08094 0.91906 0.00000 ( 2)  0.924  0.000
 183 T   0.87933 0.12067 0.00000 ( 1)  0.176  0.000
 184 G   0.99986 0.00014 0.00000 ( 1)  0.063  0.000
 185 P   0.93721 0.06279 0.00000 ( 1)  0.121  0.000
 186 Q   0.99988 0.00012 0.00000 ( 1)  0.063  0.000
 187 E   0.97600 0.02400 0.00000 ( 1)  0.085  0.000

Positively selected sites

	Prob(w>1)  mean w



lnL = -3149.760880

Bayes Empirical Bayes (BEB) probabilities for 3 classes (class) & postmean_w
(amino acids refer to 1st sequence: Gallus_gallus)

   1 M   0.99998 0.00002 0.00000 ( 1)  0.050 +-  0.004
   2 C   0.99809 0.00185 0.00006 ( 1)  0.052 +-  0.042
   3 A   0.98804 0.01157 0.00040 ( 1)  0.062 +-  0.106
   4 A   0.99998 0.00002 0.00000 ( 1)  0.050 +-  0.005
   5 R   0.99998 0.00002 0.00000 ( 1)  0.050 +-  0.004
   6 Q   0.98120 0.01793 0.00088 ( 1)  0.068 +-  0.133
   7 I   0.79790 0.19421 0.00790 ( 1)  0.246 +-  0.392
   8 L   0.99995 0.00005 0.00000 ( 1)  0.050 +-  0.007
   9 L   0.99995 0.00005 0.00000 ( 1)  0.050 +-  0.007
  10 L   0.99993 0.00006 0.00000 ( 1)  0.050 +-  0.008
  11 L   0.99996 0.00004 0.00000 ( 1)  0.050 +-  0.006
  12 L   0.99996 0.00004 0.00000 ( 1)  0.050 +-  0.006
  13 A   0.99985 0.00015 0.00000 ( 1)  0.050 +-  0.012
  14 F   0.99992 0.00008 0.00000 ( 1)  0.050 +-  0.009
  15 L   0.99995 0.00005 0.00000 ( 1)  0.050 +-  0.007
  16 A   0.99940 0.00058 0.00001 ( 1)  0.051 +-  0.024
  17 Y   0.94804 0.04923 0.00273 ( 1)  0.101 +-  0.218
  18 A   0.99997 0.00003 0.00000 ( 1)  0.050 +-  0.005
  19 L   0.99823 0.00172 0.00006 ( 1)  0.052 +-  0.041
  20 D   0.99994 0.00006 0.00000 ( 1)  0.050 +-  0.008
  21 S   0.96793 0.03065 0.00142 ( 1)  0.081 +-  0.172
  22 A   0.99986 0.00013 0.00000 ( 1)  0.050 +-  0.011
  23 A   0.99997 0.00003 0.00000 ( 1)  0.050 +-  0.005
  24 A   0.99997 0.00003 0.00000 ( 1)  0.050 +-  0.005
  25 Y   0.99986 0.00014 0.00000 ( 1)  0.050 +-  0.011
  26 G   0.99998 0.00002 0.00000 ( 1)  0.050 +-  0.005
  27 T   0.99998 0.00002 0.00000 ( 1)  0.050 +-  0.004
  28 A   0.99997 0.00003 0.00000 ( 1)  0.050 +-  0.005
  29 E   1.00000 0.00000 0.00000 ( 1)  0.050 +-  0.002
  30 T   0.99998 0.00002 0.00000 ( 1)  0.050 +-  0.005
  31 L   0.99997 0.00002 0.00000 ( 1)  0.050 +-  0.005
  32 C   0.99999 0.00001 0.00000 ( 1)  0.050 +-  0.003
  33 G   0.99996 0.00004 0.00000 ( 1)  0.050 +-  0.006
  34 G   0.99998 0.00002 0.00000 ( 1)  0.050 +-  0.004
  35 E   0.99999 0.00000 0.00000 ( 1)  0.050 +-  0.002
  36 L   0.99996 0.00004 0.00000 ( 1)  0.050 +-  0.006
  37 V   0.99999 0.00001 0.00000 ( 1)  0.050 +-  0.004
  38 D   1.00000 0.00000 0.00000 ( 1)  0.050 +-  0.002
  39 T   0.99998 0.00002 0.00000 ( 1)  0.050 +-  0.004
  40 L   0.99995 0.00005 0.00000 ( 1)  0.050 +-  0.007
  41 Q   0.99998 0.00002 0.00000 ( 1)  0.050 +-  0.004
  42 F   0.99990 0.00010 0.00000 ( 1)  0.050 +-  0.010
  43 V   0.99998 0.00002 0.00000 ( 1)  0.050 +-  0.004
  44 C   0.99999 0.00001 0.00000 ( 1)  0.050 +-  0.003
  45 G   0.99998 0.00002 0.00000 ( 1)  0.050 +-  0.004
  46 D   1.00000 0.00000 0.00000 ( 1)  0.050 +-  0.002
  47 R   0.99997 0.00003 0.00000 ( 1)  0.050 +-  0.005
  48 G   0.99998 0.00002 0.00000 ( 1)  0.050 +-  0.005
  49 F   0.99992 0.00008 0.00000 ( 1)  0.050 +-  0.009
  50 Y   0.99991 0.00009 0.00000 ( 1)  0.050 +-  0.009
  51 F   0.99992 0.00008 0.00000 ( 1)  0.050 +-  0.009
  52 S   0.99979 0.00020 0.00001 ( 1)  0.050 +-  0.014
  53 R   0.99989 0.00011 0.00000 ( 1)  0.050 +-  0.010
  54 P   0.99990 0.00009 0.00000 ( 1)  0.050 +-  0.009
  55 V   0.99999 0.00001 0.00000 ( 1)  0.050 +-  0.003
  56 G   0.99979 0.00020 0.00001 ( 1)  0.050 +-  0.014
  57 R   0.99789 0.00192 0.00019 ( 1)  0.052 +-  0.046
  58 N   0.99933 0.00064 0.00003 ( 1)  0.051 +-  0.025
  59 N   0.99998 0.00002 0.00000 ( 1)  0.050 +-  0.005
  60 R   0.99998 0.00002 0.00000 ( 1)  0.050 +-  0.004
  61 R   0.99998 0.00002 0.00000 ( 1)  0.050 +-  0.004
  62 I   0.99903 0.00095 0.00002 ( 1)  0.051 +-  0.030
  63 N   0.99997 0.00003 0.00000 ( 1)  0.050 +-  0.005
  64 R   0.99996 0.00004 0.00000 ( 1)  0.050 +-  0.006
  65 G   0.99998 0.00002 0.00000 ( 1)  0.050 +-  0.004
  66 I   0.99992 0.00008 0.00000 ( 1)  0.050 +-  0.008
  67 V   0.99999 0.00001 0.00000 ( 1)  0.050 +-  0.003
  68 E   1.00000 0.00000 0.00000 ( 1)  0.050 +-  0.002
  69 E   1.00000 0.00000 0.00000 ( 1)  0.050 +-  0.002
  70 C   0.99999 0.00001 0.00000 ( 1)  0.050 +-  0.002
  71 C   0.99999 0.00001 0.00000 ( 1)  0.050 +-  0.002
  72 F   0.99920 0.00075 0.00004 ( 1)  0.051 +-  0.028
  73 R   0.99997 0.00003 0.00000 ( 1)  0.050 +-  0.005
  74 S   1.00000 0.00000 0.00000 ( 1)  0.050 +-  0.002
  75 C   0.99999 0.00001 0.00000 ( 1)  0.050 +-  0.004
  76 D   1.00000 0.00000 0.00000 ( 1)  0.050 +-  0.002
  77 L   0.99997 0.00003 0.00000 ( 1)  0.050 +-  0.006
  78 A   0.99929 0.00067 0.00004 ( 1)  0.051 +-  0.026
  79 L   0.99997 0.00003 0.00000 ( 1)  0.050 +-  0.005
  80 L   0.99997 0.00003 0.00000 ( 1)  0.050 +-  0.006
  81 E   0.99988 0.00011 0.00000 ( 1)  0.050 +-  0.010
  82 T   0.99998 0.00002 0.00000 ( 1)  0.050 +-  0.004
  83 Y   0.99993 0.00006 0.00000 ( 1)  0.050 +-  0.008
  84 C   0.99999 0.00001 0.00000 ( 1)  0.050 +-  0.003
  85 A   0.99998 0.00002 0.00000 ( 1)  0.050 +-  0.005
  86 K   0.99996 0.00004 0.00000 ( 1)  0.050 +-  0.006
  87 S   0.99997 0.00003 0.00000 ( 1)  0.050 +-  0.005
  88 V   0.99999 0.00001 0.00000 ( 1)  0.050 +-  0.003
  89 K   0.99997 0.00002 0.00000 ( 1)  0.050 +-  0.005
  90 S   0.99996 0.00004 0.00000 ( 1)  0.050 +-  0.006
  91 E   0.99999 0.00001 0.00000 ( 1)  0.050 +-  0.003
  92 R   0.99955 0.00042 0.00002 ( 1)  0.050 +-  0.021
  93 D   1.00000 0.00000 0.00000 ( 1)  0.050 +-  0.002
  94 L   0.99964 0.00036 0.00001 ( 1)  0.050 +-  0.018
  95 S   0.99996 0.00004 0.00000 ( 1)  0.050 +-  0.006
  96 A   0.99949 0.00049 0.00001 ( 1)  0.050 +-  0.022
  97 T   0.99999 0.00001 0.00000 ( 1)  0.050 +-  0.003
  98 S   0.99998 0.00002 0.00000 ( 1)  0.050 +-  0.004
  99 L   0.99997 0.00003 0.00000 ( 1)  0.050 +-  0.005
 100 A   0.00004 0.86429 0.13567 ( 2)  1.070 +-  0.183
 101 G   0.99966 0.00034 0.00001 ( 1)  0.050 +-  0.018
 102 L   0.99939 0.00060 0.00001 ( 1)  0.051 +-  0.024
 103 P   0.99994 0.00006 0.00000 ( 1)  0.050 +-  0.008
 104 A   0.99982 0.00018 0.00001 ( 1)  0.050 +-  0.013
 105 L   0.99959 0.00040 0.00001 ( 1)  0.050 +-  0.019
 106 N   0.92184 0.07631 0.00185 ( 1)  0.125 +-  0.259
 107 K   0.99998 0.00002 0.00000 ( 1)  0.050 +-  0.005
 108 E   0.99650 0.00344 0.00005 ( 1)  0.053 +-  0.057
 109 S   0.99982 0.00017 0.00000 ( 1)  0.050 +-  0.013
 110 F   0.99744 0.00247 0.00009 ( 1)  0.052 +-  0.049
 111 Q   0.99996 0.00004 0.00000 ( 1)  0.050 +-  0.006
 112 K   0.99995 0.00005 0.00000 ( 1)  0.050 +-  0.007
 113 P   0.99989 0.00010 0.00000 ( 1)  0.050 +-  0.010
 114 S   0.99987 0.00013 0.00000 ( 1)  0.050 +-  0.011
 115 H   0.99997 0.00003 0.00000 ( 1)  0.050 +-  0.005
 116 A   0.98168 0.01759 0.00072 ( 1)  0.068 +-  0.131
 117 K   0.99994 0.00006 0.00000 ( 1)  0.050 +-  0.007
 118 Y   0.99986 0.00014 0.00000 ( 1)  0.050 +-  0.011
 119 S   0.99996 0.00004 0.00000 ( 1)  0.050 +-  0.006
 120 K   0.99994 0.00006 0.00000 ( 1)  0.050 +-  0.008
 121 Y   0.99985 0.00014 0.00000 ( 1)  0.050 +-  0.012
 122 N   0.99398 0.00589 0.00012 ( 1)  0.056 +-  0.074
 123 V   0.99998 0.00002 0.00000 ( 1)  0.050 +-  0.004
 124 W   0.99998 0.00002 0.00000 ( 1)  0.050 +-  0.005
 125 Q   0.99997 0.00003 0.00000 ( 1)  0.050 +-  0.005
 126 K   0.99994 0.00006 0.00000 ( 1)  0.050 +-  0.007
 127 K   0.99995 0.00005 0.00000 ( 1)  0.050 +-  0.007
 128 S   0.99999 0.00001 0.00000 ( 1)  0.050 +-  0.003
 129 S   0.99906 0.00091 0.00002 ( 1)  0.051 +-  0.030
 130 Q   0.99997 0.00003 0.00000 ( 1)  0.050 +-  0.005
 131 R   0.99994 0.00006 0.00000 ( 1)  0.050 +-  0.008
 132 L   0.97149 0.02734 0.00116 ( 1)  0.078 +-  0.162
 133 Q   0.99997 0.00003 0.00000 ( 1)  0.050 +-  0.005
 134 R   0.99993 0.00007 0.00000 ( 1)  0.050 +-  0.008
 135 E   0.99322 0.00663 0.00014 ( 1)  0.057 +-  0.079
 136 V   0.72552 0.26132 0.01316 ( 1)  0.317 +-  0.438
 137 P   0.99722 0.00266 0.00011 ( 1)  0.053 +-  0.051
 138 G   0.97549 0.02339 0.00112 ( 1)  0.074 +-  0.151
 139 I   0.99725 0.00265 0.00009 ( 1)  0.053 +-  0.051
 140 L   0.99770 0.00222 0.00008 ( 1)  0.052 +-  0.047
 141 R   0.99829 0.00165 0.00006 ( 1)  0.052 +-  0.040
 142 A   0.99974 0.00025 0.00001 ( 1)  0.050 +-  0.016
 143 R   0.99994 0.00006 0.00000 ( 1)  0.050 +-  0.008
 144 R   0.00272 0.86550 0.13178 ( 2)  1.066 +-  0.191
 145 Y   0.99983 0.00016 0.00000 ( 1)  0.050 +-  0.012
 146 R   0.99992 0.00008 0.00000 ( 1)  0.050 +-  0.009
 147 W   0.99997 0.00003 0.00000 ( 1)  0.050 +-  0.006
 148 Q   0.99991 0.00009 0.00000 ( 1)  0.050 +-  0.009
 149 A   0.97913 0.01997 0.00090 ( 1)  0.070 +-  0.140
 150 E   0.99984 0.00016 0.00000 ( 1)  0.050 +-  0.012
 151 G   0.99998 0.00002 0.00000 ( 1)  0.050 +-  0.004
 152 L   0.96347 0.03489 0.00164 ( 1)  0.086 +-  0.184
 153 Q   0.77537 0.20266 0.02197 ( 1)  0.275 +-  0.424
 154 A   0.99897 0.00100 0.00003 ( 1)  0.051 +-  0.031
 155 A   0.88916 0.10199 0.00884 ( 1)  0.160 +-  0.314
 156 E   0.99963 0.00037 0.00001 ( 1)  0.050 +-  0.019
 157 E   0.99962 0.00036 0.00001 ( 1)  0.050 +-  0.019
 158 A   0.99992 0.00008 0.00000 ( 1)  0.050 +-  0.009
 159 R   0.96411 0.03433 0.00156 ( 1)  0.085 +-  0.182
 160 A   0.57643 0.39385 0.02972 ( 1)  0.467 +-  0.494
 161 M   0.99464 0.00506 0.00030 ( 1)  0.055 +-  0.072
 162 H   0.99985 0.00015 0.00000 ( 1)  0.050 +-  0.012
 163 R   0.99939 0.00057 0.00003 ( 1)  0.051 +-  0.024
 164 P   0.99990 0.00010 0.00000 ( 1)  0.050 +-  0.010
 165 L   0.99877 0.00120 0.00003 ( 1)  0.051 +-  0.034
 166 I   0.28431 0.65832 0.05737 ( 2)  0.759 +-  0.462
 167 S   0.57637 0.39684 0.02679 ( 1)  0.466 +-  0.492
 168 L   0.99711 0.00277 0.00012 ( 1)  0.053 +-  0.052
 169 P   0.99908 0.00090 0.00002 ( 1)  0.051 +-  0.029
 170 S   0.99958 0.00041 0.00001 ( 1)  0.050 +-  0.020
 171 Q   0.97223 0.02669 0.00108 ( 1)  0.077 +-  0.160
 172 R   0.99830 0.00163 0.00007 ( 1)  0.052 +-  0.040
 173 -   0.93326 0.03339 0.03335 ( 1)  0.227 +-  0.979
 174 P   0.99914 0.00081 0.00005 ( 1)  0.051 +-  0.029
 175 A   0.99618 0.00365 0.00018 ( 1)  0.054 +-  0.060
 176 P   0.29050 0.63108 0.07842 ( 2)  0.765 +-  0.479
 177 R   0.93791 0.05278 0.00931 ( 1)  0.114 +-  0.254
 178 A   0.99965 0.00033 0.00001 ( 1)  0.050 +-  0.018
 179 S   0.92134 0.07369 0.00497 ( 1)  0.127 +-  0.267
 180 P   0.99274 0.00682 0.00044 ( 1)  0.057 +-  0.084
 181 E   0.98295 0.01571 0.00135 ( 1)  0.067 +-  0.129
 182 A   0.02783 0.86019 0.11197 ( 2)  1.031 +-  0.236
 183 T   0.78620 0.19077 0.02303 ( 1)  0.265 +-  0.419
 184 G   0.99984 0.00016 0.00000 ( 1)  0.050 +-  0.012
 185 P   0.88683 0.10400 0.00918 ( 1)  0.162 +-  0.318
 186 Q   0.99986 0.00014 0.00000 ( 1)  0.050 +-  0.011
 187 E   0.96156 0.03398 0.00446 ( 1)  0.089 +-  0.197

Positively selected sites

	Prob(w>1)  mean w



Model 7: beta

MLEs of dN/dS (w) for site classes (K=10)

p:   0.10000  0.10000  0.10000  0.10000  0.10000  0.10000  0.10000  0.10000  0.10000  0.10000
w:   0.00002  0.00063  0.00308  0.00886  0.01972  0.03801  0.06736  0.11433  0.19432  0.36852

Naive Empirical Bayes (NEB) probabilities for 10 classes & postmean_w
(amino acids refer to 1st sequence: Gallus_gallus)

   1 M   0.14959 0.14883 0.14582 0.13899 0.12700 0.10910 0.08553 0.05798 0.02997 0.00719 ( 1)  0.029
   2 C   0.00009 0.00261 0.01259 0.03478 0.07196 0.12271 0.17864 0.22159 0.22140 0.13364 ( 8)  0.136
   3 A   0.00000 0.00002 0.00039 0.00309 0.01399 0.04466 0.10995 0.21508 0.32350 0.28931 ( 9)  0.203
   4 A   0.15095 0.15015 0.14698 0.13980 0.12723 0.10861 0.08435 0.05643 0.02869 0.00680 ( 1)  0.029
   5 R   0.15283 0.15198 0.14860 0.14094 0.12762 0.10803 0.08282 0.05433 0.02681 0.00604 ( 1)  0.028
   6 Q   0.00000 0.00002 0.00037 0.00292 0.01324 0.04245 0.10523 0.20842 0.32109 0.30626 ( 9)  0.208
   7 I   0.00000 0.00000 0.00001 0.00012 0.00126 0.00779 0.03437 0.11611 0.30439 0.53595 (10)  0.273
   8 L   0.14537 0.14472 0.14211 0.13618 0.12569 0.10982 0.08849 0.06269 0.03498 0.00996 ( 1)  0.032
   9 L   0.14603 0.14536 0.14270 0.13662 0.12590 0.10972 0.08803 0.06196 0.03418 0.00950 ( 1)  0.032
  10 L   0.14436 0.14374 0.14122 0.13549 0.12534 0.10995 0.08915 0.06381 0.03622 0.01071 ( 1)  0.033
  11 L   0.14674 0.14606 0.14332 0.13710 0.12612 0.10960 0.08754 0.06116 0.03333 0.00902 ( 1)  0.031
  12 L   0.14624 0.14556 0.14288 0.13676 0.12596 0.10968 0.08789 0.06173 0.03393 0.00936 ( 1)  0.031
  13 A   0.14080 0.14025 0.13804 0.13298 0.12398 0.11020 0.09129 0.06767 0.04086 0.01394 ( 1)  0.035
  14 F   0.14249 0.14191 0.13957 0.13423 0.12473 0.11023 0.09043 0.06590 0.03850 0.01202 ( 1)  0.034
  15 L   0.14608 0.14541 0.14274 0.13665 0.12591 0.10971 0.08800 0.06191 0.03413 0.00947 ( 1)  0.032
  16 A   0.00011 0.00321 0.01540 0.04212 0.08554 0.14140 0.19599 0.22511 0.19826 0.09288 ( 8)  0.119
  17 Y   0.00000 0.00001 0.00026 0.00206 0.00955 0.03167 0.08275 0.17780 0.31232 0.38357 (10)  0.229
  18 A   0.15072 0.14993 0.14678 0.13964 0.12716 0.10865 0.08451 0.05669 0.02897 0.00696 ( 1)  0.029
  19 L   0.00009 0.00266 0.01280 0.03534 0.07302 0.12421 0.18012 0.22206 0.21967 0.13002 ( 8)  0.135
  20 D   0.14458 0.14394 0.14141 0.13564 0.12542 0.10993 0.08902 0.06357 0.03595 0.01053 ( 1)  0.033
  21 S   0.00000 0.00001 0.00030 0.00236 0.01084 0.03550 0.09105 0.18997 0.31771 0.35228 (10)  0.221
  22 A   0.14118 0.14062 0.13838 0.13325 0.12413 0.11018 0.09107 0.06726 0.04035 0.01356 ( 1)  0.035
  23 A   0.14970 0.14894 0.14590 0.13900 0.12691 0.10891 0.08530 0.05783 0.03006 0.00746 ( 1)  0.029
  24 A   0.14999 0.14922 0.14615 0.13918 0.12698 0.10884 0.08508 0.05751 0.02974 0.00731 ( 1)  0.029
  25 Y   0.13959 0.13907 0.13698 0.13218 0.12361 0.11042 0.09216 0.06904 0.04230 0.01465 ( 1)  0.036
  26 G   0.15165 0.15083 0.14758 0.14023 0.12739 0.10841 0.08379 0.05565 0.02797 0.00650 ( 1)  0.028
  27 T   0.15038 0.14960 0.14650 0.13947 0.12716 0.10885 0.08487 0.05708 0.02918 0.00691 ( 1)  0.029
  28 A   0.14962 0.14886 0.14583 0.13895 0.12690 0.10894 0.08537 0.05792 0.03012 0.00746 ( 1)  0.029
  29 E   0.15762 0.15664 0.15273 0.14393 0.12874 0.10671 0.07903 0.04897 0.02180 0.00383 ( 1)  0.025
  30 T   0.14980 0.14903 0.14600 0.13910 0.12701 0.10899 0.08532 0.05774 0.02982 0.00720 ( 1)  0.029
  31 L   0.14918 0.14843 0.14546 0.13870 0.12685 0.10914 0.08579 0.05843 0.03050 0.00752 ( 1)  0.030
  32 C   0.15281 0.15197 0.14862 0.14102 0.12778 0.10825 0.08300 0.05434 0.02653 0.00567 ( 1)  0.027
  33 G   0.14873 0.14799 0.14505 0.13835 0.12660 0.10907 0.08597 0.05891 0.03121 0.00811 ( 1)  0.030
  34 G   0.15291 0.15206 0.14868 0.14103 0.12771 0.10810 0.08282 0.05424 0.02660 0.00585 ( 1)  0.028
  35 E   0.15723 0.15626 0.15239 0.14369 0.12867 0.10685 0.07937 0.04941 0.02217 0.00397 ( 1)  0.025
  36 L   0.14670 0.14602 0.14329 0.13707 0.12610 0.10959 0.08755 0.06120 0.03340 0.00908 ( 1)  0.031
  37 V   0.15209 0.15127 0.14799 0.14056 0.12759 0.10842 0.08356 0.05516 0.02732 0.00604 ( 1)  0.028
  38 D   0.15734 0.15636 0.15249 0.14377 0.12870 0.10682 0.07928 0.04928 0.02205 0.00391 ( 1)  0.025
  39 T   0.15176 0.15094 0.14770 0.14034 0.12751 0.10850 0.08381 0.05553 0.02769 0.00622 ( 1)  0.028
  40 L   0.14603 0.14536 0.14270 0.13662 0.12590 0.10972 0.08803 0.06196 0.03418 0.00950 ( 1)  0.032
  41 Q   0.15107 0.15028 0.14711 0.13992 0.12735 0.10870 0.08436 0.05630 0.02840 0.00651 ( 1)  0.028
  42 F   0.14117 0.14061 0.13839 0.13330 0.12423 0.11034 0.09124 0.06734 0.04021 0.01317 ( 1)  0.035
  43 V   0.15114 0.15034 0.14717 0.13996 0.12737 0.10868 0.08431 0.05623 0.02833 0.00648 ( 1)  0.028
  44 C   0.15265 0.15181 0.14847 0.14091 0.12774 0.10829 0.08313 0.05453 0.02671 0.00575 ( 1)  0.028
  45 G   0.15369 0.15282 0.14935 0.14150 0.12786 0.10784 0.08217 0.05337 0.02584 0.00556 ( 1)  0.027
  46 D   0.15729 0.15632 0.15245 0.14374 0.12869 0.10684 0.07932 0.04933 0.02209 0.00393 ( 1)  0.025
  47 R   0.15233 0.15149 0.14815 0.14059 0.12744 0.10808 0.08313 0.05489 0.02745 0.00645 ( 1)  0.028
  48 G   0.15165 0.15083 0.14758 0.14023 0.12739 0.10841 0.08379 0.05565 0.02797 0.00650 ( 1)  0.028
  49 F   0.14249 0.14191 0.13957 0.13423 0.12473 0.11023 0.09043 0.06590 0.03850 0.01202 ( 1)  0.034
  50 Y   0.14195 0.14138 0.13909 0.13385 0.12452 0.11027 0.09075 0.06648 0.03921 0.01250 ( 1)  0.034
  51 F   0.14249 0.14191 0.13957 0.13423 0.12473 0.11023 0.09043 0.06590 0.03850 0.01202 ( 1)  0.034
  52 S   0.13735 0.13688 0.13496 0.13057 0.12269 0.11049 0.09341 0.07143 0.04531 0.01691 ( 1)  0.038
  53 R   0.14280 0.14220 0.13981 0.13436 0.12470 0.11000 0.09004 0.06549 0.03833 0.01227 ( 1)  0.034
  54 P   0.14306 0.14245 0.14005 0.13457 0.12484 0.11004 0.08994 0.06523 0.03793 0.01189 ( 1)  0.034
  55 V   0.15481 0.15391 0.15034 0.14225 0.12822 0.10765 0.08139 0.05210 0.02449 0.00483 ( 1)  0.026
  56 G   0.13898 0.13847 0.13641 0.13169 0.12326 0.11029 0.09235 0.06962 0.04325 0.01568 ( 1)  0.037
  57 R   0.12365 0.12340 0.12239 0.12006 0.11580 0.10897 0.09888 0.08467 0.06514 0.03705 ( 1)  0.051
  58 N   0.13027 0.12992 0.12852 0.12528 0.11941 0.11014 0.09676 0.07865 0.05531 0.02575 ( 1)  0.044
  59 N   0.14875 0.14802 0.14510 0.13845 0.12676 0.10927 0.08614 0.05892 0.03092 0.00767 ( 1)  0.030
  60 R   0.15267 0.15183 0.14846 0.14085 0.12760 0.10809 0.08295 0.05451 0.02695 0.00609 ( 1)  0.028
  61 R   0.15275 0.15190 0.14853 0.14090 0.12763 0.10809 0.08291 0.05442 0.02684 0.00602 ( 1)  0.028
  62 I   0.00009 0.00284 0.01369 0.03769 0.07745 0.13054 0.18651 0.22444 0.21274 0.11401 ( 8)  0.128
  63 N   0.14842 0.14770 0.14481 0.13823 0.12666 0.10934 0.08638 0.05929 0.03131 0.00787 ( 1)  0.030
  64 R   0.14890 0.14815 0.14519 0.13846 0.12666 0.10905 0.08586 0.05873 0.03101 0.00799 ( 1)  0.030
  65 G   0.15283 0.15199 0.14861 0.14098 0.12769 0.10812 0.08289 0.05433 0.02668 0.00588 ( 1)  0.028
  66 I   0.14308 0.14248 0.14009 0.13462 0.12492 0.11014 0.09002 0.06524 0.03779 0.01162 ( 1)  0.034
  67 V   0.15481 0.15391 0.15034 0.14225 0.12822 0.10765 0.08139 0.05210 0.02449 0.00483 ( 1)  0.026
  68 E   0.15839 0.15738 0.15338 0.14438 0.12887 0.10644 0.07838 0.04812 0.02109 0.00358 ( 1)  0.025
  69 E   0.15932 0.15829 0.15417 0.14492 0.12901 0.10608 0.07757 0.04709 0.02025 0.00330 ( 1)  0.024
  70 C   0.15554 0.15462 0.15096 0.14270 0.12837 0.10744 0.08080 0.05128 0.02375 0.00453 ( 1)  0.026
  71 C   0.15554 0.15462 0.15096 0.14270 0.12837 0.10744 0.08080 0.05128 0.02375 0.00453 ( 1)  0.026
  72 F   0.12918 0.12885 0.12751 0.12444 0.11885 0.11001 0.09718 0.07970 0.05690 0.02737 ( 1)  0.045
  73 R   0.15037 0.14959 0.14647 0.13940 0.12705 0.10870 0.08475 0.05708 0.02939 0.00720 ( 1)  0.029
  74 S   0.15903 0.15800 0.15393 0.14476 0.12897 0.10620 0.07783 0.04741 0.02049 0.00337 ( 1)  0.024
  75 C   0.15216 0.15134 0.14805 0.14061 0.12763 0.10843 0.08352 0.05508 0.02722 0.00597 ( 1)  0.028
  76 D   0.15903 0.15800 0.15393 0.14476 0.12897 0.10620 0.07783 0.04741 0.02049 0.00338 ( 1)  0.024
  77 L   0.14755 0.14684 0.14403 0.13763 0.12637 0.10946 0.08697 0.06026 0.03238 0.00850 ( 1)  0.031
  78 A   0.13075 0.13039 0.12895 0.12562 0.11960 0.11011 0.09646 0.07811 0.05466 0.02535 ( 1)  0.044
  79 L   0.14820 0.14748 0.14460 0.13806 0.12656 0.10932 0.08649 0.05952 0.03164 0.00813 ( 1)  0.030
  80 L   0.14767 0.14696 0.14414 0.13772 0.12641 0.10944 0.08689 0.06013 0.03224 0.00842 ( 1)  0.031
  81 E   0.14089 0.14034 0.13814 0.13309 0.12411 0.11033 0.09138 0.06764 0.04060 0.01348 ( 1)  0.035
  82 T   0.15083 0.15004 0.14689 0.13976 0.12728 0.10875 0.08454 0.05658 0.02868 0.00666 ( 1)  0.029
  83 Y   0.14366 0.14305 0.14061 0.13503 0.12514 0.11009 0.08967 0.06461 0.03704 0.01111 ( 1)  0.033
  84 C   0.15282 0.15198 0.14862 0.14103 0.12778 0.10824 0.08299 0.05433 0.02652 0.00567 ( 1)  0.027
  85 A   0.15112 0.15032 0.14713 0.13991 0.12728 0.10857 0.08422 0.05624 0.02850 0.00670 ( 1)  0.029
  86 K   0.14695 0.14626 0.14351 0.13725 0.12621 0.10960 0.08743 0.06094 0.03305 0.00881 ( 1)  0.031
  87 S   0.14824 0.14752 0.14464 0.13809 0.12658 0.10934 0.08648 0.05949 0.03156 0.00806 ( 1)  0.030
  88 V   0.15271 0.15187 0.14852 0.14095 0.12775 0.10827 0.08309 0.05446 0.02665 0.00572 ( 1)  0.028
  89 K   0.14869 0.14795 0.14503 0.13840 0.12674 0.10928 0.08619 0.05899 0.03101 0.00772 ( 1)  0.030
  90 S   0.14648 0.14580 0.14309 0.13691 0.12603 0.10963 0.08771 0.06146 0.03367 0.00923 ( 1)  0.031
  91 E   0.15513 0.15422 0.15060 0.14243 0.12827 0.10754 0.08112 0.05175 0.02420 0.00473 ( 1)  0.026
  92 R   0.13432 0.13390 0.13220 0.12829 0.12126 0.11029 0.09479 0.07449 0.04962 0.02084 ( 1)  0.040
  93 D   0.15903 0.15800 0.15393 0.14476 0.12897 0.10620 0.07783 0.04741 0.02049 0.00338 ( 1)  0.024
  94 L   0.00011 0.00330 0.01584 0.04328 0.08773 0.14451 0.19908 0.22613 0.19468 0.08535 ( 8)  0.116
  95 S   0.14676 0.14608 0.14334 0.13711 0.12613 0.10959 0.08752 0.06114 0.03331 0.00902 ( 1)  0.031
  96 A   0.00011 0.00326 0.01563 0.04272 0.08666 0.14293 0.19740 0.22537 0.19635 0.08958 ( 8)  0.118
  97 T   0.15268 0.15184 0.14849 0.14092 0.12773 0.10826 0.08309 0.05450 0.02671 0.00578 ( 1)  0.028
  98 S   0.15051 0.14973 0.14662 0.13957 0.12721 0.10884 0.08479 0.05693 0.02900 0.00679 ( 1)  0.029
  99 L   0.14813 0.14741 0.14454 0.13801 0.12654 0.10934 0.08655 0.05961 0.03172 0.00816 ( 1)  0.030
 100 A   0.00000 0.00000 0.00000 0.00000 0.00000 0.00000 0.00009 0.00230 0.04721 0.95040 (10)  0.360
 101 G   0.00011 0.00344 0.01649 0.04495 0.09070 0.14829 0.20193 0.22542 0.18908 0.07958 ( 8)  0.113
 102 L   0.00010 0.00308 0.01483 0.04065 0.08291 0.13801 0.19332 0.22553 0.20319 0.09837 ( 8)  0.122
 103 P   0.14596 0.14529 0.14261 0.13652 0.12578 0.10960 0.08796 0.06200 0.03442 0.00985 ( 1)  0.032
 104 A   0.13923 0.13872 0.13664 0.13189 0.12340 0.11034 0.09226 0.06938 0.04287 0.01528 ( 1)  0.036
 105 L   0.00011 0.00325 0.01561 0.04268 0.08664 0.14307 0.19784 0.22608 0.19662 0.08809 ( 8)  0.117
 106 N   0.00000 0.00000 0.00001 0.00017 0.00169 0.01027 0.04372 0.13942 0.33153 0.47319 (10)  0.258
 107 K   0.14879 0.14805 0.14512 0.13847 0.12677 0.10926 0.08611 0.05888 0.03089 0.00766 ( 1)  0.030
 108 E   0.00000 0.00002 0.00048 0.00379 0.01695 0.05311 0.12684 0.23613 0.32540 0.23727 ( 9)  0.189
 109 S   0.00012 0.00360 0.01724 0.04691 0.09428 0.15311 0.20617 0.22580 0.18272 0.07006 ( 8)  0.109
 110 F   0.00008 0.00246 0.01187 0.03287 0.06835 0.11754 0.17341 0.21963 0.22706 0.14674 ( 9)  0.141
 111 Q   0.14651 0.14583 0.14313 0.13695 0.12606 0.10966 0.08771 0.06142 0.03358 0.00914 ( 1)  0.031
 112 K   0.14462 0.14398 0.14146 0.13569 0.12547 0.10998 0.08904 0.06355 0.03585 0.01038 ( 1)  0.032
 113 P   0.14237 0.14178 0.13944 0.13409 0.12459 0.11011 0.09037 0.06598 0.03880 0.01246 ( 1)  0.034
 114 S   0.14070 0.14015 0.13796 0.13294 0.12400 0.11029 0.09143 0.06781 0.04090 0.01380 ( 1)  0.035
 115 H   0.14888 0.14814 0.14520 0.13851 0.12677 0.10920 0.08601 0.05877 0.03084 0.00769 ( 1)  0.030
 116 A   0.00000 0.00001 0.00035 0.00279 0.01269 0.04090 0.10228 0.20514 0.32173 0.31411 ( 9)  0.210
 117 K   0.14429 0.14366 0.14116 0.13546 0.12536 0.11002 0.08926 0.06391 0.03626 0.01063 ( 1)  0.033
 118 Y   0.13947 0.13895 0.13687 0.13209 0.12357 0.11044 0.09224 0.06918 0.04245 0.01473 ( 1)  0.036
 119 S   0.14658 0.14590 0.14318 0.13700 0.12609 0.10965 0.08767 0.06135 0.03350 0.00908 ( 1)  0.031
 120 K   0.14377 0.14316 0.14070 0.13510 0.12517 0.11008 0.08960 0.06448 0.03690 0.01103 ( 1)  0.033
 121 Y   0.13917 0.13865 0.13659 0.13188 0.12345 0.11045 0.09242 0.06951 0.04286 0.01503 ( 1)  0.036
 122 N   0.00000 0.00002 0.00044 0.00343 0.01543 0.04881 0.11844 0.22618 0.32565 0.26161 ( 9)  0.196
 123 V   0.15030 0.14952 0.14644 0.13943 0.12716 0.10889 0.08496 0.05717 0.02923 0.00689 ( 1)  0.029
 124 W   0.14887 0.14813 0.14519 0.13851 0.12678 0.10923 0.08604 0.05878 0.03082 0.00764 ( 1)  0.030
 125 Q   0.14882 0.14809 0.14515 0.13848 0.12676 0.10923 0.08607 0.05883 0.03088 0.00769 ( 1)  0.030
 126 K   0.14428 0.14366 0.14116 0.13546 0.12535 0.11002 0.08926 0.06392 0.03626 0.01064 ( 1)  0.033
 127 K   0.14462 0.14398 0.14146 0.13569 0.12547 0.10998 0.08904 0.06355 0.03585 0.01038 ( 1)  0.032
 128 S   0.15405 0.15317 0.14968 0.14179 0.12807 0.10790 0.08202 0.05295 0.02524 0.00511 ( 1)  0.027
 129 S   0.00010 0.00290 0.01394 0.03834 0.07864 0.13214 0.18790 0.22451 0.21056 0.11099 ( 8)  0.127
 130 Q   0.14882 0.14809 0.14515 0.13848 0.12676 0.10923 0.08607 0.05883 0.03088 0.00769 ( 1)  0.030
 131 R   0.14618 0.14551 0.14281 0.13667 0.12585 0.10955 0.08779 0.06175 0.03416 0.00972 ( 1)  0.032
 132 L   0.00000 0.00001 0.00030 0.00241 0.01105 0.03613 0.09242 0.19198 0.31863 0.34707 (10)  0.220
 133 Q   0.14850 0.14777 0.14487 0.13827 0.12666 0.10929 0.08630 0.05920 0.03126 0.00788 ( 1)  0.030
 134 R   0.14537 0.14472 0.14210 0.13614 0.12561 0.10971 0.08837 0.06266 0.03511 0.01023 ( 1)  0.032
 135 E   0.00000 0.00002 0.00042 0.00332 0.01499 0.04758 0.11602 0.22329 0.32565 0.26871 ( 9)  0.198
 136 V   0.00000 0.00000 0.00000 0.00011 0.00112 0.00702 0.03139 0.10821 0.29374 0.55841 (10)  0.278
 137 P   0.00008 0.00250 0.01205 0.03336 0.06924 0.11872 0.17440 0.21956 0.22526 0.14483 ( 9)  0.140
 138 G   0.00000 0.00001 0.00033 0.00262 0.01195 0.03873 0.09773 0.19889 0.31979 0.32995 (10)  0.215
 139 I   0.00008 0.00243 0.01172 0.03249 0.06762 0.11647 0.17229 0.21913 0.22813 0.14963 ( 9)  0.142
 140 L   0.00008 0.00252 0.01218 0.03371 0.06993 0.11979 0.17566 0.22042 0.22453 0.14117 ( 9)  0.139
 141 R   0.00009 0.00273 0.01314 0.03621 0.07462 0.12639 0.18209 0.22233 0.21680 0.12558 ( 8)  0.133
 142 A   0.13767 0.13719 0.13523 0.13075 0.12272 0.11033 0.09307 0.07101 0.04501 0.01702 ( 1)  0.038
 143 R   0.14557 0.14491 0.14228 0.13628 0.12569 0.10970 0.08826 0.06244 0.03484 0.01003 ( 1)  0.032
 144 R   0.00000 0.00000 0.00000 0.00000 0.00000 0.00009 0.00131 0.01343 0.11159 0.87357 (10)  0.345
 145 Y   0.13843 0.13793 0.13593 0.13135 0.12315 0.11047 0.09283 0.07030 0.04384 0.01577 ( 1)  0.037
 146 R   0.14463 0.14399 0.14144 0.13563 0.12535 0.10980 0.08886 0.06348 0.03603 0.01080 ( 1)  0.033
 147 W   0.14727 0.14657 0.14379 0.13746 0.12631 0.10954 0.08719 0.06058 0.03267 0.00862 ( 1)  0.031
 148 Q   0.14217 0.14159 0.13927 0.13398 0.12458 0.11021 0.09058 0.06623 0.03897 0.01241 ( 1)  0.034
 149 A   0.00000 0.00001 0.00035 0.00272 0.01241 0.04010 0.10060 0.20281 0.32096 0.32003 ( 9)  0.212
 150 E   0.00012 0.00366 0.01752 0.04762 0.09554 0.15470 0.20733 0.22543 0.18036 0.06772 ( 8)  0.108
 151 G   0.15167 0.15086 0.14761 0.14025 0.12740 0.10841 0.08378 0.05562 0.02792 0.00646 ( 1)  0.028
 152 L   0.00000 0.00001 0.00028 0.00225 0.01039 0.03417 0.08823 0.18599 0.31630 0.36237 (10)  0.224
 153 Q   0.00000 0.00001 0.00016 0.00130 0.00614 0.02115 0.05875 0.13896 0.28606 0.48747 (10)  0.256
 154 A   0.00010 0.00292 0.01406 0.03865 0.07918 0.13280 0.18832 0.22420 0.20940 0.11036 ( 8)  0.127
 155 A   0.00000 0.00001 0.00021 0.00171 0.00797 0.02683 0.07182 0.16046 0.30140 0.42959 (10)  0.241
 156 E   0.00011 0.00328 0.01577 0.04310 0.08739 0.14406 0.19866 0.22605 0.19525 0.08633 ( 8)  0.117
 157 E   0.13386 0.13344 0.13179 0.12799 0.12113 0.11041 0.09517 0.07506 0.05017 0.02097 ( 1)  0.041
 158 A   0.14409 0.14347 0.14097 0.13528 0.12519 0.10990 0.08925 0.06408 0.03665 0.01112 ( 1)  0.033
 159 R   0.00000 0.00001 0.00028 0.00224 0.01033 0.03401 0.08788 0.18553 0.31619 0.36352 (10)  0.224
 160 A   0.00000 0.00000 0.00000 0.00009 0.00096 0.00604 0.02748 0.09745 0.27778 0.59019 (10)  0.285
 161 M   0.00007 0.00225 0.01086 0.03019 0.06317 0.10979 0.16483 0.21484 0.23370 0.17031 ( 9)  0.150
 162 H   0.13894 0.13843 0.13639 0.13171 0.12335 0.11045 0.09254 0.06975 0.04316 0.01528 ( 1)  0.037
 163 R   0.13245 0.13206 0.13049 0.12688 0.12037 0.11016 0.09563 0.07636 0.05228 0.02332 ( 1)  0.042
 164 P   0.14268 0.14209 0.13972 0.13431 0.12471 0.11008 0.09017 0.06564 0.03840 0.01221 ( 1)  0.034
 165 L   0.00009 0.00276 0.01332 0.03671 0.07561 0.12794 0.18394 0.22360 0.21570 0.12033 ( 8)  0.131
 166 I   0.00000 0.00000 0.00000 0.00005 0.00055 0.00366 0.01786 0.07048 0.23638 0.67101 (10)  0.303
 167 S   0.00000 0.00000 0.00000 0.00009 0.00093 0.00589 0.02691 0.09599 0.27605 0.59413 (10)  0.286
 168 L   0.00008 0.00246 0.01190 0.03295 0.06848 0.11765 0.17337 0.21929 0.22655 0.14727 ( 9)  0.141
 169 P   0.00010 0.00297 0.01430 0.03925 0.08029 0.13433 0.18975 0.22449 0.20750 0.10702 ( 8)  0.125
 170 S   0.00011 0.00321 0.01543 0.04222 0.08580 0.14196 0.19691 0.22610 0.19816 0.09011 ( 8)  0.118
 171 Q   0.00000 0.00001 0.00030 0.00239 0.01097 0.03591 0.09199 0.19151 0.31874 0.34818 (10)  0.220
 172 R   0.00009 0.00278 0.01339 0.03688 0.07584 0.12804 0.18355 0.22246 0.21460 0.12236 ( 8)  0.131
 173 -   0.10000 0.10000 0.10000 0.10000 0.10000 0.10000 0.10000 0.10000 0.10000 0.10000 ( 3)  0.081
 174 P   0.12933 0.12899 0.12764 0.12453 0.11888 0.10995 0.09703 0.07949 0.05672 0.02744 ( 1)  0.045
 175 A   0.00008 0.00235 0.01138 0.03156 0.06582 0.11374 0.16918 0.21723 0.23027 0.15839 ( 9)  0.145
 176 P   0.00000 0.00000 0.00000 0.00007 0.00068 0.00437 0.02065 0.07774 0.24538 0.65111 (10)  0.298
 177 R   0.00005 0.00140 0.00683 0.01929 0.04164 0.07624 0.12438 0.18499 0.25132 0.29385 (10)  0.191
 178 A   0.13498 0.13454 0.13280 0.12880 0.12160 0.11038 0.09455 0.07386 0.04865 0.01983 ( 1)  0.040
 179 S   0.00000 0.00001 0.00023 0.00183 0.00852 0.02853 0.07576 0.16700 0.30619 0.41192 (10)  0.237
 180 P   0.00007 0.00211 0.01022 0.02847 0.05985 0.10485 0.15937 0.21182 0.23798 0.18526 ( 9)  0.155
 181 E   0.00006 0.00176 0.00853 0.02392 0.05097 0.09129 0.14371 0.20171 0.24768 0.23038 ( 9)  0.170
 182 A   0.00000 0.00000 0.00000 0.00000 0.00005 0.00060 0.00498 0.03154 0.16620 0.79662 (10)  0.330
 183 T   0.00000 0.00001 0.00017 0.00139 0.00654 0.02236 0.06145 0.14313 0.28831 0.47665 (10)  0.253
 184 G   0.13966 0.13913 0.13702 0.13219 0.12358 0.11033 0.09203 0.06893 0.04229 0.01484 ( 1)  0.036
 185 P   0.00000 0.00001 0.00021 0.00169 0.00791 0.02663 0.07138 0.15977 0.30098 0.43141 (10)  0.242
 186 Q   0.13957 0.13904 0.13695 0.13216 0.12360 0.11042 0.09217 0.06907 0.04233 0.01469 ( 1)  0.036
 187 E   0.00005 0.00152 0.00742 0.02090 0.04491 0.08157 0.13136 0.19135 0.25074 0.27018 (10)  0.183


lnL = -3135.607590


Model 8: beta&w>1

MLEs of dN/dS (w) for site classes (K=11)

p:   0.10000  0.10000  0.10000  0.10000  0.10000  0.10000  0.10000  0.10000  0.10000  0.10000  0.00001
w:   0.00002  0.00063  0.00309  0.00886  0.01972  0.03801  0.06736  0.11433  0.19430  0.36849  1.00000
(note that p[10] is zero)


Naive Empirical Bayes (NEB) probabilities for 11 classes & postmean_w
(amino acids refer to 1st sequence: Gallus_gallus)

   1 M   0.14959 0.14883 0.14582 0.13899 0.12700 0.10910 0.08553 0.05798 0.02998 0.00719 0.00000 ( 1)  0.029
   2 C   0.00009 0.00261 0.01259 0.03478 0.07196 0.12270 0.17863 0.22158 0.22140 0.13366 0.00000 ( 8)  0.136
   3 A   0.00000 0.00002 0.00039 0.00309 0.01399 0.04466 0.10994 0.21507 0.32349 0.28934 0.00000 ( 9)  0.203
   4 A   0.15095 0.15015 0.14698 0.13979 0.12723 0.10861 0.08435 0.05644 0.02869 0.00680 0.00000 ( 1)  0.029
   5 R   0.15283 0.15198 0.14859 0.14094 0.12762 0.10803 0.08282 0.05434 0.02681 0.00604 0.00000 ( 1)  0.028
   6 Q   0.00000 0.00002 0.00037 0.00292 0.01324 0.04245 0.10523 0.20841 0.32108 0.30628 0.00000 ( 9)  0.208
   7 I   0.00000 0.00000 0.00001 0.00012 0.00126 0.00779 0.03437 0.11610 0.30437 0.53597 0.00001 (10)  0.273
   8 L   0.14537 0.14471 0.14211 0.13618 0.12568 0.10982 0.08849 0.06270 0.03498 0.00996 0.00000 ( 1)  0.032
   9 L   0.14603 0.14536 0.14270 0.13662 0.12590 0.10972 0.08803 0.06196 0.03419 0.00950 0.00000 ( 1)  0.032
  10 L   0.14436 0.14373 0.14122 0.13549 0.12534 0.10995 0.08915 0.06381 0.03623 0.01071 0.00000 ( 1)  0.033
  11 L   0.14674 0.14605 0.14332 0.13710 0.12612 0.10960 0.08754 0.06117 0.03334 0.00902 0.00000 ( 1)  0.031
  12 L   0.14624 0.14556 0.14288 0.13676 0.12596 0.10968 0.08789 0.06173 0.03394 0.00936 0.00000 ( 1)  0.031
  13 A   0.14080 0.14024 0.13803 0.13298 0.12398 0.11020 0.09129 0.06767 0.04086 0.01394 0.00000 ( 1)  0.035
  14 F   0.14249 0.14190 0.13957 0.13422 0.12473 0.11023 0.09043 0.06590 0.03851 0.01202 0.00000 ( 1)  0.034
  15 L   0.14607 0.14540 0.14273 0.13665 0.12591 0.10971 0.08800 0.06191 0.03413 0.00947 0.00000 ( 1)  0.032
  16 A   0.00011 0.00321 0.01540 0.04212 0.08554 0.14139 0.19598 0.22510 0.19827 0.09289 0.00000 ( 8)  0.119
  17 Y   0.00000 0.00001 0.00026 0.00207 0.00956 0.03167 0.08274 0.17779 0.31231 0.38359 0.00001 (10)  0.229
  18 A   0.15072 0.14993 0.14678 0.13964 0.12716 0.10865 0.08451 0.05670 0.02897 0.00696 0.00000 ( 1)  0.029
  19 L   0.00009 0.00266 0.01281 0.03535 0.07302 0.12421 0.18011 0.22205 0.21967 0.13004 0.00000 ( 8)  0.135
  20 D   0.14458 0.14394 0.14141 0.13564 0.12542 0.10993 0.08902 0.06358 0.03595 0.01053 0.00000 ( 1)  0.033
  21 S   0.00000 0.00001 0.00030 0.00236 0.01084 0.03550 0.09104 0.18995 0.31770 0.35230 0.00000 (10)  0.221
  22 A   0.14118 0.14062 0.13838 0.13325 0.12413 0.11018 0.09107 0.06726 0.04036 0.01356 0.00000 ( 1)  0.035
  23 A   0.14970 0.14894 0.14590 0.13900 0.12691 0.10891 0.08530 0.05784 0.03006 0.00746 0.00000 ( 1)  0.029
  24 A   0.14999 0.14922 0.14615 0.13918 0.12698 0.10884 0.08508 0.05751 0.02975 0.00731 0.00000 ( 1)  0.029
  25 Y   0.13959 0.13907 0.13698 0.13218 0.12361 0.11042 0.09216 0.06904 0.04230 0.01466 0.00000 ( 1)  0.036
  26 G   0.15165 0.15083 0.14758 0.14022 0.12739 0.10841 0.08379 0.05566 0.02798 0.00650 0.00000 ( 1)  0.028
  27 T   0.15038 0.14960 0.14650 0.13947 0.12716 0.10885 0.08487 0.05708 0.02919 0.00691 0.00000 ( 1)  0.029
  28 A   0.14962 0.14886 0.14583 0.13895 0.12690 0.10894 0.08537 0.05793 0.03013 0.00747 0.00000 ( 1)  0.029
  29 E   0.15762 0.15664 0.15273 0.14393 0.12874 0.10671 0.07903 0.04897 0.02180 0.00383 0.00000 ( 1)  0.025
  30 T   0.14980 0.14903 0.14600 0.13910 0.12701 0.10899 0.08532 0.05774 0.02982 0.00720 0.00000 ( 1)  0.029
  31 L   0.14918 0.14843 0.14546 0.13870 0.12684 0.10914 0.08579 0.05844 0.03051 0.00752 0.00000 ( 1)  0.030
  32 C   0.15281 0.15197 0.14862 0.14102 0.12778 0.10825 0.08300 0.05435 0.02654 0.00567 0.00000 ( 1)  0.027
  33 G   0.14873 0.14799 0.14504 0.13835 0.12660 0.10907 0.08597 0.05891 0.03122 0.00812 0.00000 ( 1)  0.030
  34 G   0.15291 0.15206 0.14868 0.14103 0.12771 0.10810 0.08283 0.05424 0.02660 0.00585 0.00000 ( 1)  0.028
  35 E   0.15723 0.15625 0.15239 0.14369 0.12866 0.10685 0.07937 0.04941 0.02218 0.00397 0.00000 ( 1)  0.025
  36 L   0.14670 0.14602 0.14328 0.13706 0.12610 0.10959 0.08755 0.06121 0.03340 0.00908 0.00000 ( 1)  0.031
  37 V   0.15209 0.15127 0.14799 0.14056 0.12759 0.10842 0.08356 0.05516 0.02733 0.00604 0.00000 ( 1)  0.028
  38 D   0.15734 0.15636 0.15249 0.14376 0.12870 0.10682 0.07929 0.04929 0.02205 0.00391 0.00000 ( 1)  0.025
  39 T   0.15176 0.15094 0.14770 0.14034 0.12750 0.10850 0.08381 0.05554 0.02770 0.00622 0.00000 ( 1)  0.028
  40 L   0.14603 0.14536 0.14270 0.13662 0.12590 0.10972 0.08803 0.06196 0.03419 0.00950 0.00000 ( 1)  0.032
  41 Q   0.15107 0.15028 0.14711 0.13992 0.12735 0.10870 0.08436 0.05630 0.02840 0.00651 0.00000 ( 1)  0.028
  42 F   0.14117 0.14061 0.13839 0.13330 0.12423 0.11033 0.09124 0.06734 0.04022 0.01317 0.00000 ( 1)  0.035
  43 V   0.15114 0.15034 0.14716 0.13996 0.12737 0.10868 0.08431 0.05623 0.02833 0.00648 0.00000 ( 1)  0.028
  44 C   0.15264 0.15181 0.14847 0.14091 0.12774 0.10829 0.08314 0.05453 0.02672 0.00575 0.00000 ( 1)  0.028
  45 G   0.15369 0.15282 0.14935 0.14150 0.12786 0.10784 0.08218 0.05337 0.02585 0.00556 0.00000 ( 1)  0.027
  46 D   0.15729 0.15632 0.15245 0.14374 0.12869 0.10684 0.07932 0.04934 0.02209 0.00393 0.00000 ( 1)  0.025
  47 R   0.15233 0.15149 0.14815 0.14059 0.12744 0.10807 0.08313 0.05489 0.02746 0.00645 0.00000 ( 1)  0.028
  48 G   0.15165 0.15083 0.14758 0.14022 0.12739 0.10841 0.08379 0.05566 0.02798 0.00650 0.00000 ( 1)  0.028
  49 F   0.14249 0.14190 0.13957 0.13422 0.12473 0.11023 0.09043 0.06590 0.03851 0.01202 0.00000 ( 1)  0.034
  50 Y   0.14195 0.14138 0.13909 0.13384 0.12452 0.11026 0.09075 0.06649 0.03921 0.01251 0.00000 ( 1)  0.034
  51 F   0.14249 0.14190 0.13957 0.13422 0.12473 0.11023 0.09043 0.06590 0.03851 0.01202 0.00000 ( 1)  0.034
  52 S   0.13735 0.13688 0.13496 0.13057 0.12269 0.11049 0.09341 0.07144 0.04531 0.01691 0.00000 ( 1)  0.038
  53 R   0.14279 0.14220 0.13981 0.13436 0.12470 0.11000 0.09004 0.06549 0.03833 0.01227 0.00000 ( 1)  0.034
  54 P   0.14305 0.14245 0.14005 0.13457 0.12484 0.11004 0.08994 0.06523 0.03793 0.01189 0.00000 ( 1)  0.034
  55 V   0.15481 0.15391 0.15033 0.14225 0.12821 0.10765 0.08139 0.05210 0.02450 0.00484 0.00000 ( 1)  0.026
  56 G   0.13898 0.13847 0.13641 0.13169 0.12326 0.11029 0.09235 0.06962 0.04326 0.01568 0.00000 ( 1)  0.037
  57 R   0.12364 0.12339 0.12239 0.12006 0.11580 0.10897 0.09888 0.08467 0.06514 0.03706 0.00000 ( 1)  0.051
  58 N   0.13027 0.12992 0.12852 0.12528 0.11941 0.11014 0.09676 0.07865 0.05531 0.02576 0.00000 ( 1)  0.044
  59 N   0.14875 0.14802 0.14509 0.13844 0.12676 0.10927 0.08614 0.05892 0.03093 0.00767 0.00000 ( 1)  0.030
  60 R   0.15267 0.15183 0.14846 0.14085 0.12760 0.10809 0.08295 0.05451 0.02696 0.00609 0.00000 ( 1)  0.028
  61 R   0.15274 0.15190 0.14853 0.14090 0.12763 0.10809 0.08291 0.05443 0.02685 0.00602 0.00000 ( 1)  0.028
  62 I   0.00009 0.00284 0.01370 0.03769 0.07745 0.13054 0.18650 0.22443 0.21274 0.11402 0.00000 ( 8)  0.128
  63 N   0.14842 0.14770 0.14480 0.13823 0.12666 0.10933 0.08638 0.05929 0.03131 0.00787 0.00000 ( 1)  0.030
  64 R   0.14890 0.14815 0.14519 0.13846 0.12666 0.10905 0.08586 0.05873 0.03101 0.00799 0.00000 ( 1)  0.030
  65 G   0.15283 0.15199 0.14861 0.14098 0.12769 0.10812 0.08289 0.05433 0.02669 0.00588 0.00000 ( 1)  0.028
  66 I   0.14308 0.14248 0.14009 0.13462 0.12492 0.11014 0.09002 0.06524 0.03779 0.01162 0.00000 ( 1)  0.034
  67 V   0.15481 0.15391 0.15033 0.14225 0.12821 0.10765 0.08139 0.05210 0.02450 0.00484 0.00000 ( 1)  0.026
  68 E   0.15839 0.15738 0.15338 0.14437 0.12886 0.10643 0.07838 0.04813 0.02109 0.00359 0.00000 ( 1)  0.025
  69 E   0.15932 0.15828 0.15417 0.14492 0.12901 0.10608 0.07757 0.04709 0.02025 0.00331 0.00000 ( 1)  0.024
  70 C   0.15554 0.15462 0.15096 0.14270 0.12837 0.10744 0.08080 0.05129 0.02376 0.00453 0.00000 ( 1)  0.026
  71 C   0.15554 0.15462 0.15096 0.14270 0.12837 0.10744 0.08080 0.05129 0.02376 0.00453 0.00000 ( 1)  0.026
  72 F   0.12918 0.12885 0.12751 0.12444 0.11885 0.11001 0.09718 0.07971 0.05690 0.02738 0.00000 ( 1)  0.045
  73 R   0.15037 0.14958 0.14647 0.13940 0.12704 0.10870 0.08475 0.05709 0.02939 0.00720 0.00000 ( 1)  0.029
  74 S   0.15903 0.15800 0.15393 0.14475 0.12897 0.10620 0.07783 0.04741 0.02049 0.00338 0.00000 ( 1)  0.024
  75 C   0.15216 0.15134 0.14805 0.14061 0.12763 0.10842 0.08352 0.05508 0.02722 0.00597 0.00000 ( 1)  0.028
  76 D   0.15903 0.15800 0.15393 0.14475 0.12897 0.10620 0.07783 0.04741 0.02049 0.00338 0.00000 ( 1)  0.024
  77 L   0.14755 0.14684 0.14403 0.13763 0.12637 0.10946 0.08697 0.06027 0.03238 0.00850 0.00000 ( 1)  0.031
  78 A   0.13075 0.13039 0.12895 0.12562 0.11960 0.11011 0.09646 0.07811 0.05466 0.02536 0.00000 ( 1)  0.044
  79 L   0.14820 0.14748 0.14460 0.13806 0.12655 0.10932 0.08649 0.05953 0.03164 0.00813 0.00000 ( 1)  0.030
  80 L   0.14767 0.14696 0.14414 0.13771 0.12641 0.10944 0.08689 0.06013 0.03224 0.00842 0.00000 ( 1)  0.031
  81 E   0.14089 0.14034 0.13813 0.13309 0.12411 0.11033 0.09138 0.06764 0.04060 0.01348 0.00000 ( 1)  0.035
  82 T   0.15083 0.15004 0.14689 0.13976 0.12728 0.10874 0.08454 0.05658 0.02868 0.00666 0.00000 ( 1)  0.029
  83 Y   0.14366 0.14305 0.14061 0.13503 0.12514 0.11009 0.08967 0.06461 0.03704 0.01111 0.00000 ( 1)  0.033
  84 C   0.15282 0.15198 0.14862 0.14102 0.12778 0.10824 0.08300 0.05433 0.02653 0.00567 0.00000 ( 1)  0.027
  85 A   0.15112 0.15032 0.14713 0.13990 0.12728 0.10857 0.08422 0.05624 0.02850 0.00670 0.00000 ( 1)  0.029
  86 K   0.14694 0.14625 0.14351 0.13725 0.12621 0.10960 0.08743 0.06095 0.03305 0.00881 0.00000 ( 1)  0.031
  87 S   0.14824 0.14752 0.14464 0.13809 0.12658 0.10933 0.08648 0.05949 0.03157 0.00806 0.00000 ( 1)  0.030
  88 V   0.15270 0.15186 0.14852 0.14095 0.12775 0.10827 0.08309 0.05447 0.02665 0.00573 0.00000 ( 1)  0.028
  89 K   0.14868 0.14795 0.14503 0.13840 0.12673 0.10928 0.08619 0.05900 0.03102 0.00773 0.00000 ( 1)  0.030
  90 S   0.14647 0.14579 0.14308 0.13691 0.12603 0.10963 0.08771 0.06146 0.03367 0.00923 0.00000 ( 1)  0.031
  91 E   0.15513 0.15422 0.15060 0.14243 0.12827 0.10754 0.08112 0.05175 0.02420 0.00473 0.00000 ( 1)  0.026
  92 R   0.13432 0.13390 0.13220 0.12829 0.12125 0.11029 0.09479 0.07449 0.04962 0.02085 0.00000 ( 1)  0.040
  93 D   0.15903 0.15800 0.15393 0.14475 0.12897 0.10620 0.07783 0.04741 0.02049 0.00338 0.00000 ( 1)  0.024
  94 L   0.00011 0.00330 0.01584 0.04328 0.08773 0.14451 0.19907 0.22612 0.19468 0.08536 0.00000 ( 8)  0.116
  95 S   0.14676 0.14608 0.14334 0.13711 0.12612 0.10959 0.08752 0.06114 0.03332 0.00902 0.00000 ( 1)  0.031
  96 A   0.00011 0.00326 0.01563 0.04272 0.08666 0.14293 0.19739 0.22536 0.19636 0.08959 0.00000 ( 8)  0.118
  97 T   0.15267 0.15183 0.14849 0.14092 0.12773 0.10826 0.08309 0.05450 0.02671 0.00578 0.00000 ( 1)  0.028
  98 S   0.15051 0.14973 0.14662 0.13956 0.12721 0.10884 0.08479 0.05694 0.02901 0.00679 0.00000 ( 1)  0.029
  99 L   0.14813 0.14741 0.14454 0.13801 0.12653 0.10934 0.08655 0.05961 0.03172 0.00817 0.00000 ( 1)  0.030
 100 A   0.00000 0.00000 0.00000 0.00000 0.00000 0.00000 0.00009 0.00230 0.04717 0.94978 0.00066 (10)  0.360
 101 G   0.00011 0.00344 0.01649 0.04495 0.09070 0.14829 0.20192 0.22541 0.18909 0.07960 0.00000 ( 8)  0.113
 102 L   0.00010 0.00309 0.01483 0.04066 0.08291 0.13801 0.19331 0.22552 0.20320 0.09839 0.00000 ( 8)  0.122
 103 P   0.14596 0.14529 0.14261 0.13652 0.12578 0.10960 0.08796 0.06201 0.03443 0.00985 0.00000 ( 1)  0.032
 104 A   0.13923 0.13871 0.13664 0.13188 0.12340 0.11033 0.09226 0.06938 0.04287 0.01529 0.00000 ( 1)  0.036
 105 L   0.00011 0.00325 0.01561 0.04269 0.08664 0.14306 0.19783 0.22607 0.19663 0.08811 0.00000 ( 8)  0.117
 106 N   0.00000 0.00000 0.00001 0.00017 0.00169 0.01027 0.04372 0.13941 0.33151 0.47322 0.00000 (10)  0.258
 107 K   0.14879 0.14805 0.14512 0.13846 0.12676 0.10926 0.08611 0.05888 0.03090 0.00767 0.00000 ( 1)  0.030
 108 E   0.00000 0.00002 0.00048 0.00379 0.01695 0.05311 0.12683 0.23611 0.32539 0.23730 0.00000 ( 9)  0.189
 109 S   0.00012 0.00360 0.01725 0.04691 0.09428 0.15311 0.20616 0.22579 0.18272 0.07007 0.00000 ( 8)  0.109
 110 F   0.00008 0.00246 0.01187 0.03287 0.06835 0.11754 0.17340 0.21962 0.22705 0.14675 0.00000 ( 9)  0.141
 111 Q   0.14651 0.14583 0.14312 0.13695 0.12606 0.10965 0.08772 0.06142 0.03359 0.00914 0.00000 ( 1)  0.031
 112 K   0.14462 0.14398 0.14145 0.13568 0.12547 0.10997 0.08904 0.06355 0.03585 0.01039 0.00000 ( 1)  0.032
 113 P   0.14237 0.14178 0.13944 0.13409 0.12459 0.11011 0.09037 0.06598 0.03881 0.01247 0.00000 ( 1)  0.034
 114 S   0.14070 0.14015 0.13796 0.13294 0.12400 0.11029 0.09144 0.06781 0.04091 0.01381 0.00000 ( 1)  0.035
 115 H   0.14888 0.14814 0.14520 0.13851 0.12676 0.10920 0.08601 0.05877 0.03084 0.00769 0.00000 ( 1)  0.030
 116 A   0.00000 0.00001 0.00035 0.00279 0.01269 0.04090 0.10228 0.20513 0.32171 0.31413 0.00000 ( 9)  0.210
 117 K   0.14429 0.14366 0.14116 0.13546 0.12535 0.11002 0.08926 0.06391 0.03626 0.01064 0.00000 ( 1)  0.033
 118 Y   0.13947 0.13895 0.13687 0.13209 0.12357 0.11044 0.09224 0.06919 0.04245 0.01474 0.00000 ( 1)  0.036
 119 S   0.14658 0.14590 0.14318 0.13699 0.12609 0.10965 0.08768 0.06135 0.03351 0.00909 0.00000 ( 1)  0.031
 120 K   0.14377 0.14315 0.14070 0.13510 0.12517 0.11008 0.08960 0.06449 0.03691 0.01104 0.00000 ( 1)  0.033
 121 Y   0.13916 0.13865 0.13659 0.13187 0.12344 0.11045 0.09242 0.06951 0.04286 0.01504 0.00000 ( 1)  0.036
 122 N   0.00000 0.00002 0.00044 0.00343 0.01543 0.04881 0.11843 0.22617 0.32564 0.26164 0.00000 ( 9)  0.196
 123 V   0.15030 0.14952 0.14644 0.13943 0.12716 0.10889 0.08496 0.05718 0.02924 0.00689 0.00000 ( 1)  0.029
 124 W   0.14887 0.14813 0.14519 0.13851 0.12678 0.10923 0.08604 0.05879 0.03082 0.00765 0.00000 ( 1)  0.030
 125 Q   0.14882 0.14809 0.14515 0.13848 0.12676 0.10923 0.08607 0.05884 0.03088 0.00769 0.00000 ( 1)  0.030
 126 K   0.14428 0.14365 0.14116 0.13545 0.12535 0.11002 0.08926 0.06392 0.03627 0.01064 0.00000 ( 1)  0.033
 127 K   0.14462 0.14398 0.14145 0.13568 0.12547 0.10997 0.08904 0.06355 0.03585 0.01039 0.00000 ( 1)  0.032
 128 S   0.15405 0.15317 0.14968 0.14179 0.12807 0.10790 0.08202 0.05296 0.02524 0.00512 0.00000 ( 1)  0.027
 129 S   0.00010 0.00290 0.01395 0.03834 0.07864 0.13213 0.18789 0.22450 0.21056 0.11100 0.00000 ( 8)  0.127
 130 Q   0.14882 0.14809 0.14515 0.13848 0.12676 0.10923 0.08607 0.05884 0.03088 0.00769 0.00000 ( 1)  0.030
 131 R   0.14618 0.14551 0.14281 0.13667 0.12584 0.10955 0.08779 0.06175 0.03417 0.00972 0.00000 ( 1)  0.032
 132 L   0.00000 0.00001 0.00030 0.00241 0.01105 0.03613 0.09241 0.19197 0.31862 0.34709 0.00000 (10)  0.220
 133 Q   0.14850 0.14777 0.14487 0.13826 0.12666 0.10929 0.08630 0.05920 0.03126 0.00789 0.00000 ( 1)  0.030
 134 R   0.14537 0.14472 0.14210 0.13613 0.12560 0.10970 0.08837 0.06266 0.03511 0.01023 0.00000 ( 1)  0.032
 135 E   0.00000 0.00002 0.00042 0.00333 0.01499 0.04758 0.11601 0.22327 0.32564 0.26874 0.00000 ( 9)  0.198
 136 V   0.00000 0.00000 0.00000 0.00011 0.00112 0.00702 0.03139 0.10820 0.29371 0.55843 0.00001 (10)  0.278
 137 P   0.00008 0.00250 0.01206 0.03336 0.06924 0.11872 0.17439 0.21955 0.22526 0.14484 0.00000 ( 9)  0.140
 138 G   0.00000 0.00001 0.00033 0.00262 0.01195 0.03873 0.09773 0.19887 0.31978 0.32997 0.00000 (10)  0.215
 139 I   0.00008 0.00243 0.01172 0.03249 0.06762 0.11647 0.17228 0.21912 0.22813 0.14965 0.00000 ( 9)  0.142
 140 L   0.00008 0.00253 0.01219 0.03371 0.06993 0.11978 0.17565 0.22041 0.22453 0.14119 0.00000 ( 9)  0.139
 141 R   0.00009 0.00273 0.01314 0.03622 0.07462 0.12639 0.18209 0.22232 0.21680 0.12560 0.00000 ( 8)  0.133
 142 A   0.13767 0.13718 0.13523 0.13074 0.12272 0.11033 0.09307 0.07101 0.04501 0.01702 0.00000 ( 1)  0.038
 143 R   0.14557 0.14491 0.14228 0.13628 0.12568 0.10970 0.08826 0.06245 0.03485 0.01003 0.00000 ( 1)  0.032
 144 R   0.00000 0.00000 0.00000 0.00000 0.00000 0.00009 0.00131 0.01343 0.11156 0.87335 0.00026 (10)  0.345
 145 Y   0.13843 0.13793 0.13593 0.13135 0.12314 0.11047 0.09283 0.07030 0.04385 0.01577 0.00000 ( 1)  0.037
 146 R   0.14463 0.14399 0.14144 0.13562 0.12535 0.10980 0.08886 0.06348 0.03604 0.01080 0.00000 ( 1)  0.033
 147 W   0.14727 0.14657 0.14379 0.13746 0.12631 0.10954 0.08719 0.06058 0.03268 0.00862 0.00000 ( 1)  0.031
 148 Q   0.14217 0.14159 0.13927 0.13398 0.12458 0.11021 0.09058 0.06624 0.03897 0.01242 0.00000 ( 1)  0.034
 149 A   0.00000 0.00001 0.00035 0.00273 0.01242 0.04010 0.10059 0.20280 0.32095 0.32005 0.00000 ( 9)  0.212
 150 E   0.00012 0.00366 0.01752 0.04762 0.09554 0.15469 0.20731 0.22543 0.18037 0.06774 0.00000 ( 8)  0.108
 151 G   0.15167 0.15086 0.14761 0.14025 0.12740 0.10841 0.08378 0.05562 0.02793 0.00647 0.00000 ( 1)  0.028
 152 L   0.00000 0.00001 0.00028 0.00226 0.01039 0.03417 0.08823 0.18598 0.31629 0.36239 0.00000 (10)  0.224
 153 Q   0.00000 0.00001 0.00016 0.00130 0.00614 0.02115 0.05875 0.13896 0.28604 0.48747 0.00002 (10)  0.256
 154 A   0.00010 0.00292 0.01407 0.03865 0.07918 0.13279 0.18831 0.22419 0.20940 0.11038 0.00000 ( 8)  0.127
 155 A   0.00000 0.00001 0.00021 0.00171 0.00797 0.02683 0.07182 0.16045 0.30139 0.42960 0.00001 (10)  0.241
 156 E   0.00011 0.00329 0.01577 0.04310 0.08739 0.14405 0.19865 0.22604 0.19525 0.08634 0.00000 ( 8)  0.117
 157 E   0.13385 0.13344 0.13179 0.12799 0.12113 0.11041 0.09517 0.07507 0.05018 0.02098 0.00000 ( 1)  0.041
 158 A   0.14409 0.14347 0.14097 0.13527 0.12519 0.10990 0.08925 0.06408 0.03665 0.01112 0.00000 ( 1)  0.033
 159 R   0.00000 0.00001 0.00028 0.00224 0.01033 0.03401 0.08788 0.18552 0.31618 0.36354 0.00000 (10)  0.224
 160 A   0.00000 0.00000 0.00000 0.00009 0.00096 0.00604 0.02748 0.09744 0.27776 0.59020 0.00002 (10)  0.285
 161 M   0.00007 0.00225 0.01086 0.03019 0.06317 0.10979 0.16482 0.21483 0.23369 0.17032 0.00000 ( 9)  0.150
 162 H   0.13894 0.13843 0.13639 0.13171 0.12335 0.11045 0.09254 0.06975 0.04317 0.01528 0.00000 ( 1)  0.037
 163 R   0.13245 0.13206 0.13049 0.12688 0.12037 0.11016 0.09563 0.07636 0.05228 0.02332 0.00000 ( 1)  0.042
 164 P   0.14268 0.14209 0.13972 0.13431 0.12470 0.11008 0.09017 0.06564 0.03841 0.01221 0.00000 ( 1)  0.034
 165 L   0.00009 0.00277 0.01332 0.03671 0.07561 0.12793 0.18393 0.22359 0.21570 0.12034 0.00000 ( 8)  0.131
 166 I   0.00000 0.00000 0.00000 0.00005 0.00055 0.00366 0.01786 0.07048 0.23636 0.67099 0.00004 (10)  0.303
 167 S   0.00000 0.00000 0.00000 0.00009 0.00093 0.00589 0.02691 0.09599 0.27603 0.59413 0.00002 (10)  0.286
 168 L   0.00008 0.00247 0.01190 0.03295 0.06848 0.11765 0.17336 0.21928 0.22655 0.14729 0.00000 ( 9)  0.141
 169 P   0.00010 0.00297 0.01430 0.03925 0.08029 0.13433 0.18974 0.22448 0.20750 0.10704 0.00000 ( 8)  0.125
 170 S   0.00011 0.00321 0.01543 0.04222 0.08580 0.14195 0.19690 0.22609 0.19816 0.09013 0.00000 ( 8)  0.118
 171 Q   0.00000 0.00001 0.00030 0.00239 0.01097 0.03591 0.09199 0.19150 0.31873 0.34820 0.00000 (10)  0.220
 172 R   0.00009 0.00278 0.01340 0.03688 0.07584 0.12804 0.18354 0.22245 0.21460 0.12237 0.00000 ( 8)  0.131
 173 -   0.10000 0.10000 0.10000 0.10000 0.10000 0.10000 0.10000 0.10000 0.10000 0.10000 0.00001 ( 4)  0.081
 174 P   0.12933 0.12899 0.12764 0.12453 0.11888 0.10995 0.09703 0.07949 0.05673 0.02745 0.00000 ( 1)  0.045
 175 A   0.00008 0.00236 0.01138 0.03156 0.06582 0.11374 0.16917 0.21722 0.23027 0.15841 0.00000 ( 9)  0.145
 176 P   0.00000 0.00000 0.00000 0.00007 0.00068 0.00438 0.02065 0.07773 0.24536 0.65108 0.00005 (10)  0.298
 177 R   0.00005 0.00140 0.00683 0.01930 0.04165 0.07625 0.12437 0.18499 0.25131 0.29385 0.00001 (10)  0.191
 178 A   0.13498 0.13454 0.13280 0.12880 0.12160 0.11038 0.09455 0.07387 0.04865 0.01984 0.00000 ( 1)  0.040
 179 S   0.00000 0.00001 0.00023 0.00183 0.00852 0.02853 0.07576 0.16699 0.30618 0.41194 0.00001 (10)  0.237
 180 P   0.00007 0.00211 0.01022 0.02847 0.05985 0.10484 0.15937 0.21181 0.23798 0.18528 0.00000 ( 9)  0.155
 181 E   0.00006 0.00176 0.00853 0.02393 0.05097 0.09129 0.14371 0.20170 0.24767 0.23038 0.00000 ( 9)  0.170
 182 A   0.00000 0.00000 0.00000 0.00000 0.00005 0.00060 0.00498 0.03154 0.16617 0.79652 0.00013 (10)  0.330
 183 T   0.00000 0.00001 0.00017 0.00139 0.00654 0.02236 0.06145 0.14312 0.28829 0.47665 0.00002 (10)  0.253
 184 G   0.13966 0.13913 0.13702 0.13219 0.12357 0.11033 0.09203 0.06893 0.04230 0.01484 0.00000 ( 1)  0.036
 185 P   0.00000 0.00001 0.00021 0.00169 0.00791 0.02663 0.07138 0.15976 0.30096 0.43142 0.00001 (10)  0.242
 186 Q   0.13957 0.13904 0.13695 0.13216 0.12360 0.11042 0.09217 0.06907 0.04234 0.01469 0.00000 ( 1)  0.036
 187 E   0.00005 0.00153 0.00742 0.02091 0.04491 0.08157 0.13136 0.19135 0.25073 0.27019 0.00001 (10)  0.183

Positively selected sites

	Prob(w>1)  mean w



lnL = -3135.608061

Bayes Empirical Bayes (BEB) probabilities for 11 classes (class) & postmean_w
(amino acids refer to 1st sequence: Gallus_gallus)

   1 M   0.96271 0.02745 0.00686 0.00203 0.00064 0.00021 0.00007 0.00002 0.00001 0.00000 0.00000 ( 1)  0.055 +-  0.030
   2 C   0.83714 0.08401 0.04112 0.02001 0.00961 0.00454 0.00209 0.00092 0.00037 0.00011 0.00006 ( 1)  0.081 +-  0.088
   3 A   0.60329 0.15530 0.10918 0.06461 0.03492 0.01777 0.00859 0.00392 0.00162 0.00049 0.00030 ( 1)  0.140 +-  0.144
   4 A   0.96381 0.02675 0.00658 0.00194 0.00062 0.00021 0.00007 0.00002 0.00001 0.00000 0.00000 ( 1)  0.055 +-  0.030
   5 R   0.96560 0.02572 0.00611 0.00175 0.00055 0.00018 0.00006 0.00002 0.00001 0.00000 0.00000 ( 1)  0.055 +-  0.028
   6 Q   0.58493 0.15466 0.11231 0.06903 0.03895 0.02080 0.01060 0.00511 0.00224 0.00073 0.00065 ( 1)  0.148 +-  0.154
   7 I   0.20518 0.16392 0.19718 0.16635 0.11675 0.07272 0.04125 0.02134 0.00974 0.00316 0.00241 ( 1)  0.293 +-  0.204
   8 L   0.95757 0.03000 0.00826 0.00269 0.00095 0.00034 0.00013 0.00005 0.00002 0.00000 0.00000 ( 1)  0.056 +-  0.034
   9 L   0.95838 0.02960 0.00804 0.00259 0.00090 0.00032 0.00012 0.00004 0.00001 0.00000 0.00000 ( 1)  0.056 +-  0.033
  10 L   0.95627 0.03061 0.00861 0.00287 0.00103 0.00038 0.00014 0.00005 0.00002 0.00000 0.00000 ( 1)  0.056 +-  0.035
  11 L   0.95926 0.02917 0.00780 0.00247 0.00084 0.00030 0.00011 0.00004 0.00001 0.00000 0.00000 ( 1)  0.056 +-  0.033
  12 L   0.95864 0.02948 0.00797 0.00255 0.00088 0.00031 0.00011 0.00004 0.00001 0.00000 0.00000 ( 1)  0.056 +-  0.033
  13 A   0.95120 0.03282 0.00999 0.00362 0.00142 0.00058 0.00024 0.00010 0.00004 0.00001 0.00001 ( 1)  0.057 +-  0.039
  14 F   0.95399 0.03172 0.00924 0.00318 0.00117 0.00044 0.00017 0.00006 0.00002 0.00001 0.00000 ( 1)  0.057 +-  0.037
  15 L   0.95844 0.02957 0.00802 0.00258 0.00089 0.00032 0.00012 0.00004 0.00001 0.00000 0.00000 ( 1)  0.056 +-  0.033
  16 A   0.87191 0.07435 0.03122 0.01316 0.00553 0.00231 0.00095 0.00038 0.00014 0.00004 0.00002 ( 1)  0.072 +-  0.070
  17 Y   0.48974 0.15374 0.13060 0.09250 0.05927 0.03542 0.01991 0.01045 0.00493 0.00169 0.00175 ( 1)  0.188 +-  0.187
  18 A   0.96351 0.02690 0.00666 0.00198 0.00064 0.00021 0.00007 0.00003 0.00001 0.00000 0.00000 ( 1)  0.055 +-  0.030
  19 L   0.84026 0.08323 0.04025 0.01938 0.00922 0.00431 0.00197 0.00087 0.00035 0.00011 0.00006 ( 1)  0.080 +-  0.086
  20 D   0.95657 0.03048 0.00853 0.00283 0.00101 0.00037 0.00014 0.00005 0.00002 0.00000 0.00000 ( 1)  0.056 +-  0.035
  21 S   0.52851 0.15590 0.12470 0.08334 0.05050 0.02860 0.01528 0.00764 0.00344 0.00113 0.00095 ( 1)  0.170 +-  0.171
  22 A   0.95177 0.03258 0.00984 0.00353 0.00137 0.00055 0.00022 0.00009 0.00003 0.00001 0.00000 ( 1)  0.057 +-  0.039
  23 A   0.96244 0.02747 0.00695 0.00210 0.00069 0.00023 0.00008 0.00003 0.00001 0.00000 0.00000 ( 1)  0.055 +-  0.031
  24 A   0.96275 0.02731 0.00686 0.00206 0.00067 0.00023 0.00008 0.00003 0.00001 0.00000 0.00000 ( 1)  0.055 +-  0.030
  25 Y   0.94990 0.03350 0.01035 0.00378 0.00148 0.00060 0.00024 0.00010 0.00004 0.00001 0.00000 ( 1)  0.058 +-  0.040
  26 G   0.96450 0.02636 0.00640 0.00186 0.00059 0.00019 0.00007 0.00002 0.00001 0.00000 0.00000 ( 1)  0.055 +-  0.029
  27 T   0.96342 0.02702 0.00668 0.00196 0.00062 0.00020 0.00007 0.00002 0.00001 0.00000 0.00000 ( 1)  0.055 +-  0.030
  28 A   0.96240 0.02751 0.00696 0.00210 0.00069 0.00023 0.00008 0.00003 0.00001 0.00000 0.00000 ( 1)  0.055 +-  0.031
  29 E   0.97076 0.02287 0.00476 0.00118 0.00032 0.00009 0.00002 0.00001 0.00000 0.00000 0.00000 ( 1)  0.054 +-  0.024
  30 T   0.96280 0.02736 0.00684 0.00203 0.00065 0.00022 0.00007 0.00002 0.00001 0.00000 0.00000 ( 1)  0.055 +-  0.030
  31 L   0.96212 0.02772 0.00702 0.00211 0.00068 0.00023 0.00008 0.00003 0.00001 0.00000 0.00000 ( 1)  0.055 +-  0.031
  32 C   0.96608 0.02559 0.00597 0.00165 0.00049 0.00015 0.00005 0.00001 0.00000 0.00000 0.00000 ( 1)  0.055 +-  0.028
  33 G   0.96122 0.02807 0.00728 0.00226 0.00076 0.00027 0.00010 0.00003 0.00001 0.00000 0.00000 ( 1)  0.055 +-  0.032
  34 G   0.96589 0.02561 0.00603 0.00170 0.00052 0.00017 0.00005 0.00002 0.00001 0.00000 0.00000 ( 1)  0.055 +-  0.028
  35 E   0.97038 0.02309 0.00485 0.00121 0.00033 0.00009 0.00003 0.00001 0.00000 0.00000 0.00000 ( 1)  0.054 +-  0.025
  36 L   0.95917 0.02920 0.00782 0.00249 0.00085 0.00030 0.00011 0.00004 0.00001 0.00000 0.00000 ( 1)  0.056 +-  0.033
  37 V   0.96528 0.02602 0.00618 0.00175 0.00053 0.00017 0.00005 0.00002 0.00001 0.00000 0.00000 ( 1)  0.055 +-  0.028
  38 D   0.97052 0.02302 0.00482 0.00120 0.00032 0.00009 0.00003 0.00001 0.00000 0.00000 0.00000 ( 1)  0.054 +-  0.025
  39 T   0.96490 0.02622 0.00628 0.00179 0.00055 0.00018 0.00006 0.00002 0.00001 0.00000 0.00000 ( 1)  0.055 +-  0.029
  40 L   0.95838 0.02960 0.00804 0.00259 0.00090 0.00032 0.00012 0.00004 0.00001 0.00000 0.00000 ( 1)  0.056 +-  0.033
  41 Q   0.96422 0.02660 0.00646 0.00186 0.00058 0.00019 0.00006 0.00002 0.00001 0.00000 0.00000 ( 1)  0.055 +-  0.029
  42 F   0.95217 0.03253 0.00973 0.00344 0.00130 0.00051 0.00020 0.00008 0.00003 0.00001 0.00000 ( 1)  0.057 +-  0.038
  43 V   0.96429 0.02657 0.00644 0.00185 0.00058 0.00019 0.00006 0.00002 0.00001 0.00000 0.00000 ( 1)  0.055 +-  0.029
  44 C   0.96590 0.02569 0.00601 0.00167 0.00050 0.00016 0.00005 0.00002 0.00000 0.00000 0.00000 ( 1)  0.055 +-  0.028
  45 G   0.96661 0.02519 0.00584 0.00163 0.00049 0.00016 0.00005 0.00002 0.00001 0.00000 0.00000 ( 1)  0.054 +-  0.028
  46 D   0.97047 0.02305 0.00483 0.00120 0.00032 0.00009 0.00003 0.00001 0.00000 0.00000 0.00000 ( 1)  0.054 +-  0.025
  47 R   0.96486 0.02606 0.00632 0.00185 0.00060 0.00020 0.00007 0.00002 0.00001 0.00000 0.00000 ( 1)  0.055 +-  0.029
  48 G   0.96450 0.02636 0.00640 0.00186 0.00059 0.00019 0.00007 0.00002 0.00001 0.00000 0.00000 ( 1)  0.055 +-  0.029
  49 F   0.95399 0.03172 0.00924 0.00318 0.00117 0.00044 0.00017 0.00006 0.00002 0.00001 0.00000 ( 1)  0.057 +-  0.037
  50 Y   0.95323 0.03206 0.00944 0.00329 0.00123 0.00047 0.00018 0.00007 0.00002 0.00001 0.00000 ( 1)  0.057 +-  0.037
  51 F   0.95399 0.03172 0.00924 0.00318 0.00117 0.00044 0.00017 0.00006 0.00002 0.00001 0.00000 ( 1)  0.057 +-  0.037
  52 S   0.94659 0.03488 0.01125 0.00428 0.00175 0.00074 0.00031 0.00013 0.00005 0.00001 0.00001 ( 1)  0.058 +-  0.043
  53 R   0.95387 0.03162 0.00927 0.00324 0.00122 0.00048 0.00019 0.00008 0.00003 0.00001 0.00000 ( 1)  0.057 +-  0.037
  54 P   0.95439 0.03143 0.00912 0.00315 0.00117 0.00045 0.00018 0.00007 0.00002 0.00001 0.00000 ( 1)  0.057 +-  0.037
  55 V   0.96809 0.02444 0.00544 0.00144 0.00041 0.00012 0.00004 0.00001 0.00000 0.00000 0.00000 ( 1)  0.054 +-  0.026
  56 G   0.94857 0.03393 0.01070 0.00401 0.00162 0.00068 0.00029 0.00012 0.00005 0.00001 0.00001 ( 1)  0.058 +-  0.041
  57 R   0.92094 0.04317 0.01773 0.00860 0.00447 0.00240 0.00129 0.00068 0.00034 0.00013 0.00024 ( 1)  0.065 +-  0.068
  58 N   0.93477 0.03922 0.01438 0.00622 0.00288 0.00137 0.00065 0.00031 0.00013 0.00004 0.00004 ( 1)  0.061 +-  0.053
  59 N   0.96175 0.02794 0.00712 0.00215 0.00069 0.00023 0.00008 0.00003 0.00001 0.00000 0.00000 ( 1)  0.055 +-  0.031
  60 R   0.96547 0.02580 0.00615 0.00176 0.00055 0.00018 0.00006 0.00002 0.00001 0.00000 0.00000 ( 1)  0.055 +-  0.028
  61 R   0.96560 0.02574 0.00611 0.00174 0.00054 0.00018 0.00006 0.00002 0.00001 0.00000 0.00000 ( 1)  0.055 +-  0.028
  62 I   0.85327 0.08026 0.03675 0.01670 0.00747 0.00328 0.00140 0.00057 0.00021 0.00006 0.00002 ( 1)  0.077 +-  0.078
  63 N   0.96136 0.02814 0.00723 0.00219 0.00072 0.00024 0.00008 0.00003 0.00001 0.00000 0.00000 ( 1)  0.055 +-  0.031
  64 R   0.96144 0.02797 0.00722 0.00223 0.00075 0.00026 0.00009 0.00003 0.00001 0.00000 0.00000 ( 1)  0.055 +-  0.031
  65 G   0.96581 0.02566 0.00605 0.00171 0.00052 0.00017 0.00005 0.00002 0.00001 0.00000 0.00000 ( 1)  0.055 +-  0.028
  66 I   0.95470 0.03137 0.00904 0.00308 0.00113 0.00043 0.00016 0.00006 0.00002 0.00001 0.00000 ( 1)  0.057 +-  0.036
  67 V   0.96809 0.02444 0.00544 0.00144 0.00041 0.00012 0.00004 0.00001 0.00000 0.00000 0.00000 ( 1)  0.054 +-  0.026
  68 E   0.97146 0.02245 0.00458 0.00111 0.00029 0.00008 0.00002 0.00001 0.00000 0.00000 0.00000 ( 1)  0.054 +-  0.024
  69 E   0.97230 0.02193 0.00437 0.00104 0.00027 0.00007 0.00002 0.00001 0.00000 0.00000 0.00000 ( 1)  0.054 +-  0.023
  70 C   0.96884 0.02402 0.00524 0.00136 0.00038 0.00011 0.00003 0.00001 0.00000 0.00000 0.00000 ( 1)  0.054 +-  0.026
  71 C   0.96884 0.02402 0.00524 0.00136 0.00038 0.00011 0.00003 0.00001 0.00000 0.00000 0.00000 ( 1)  0.054 +-  0.026
  72 F   0.93273 0.03988 0.01490 0.00656 0.00309 0.00150 0.00073 0.00035 0.00015 0.00005 0.00005 ( 1)  0.062 +-  0.055
  73 R   0.96305 0.02712 0.00679 0.00204 0.00066 0.00023 0.00008 0.00003 0.00001 0.00000 0.00000 ( 1)  0.055 +-  0.030
  74 S   0.97206 0.02208 0.00443 0.00106 0.00027 0.00007 0.00002 0.00001 0.00000 0.00000 0.00000 ( 1)  0.054 +-  0.024
  75 C   0.96540 0.02596 0.00615 0.00173 0.00052 0.00016 0.00005 0.00002 0.00000 0.00000 0.00000 ( 1)  0.055 +-  0.028
  76 D   0.97206 0.02208 0.00443 0.00106 0.00027 0.00007 0.00002 0.00001 0.00000 0.00000 0.00000 ( 1)  0.054 +-  0.024
  77 L   0.96022 0.02869 0.00754 0.00235 0.00079 0.00027 0.00010 0.00003 0.00001 0.00000 0.00000 ( 1)  0.056 +-  0.032
  78 A   0.93533 0.03893 0.01421 0.00613 0.00284 0.00136 0.00066 0.00031 0.00014 0.00005 0.00005 ( 1)  0.061 +-  0.053
  79 L   0.96096 0.02831 0.00734 0.00226 0.00075 0.00026 0.00009 0.00003 0.00001 0.00000 0.00000 ( 1)  0.055 +-  0.031
  80 L   0.96037 0.02862 0.00750 0.00233 0.00078 0.00027 0.00009 0.00003 0.00001 0.00000 0.00000 ( 1)  0.056 +-  0.032
  81 E   0.95172 0.03271 0.00986 0.00351 0.00134 0.00053 0.00021 0.00008 0.00003 0.00001 0.00000 ( 1)  0.057 +-  0.038
  82 T   0.96393 0.02675 0.00654 0.00190 0.00059 0.00019 0.00006 0.00002 0.00001 0.00000 0.00000 ( 1)  0.055 +-  0.029
  83 Y   0.95551 0.03101 0.00882 0.00296 0.00107 0.00040 0.00015 0.00005 0.00002 0.00000 0.00000 ( 1)  0.057 +-  0.035
  84 C   0.96609 0.02558 0.00597 0.00165 0.00049 0.00015 0.00005 0.00001 0.00000 0.00000 0.00000 ( 1)  0.055 +-  0.028
  85 A   0.96401 0.02665 0.00653 0.00191 0.00061 0.00020 0.00007 0.00002 0.00001 0.00000 0.00000 ( 1)  0.055 +-  0.029
  86 K   0.95959 0.02903 0.00771 0.00242 0.00082 0.00028 0.00010 0.00003 0.00001 0.00000 0.00000 ( 1)  0.056 +-  0.032
  87 S   0.96106 0.02827 0.00731 0.00224 0.00074 0.00025 0.00009 0.00003 0.00001 0.00000 0.00000 ( 1)  0.055 +-  0.031
  88 V   0.96596 0.02565 0.00600 0.00167 0.00050 0.00015 0.00005 0.00002 0.00000 0.00000 0.00000 ( 1)  0.055 +-  0.028
  89 K   0.96165 0.02799 0.00715 0.00216 0.00070 0.00023 0.00008 0.00003 0.00001 0.00000 0.00000 ( 1)  0.055 +-  0.031
  90 S   0.95889 0.02934 0.00790 0.00252 0.00087 0.00031 0.00011 0.00004 0.00001 0.00000 0.00000 ( 1)  0.056 +-  0.033
  91 E   0.96837 0.02428 0.00537 0.00141 0.00040 0.00012 0.00004 0.00001 0.00000 0.00000 0.00000 ( 1)  0.054 +-  0.026
  92 R   0.94130 0.03677 0.01264 0.00516 0.00227 0.00103 0.00048 0.00022 0.00009 0.00003 0.00003 ( 1)  0.060 +-  0.048
  93 D   0.97206 0.02208 0.00443 0.00106 0.00027 0.00007 0.00002 0.00001 0.00000 0.00000 0.00000 ( 1)  0.054 +-  0.024
  94 L   0.87739 0.07302 0.02970 0.01204 0.00483 0.00191 0.00074 0.00027 0.00009 0.00002 0.00001 ( 1)  0.070 +-  0.066
  95 S   0.95926 0.02916 0.00780 0.00247 0.00084 0.00030 0.00011 0.00004 0.00001 0.00000 0.00000 ( 1)  0.056 +-  0.033
  96 A   0.87452 0.07362 0.03048 0.01265 0.00523 0.00214 0.00086 0.00034 0.00012 0.00003 0.00001 ( 1)  0.071 +-  0.068
  97 T   0.96588 0.02568 0.00602 0.00168 0.00051 0.00016 0.00005 0.00002 0.00000 0.00000 0.00000 ( 1)  0.055 +-  0.028
  98 S   0.96362 0.02693 0.00662 0.00193 0.00061 0.00020 0.00006 0.00002 0.00001 0.00000 0.00000 ( 1)  0.055 +-  0.029
  99 L   0.96088 0.02835 0.00736 0.00227 0.00075 0.00026 0.00009 0.00003 0.00001 0.00000 0.00000 ( 1)  0.056 +-  0.032
 100 A   0.00004 0.00263 0.02250 0.06775 0.12144 0.15867 0.16587 0.14421 0.10291 0.04856 0.16543 ( 7)  0.773 +-  0.375
 101 G   0.88292 0.07086 0.02799 0.01110 0.00438 0.00172 0.00066 0.00025 0.00009 0.00002 0.00001 ( 1)  0.069 +-  0.064
 102 L   0.86659 0.07634 0.03287 0.01410 0.00598 0.00250 0.00102 0.00040 0.00014 0.00004 0.00001 ( 1)  0.073 +-  0.071
 103 P   0.95796 0.02971 0.00815 0.00267 0.00095 0.00035 0.00013 0.00005 0.00002 0.00000 0.00000 ( 1)  0.056 +-  0.034
 104 A   0.94909 0.03376 0.01056 0.00392 0.00157 0.00065 0.00027 0.00011 0.00004 0.00001 0.00001 ( 1)  0.058 +-  0.041
 105 L   0.87508 0.07377 0.03038 0.01247 0.00506 0.00202 0.00079 0.00030 0.00010 0.00003 0.00001 ( 1)  0.071 +-  0.067
 106 N   0.26725 0.18899 0.20145 0.15077 0.09399 0.05208 0.02632 0.01215 0.00496 0.00145 0.00060 ( 1)  0.248 +-  0.182
 107 K   0.96177 0.02793 0.00711 0.00214 0.00069 0.00023 0.00008 0.00003 0.00001 0.00000 0.00000 ( 1)  0.055 +-  0.031
 108 E   0.65900 0.15260 0.09592 0.05044 0.02408 0.01076 0.00454 0.00180 0.00064 0.00017 0.00004 ( 1)  0.119 +-  0.122
 109 S   0.89032 0.06856 0.02582 0.00969 0.00360 0.00132 0.00047 0.00016 0.00005 0.00001 0.00000 ( 1)  0.067 +-  0.059
 110 F   0.82584 0.08660 0.04418 0.02235 0.01113 0.00543 0.00258 0.00117 0.00049 0.00015 0.00009 ( 1)  0.084 +-  0.093
 111 Q   0.95902 0.02930 0.00786 0.00250 0.00085 0.00030 0.00011 0.00004 0.00001 0.00000 0.00000 ( 1)  0.056 +-  0.033
 112 K   0.95675 0.03043 0.00848 0.00279 0.00099 0.00036 0.00013 0.00005 0.00002 0.00000 0.00000 ( 1)  0.056 +-  0.034
 113 P   0.95346 0.03185 0.00938 0.00328 0.00124 0.00048 0.00019 0.00008 0.00003 0.00001 0.00000 ( 1)  0.057 +-  0.037
 114 S   0.95129 0.03285 0.00997 0.00359 0.00139 0.00056 0.00022 0.00009 0.00003 0.00001 0.00000 ( 1)  0.057 +-  0.039
 115 H   0.96179 0.02789 0.00711 0.00215 0.00070 0.00024 0.00008 0.00003 0.00001 0.00000 0.00000 ( 1)  0.055 +-  0.031
 116 A   0.57461 0.15595 0.11543 0.07181 0.04074 0.02173 0.01099 0.00523 0.00226 0.00071 0.00053 ( 1)  0.151 +-  0.155
 117 K   0.95632 0.03063 0.00860 0.00285 0.00101 0.00037 0.00014 0.00005 0.00002 0.00000 0.00000 ( 1)  0.056 +-  0.035
 118 Y   0.94976 0.03357 0.01039 0.00380 0.00149 0.00060 0.00024 0.00010 0.00004 0.00001 0.00000 ( 1)  0.058 +-  0.040
 119 S   0.95911 0.02926 0.00784 0.00249 0.00085 0.00030 0.00011 0.00004 0.00001 0.00000 0.00000 ( 1)  0.056 +-  0.033
 120 K   0.95564 0.03095 0.00878 0.00295 0.00106 0.00039 0.00015 0.00005 0.00002 0.00000 0.00000 ( 1)  0.057 +-  0.035
 121 Y   0.94932 0.03376 0.01051 0.00386 0.00152 0.00062 0.00025 0.00010 0.00004 0.00001 0.00000 ( 1)  0.058 +-  0.040
 122 N   0.63288 0.15473 0.10275 0.05713 0.02886 0.01366 0.00611 0.00256 0.00097 0.00027 0.00009 ( 1)  0.128 +-  0.131
 123 V   0.96340 0.02705 0.00668 0.00196 0.00062 0.00020 0.00007 0.00002 0.00001 0.00000 0.00000 ( 1)  0.055 +-  0.030
 124 W   0.96184 0.02789 0.00710 0.00214 0.00069 0.00023 0.00008 0.00003 0.00001 0.00000 0.00000 ( 1)  0.055 +-  0.031
 125 Q   0.96176 0.02792 0.00712 0.00215 0.00070 0.00023 0.00008 0.00003 0.00001 0.00000 0.00000 ( 1)  0.055 +-  0.031
 126 K   0.95631 0.03064 0.00860 0.00285 0.00102 0.00037 0.00014 0.00005 0.00002 0.00000 0.00000 ( 1)  0.056 +-  0.035
 127 K   0.95675 0.03043 0.00848 0.00279 0.00099 0.00036 0.00013 0.00005 0.00002 0.00000 0.00000 ( 1)  0.056 +-  0.034
 128 S   0.96738 0.02487 0.00563 0.00151 0.00044 0.00013 0.00004 0.00001 0.00000 0.00000 0.00000 ( 1)  0.054 +-  0.027
 129 S   0.85607 0.07933 0.03590 0.01617 0.00719 0.00315 0.00135 0.00055 0.00021 0.00006 0.00002 ( 1)  0.076 +-  0.077
 130 Q   0.96176 0.02792 0.00712 0.00215 0.00070 0.00023 0.00008 0.00003 0.00001 0.00000 0.00000 ( 1)  0.055 +-  0.031
 131 R   0.95821 0.02958 0.00809 0.00264 0.00094 0.00035 0.00013 0.00005 0.00002 0.00000 0.00000 ( 1)  0.056 +-  0.034
 132 L   0.53478 0.15628 0.12379 0.08189 0.04909 0.02749 0.01451 0.00716 0.00318 0.00103 0.00079 ( 1)  0.167 +-  0.168
 133 Q   0.96138 0.02811 0.00722 0.00220 0.00072 0.00024 0.00008 0.00003 0.00001 0.00000 0.00000 ( 1)  0.055 +-  0.031
 134 R   0.95727 0.03005 0.00834 0.00276 0.00099 0.00037 0.00014 0.00005 0.00002 0.00001 0.00000 ( 1)  0.056 +-  0.035
 135 E   0.62499 0.15533 0.10479 0.05915 0.03032 0.01455 0.00659 0.00280 0.00107 0.00030 0.00011 ( 1)  0.131 +-  0.134
 136 V   0.18377 0.15330 0.19261 0.16977 0.12453 0.08109 0.04809 0.02602 0.01242 0.00421 0.00418 ( 3)  0.312 +-  0.215
 137 P   0.82794 0.08576 0.04344 0.02193 0.01095 0.00539 0.00259 0.00120 0.00051 0.00016 0.00012 ( 1)  0.084 +-  0.094
 138 G   0.55608 0.15565 0.11887 0.07633 0.04471 0.02463 0.01287 0.00633 0.00282 0.00092 0.00081 ( 1)  0.159 +-  0.163
 139 I   0.82335 0.08711 0.04483 0.02287 0.01148 0.00565 0.00270 0.00123 0.00052 0.00016 0.00010 ( 1)  0.085 +-  0.095
 140 L   0.83075 0.08543 0.04283 0.02133 0.01048 0.00506 0.00238 0.00107 0.00044 0.00014 0.00008 ( 1)  0.083 +-  0.091
 141 R   0.84439 0.08197 0.03901 0.01856 0.00877 0.00409 0.00187 0.00083 0.00034 0.00010 0.00007 ( 1)  0.079 +-  0.084
 142 A   0.94662 0.03472 0.01123 0.00431 0.00179 0.00077 0.00033 0.00014 0.00006 0.00002 0.00001 ( 1)  0.058 +-  0.043
 143 R   0.95759 0.02992 0.00826 0.00271 0.00096 0.00036 0.00013 0.00005 0.00002 0.00000 0.00000 ( 1)  0.056 +-  0.034
 144 R   0.00206 0.01657 0.06215 0.11579 0.15191 0.16030 0.14433 0.11307 0.07518 0.03402 0.12462 ( 6)  0.680 +-  0.370
 145 Y   0.94824 0.03421 0.01081 0.00403 0.00161 0.00066 0.00027 0.00011 0.00004 0.00001 0.00001 ( 1)  0.058 +-  0.041
 146 R   0.95630 0.03051 0.00861 0.00289 0.00105 0.00040 0.00015 0.00006 0.00002 0.00001 0.00000 ( 1)  0.056 +-  0.035
 147 W   0.95996 0.02884 0.00761 0.00237 0.00080 0.00028 0.00010 0.00003 0.00001 0.00000 0.00000 ( 1)  0.056 +-  0.032
 148 Q   0.95343 0.03194 0.00939 0.00327 0.00122 0.00047 0.00018 0.00007 0.00003 0.00001 0.00000 ( 1)  0.057 +-  0.037
 149 A   0.56777 0.15580 0.11666 0.07346 0.04221 0.02282 0.01171 0.00566 0.00248 0.00080 0.00065 ( 1)  0.154 +-  0.158
 150 E   0.89249 0.06770 0.02515 0.00933 0.00343 0.00125 0.00044 0.00015 0.00005 0.00001 0.00000 ( 1)  0.067 +-  0.058
 151 G   0.96456 0.02633 0.00638 0.00185 0.00058 0.00019 0.00007 0.00002 0.00001 0.00000 0.00000 ( 1)  0.055 +-  0.029
 152 L   0.51607 0.15557 0.12695 0.08642 0.05325 0.03062 0.01658 0.00838 0.00381 0.00126 0.00108 ( 1)  0.175 +-  0.175
 153 Q   0.35048 0.13471 0.13887 0.11841 0.09070 0.06438 0.04273 0.02633 0.01448 0.00572 0.01318 ( 1)  0.275 +-  0.260
 154 A   0.85700 0.07884 0.03555 0.01602 0.00716 0.00316 0.00137 0.00057 0.00022 0.00006 0.00003 ( 1)  0.076 +-  0.077
 155 A   0.42965 0.14650 0.13536 0.10441 0.07295 0.04758 0.02922 0.01677 0.00864 0.00323 0.00570 ( 1)  0.223 +-  0.221
 156 E   0.87663 0.07323 0.02992 0.01219 0.00491 0.00195 0.00076 0.00028 0.00010 0.00003 0.00001 ( 1)  0.071 +-  0.066
 157 E   0.94098 0.03703 0.01275 0.00518 0.00226 0.00101 0.00046 0.00020 0.00008 0.00003 0.00002 ( 1)  0.060 +-  0.047
 158 A   0.95571 0.03081 0.00877 0.00297 0.00109 0.00041 0.00016 0.00006 0.00002 0.00001 0.00000 ( 1)  0.057 +-  0.036
 159 R   0.51465 0.15560 0.12729 0.08682 0.05357 0.03082 0.01668 0.00843 0.00383 0.00126 0.00105 ( 1)  0.176 +-  0.176
 160 A   0.15390 0.13627 0.18212 0.17111 0.13408 0.09349 0.05952 0.03464 0.01782 0.00652 0.01053 ( 3)  0.347 +-  0.241
 161 M   0.80569 0.08983 0.04893 0.02654 0.01423 0.00751 0.00387 0.00191 0.00087 0.00029 0.00032 ( 1)  0.091 +-  0.107
 162 H   0.94897 0.03390 0.01061 0.00392 0.00155 0.00063 0.00026 0.00010 0.00004 0.00001 0.00000 ( 1)  0.058 +-  0.041
 163 R   0.93803 0.03791 0.01349 0.00570 0.00259 0.00122 0.00058 0.00027 0.00012 0.00004 0.00004 ( 1)  0.061 +-  0.051
 164 P   0.95388 0.03166 0.00926 0.00322 0.00121 0.00047 0.00019 0.00007 0.00003 0.00001 0.00000 ( 1)  0.057 +-  0.037
 165 L   0.84810 0.08151 0.03816 0.01775 0.00814 0.00367 0.00161 0.00068 0.00026 0.00008 0.00003 ( 1)  0.078 +-  0.081
 166 I   0.08786 0.09726 0.15682 0.17297 0.15565 0.12235 0.08640 0.05498 0.03049 0.01183 0.02340 ( 4)  0.426 +-  0.272
 167 S   0.15085 0.13523 0.18250 0.17264 0.13580 0.09476 0.06017 0.03482 0.01774 0.00641 0.00908 ( 3)  0.347 +-  0.236
 168 L   0.82566 0.08637 0.04409 0.02239 0.01123 0.00554 0.00267 0.00123 0.00052 0.00017 0.00012 ( 1)  0.085 +-  0.094
 169 P   0.85981 0.07805 0.03475 0.01547 0.00684 0.00299 0.00128 0.00053 0.00020 0.00006 0.00003 ( 1)  0.075 +-  0.076
 170 S   0.87331 0.07436 0.03092 0.01279 0.00523 0.00210 0.00083 0.00031 0.00011 0.00003 0.00001 ( 1)  0.071 +-  0.068
 171 Q   0.53324 0.15652 0.12432 0.08235 0.04937 0.02761 0.01453 0.00714 0.00316 0.00102 0.00074 ( 1)  0.167 +-  0.168
 172 R   0.84743 0.08101 0.03810 0.01798 0.00845 0.00394 0.00180 0.00080 0.00033 0.00010 0.00007 ( 1)  0.079 +-  0.083
 173 -   0.80402 0.05239 0.02981 0.01997 0.01430 0.01052 0.00777 0.00560 0.00374 0.00187 0.05000 ( 1)  0.321 +-  1.223
 174 P   0.93269 0.03979 0.01488 0.00658 0.00312 0.00153 0.00075 0.00036 0.00016 0.00006 0.00007 ( 1)  0.062 +-  0.055
 175 A   0.81612 0.08814 0.04647 0.02438 0.01263 0.00644 0.00321 0.00153 0.00067 0.00022 0.00019 ( 1)  0.088 +-  0.100
 176 P   0.10050 0.10100 0.15326 0.16347 0.14537 0.11495 0.08291 0.05460 0.03169 0.01301 0.03922 ( 4)  0.438 +-  0.310
 177 R   0.67463 0.09952 0.07136 0.05069 0.03540 0.02420 0.01607 0.01018 0.00589 0.00251 0.00954 ( 1)  0.154 +-  0.218
 178 A   0.94260 0.03635 0.01231 0.00493 0.00213 0.00095 0.00043 0.00019 0.00008 0.00002 0.00002 ( 1)  0.059 +-  0.046
 179 S   0.45337 0.15020 0.13453 0.10036 0.06766 0.04250 0.02508 0.01381 0.00682 0.00244 0.00323 ( 1)  0.207 +-  0.204
 180 P   0.79209 0.09205 0.05215 0.02937 0.01631 0.00890 0.00473 0.00241 0.00113 0.00039 0.00047 ( 1)  0.096 +-  0.115
 181 E   0.74825 0.09757 0.06156 0.03833 0.02340 0.01395 0.00806 0.00444 0.00223 0.00083 0.00138 ( 1)  0.112 +-  0.143
 182 A   0.01412 0.04168 0.10275 0.14890 0.16449 0.15294 0.12487 0.09046 0.05643 0.02428 0.07907 ( 5)  0.583 +-  0.339
 183 T   0.36417 0.13558 0.13655 0.11460 0.08695 0.06148 0.04086 0.02532 0.01407 0.00564 0.01478 ( 1)  0.271 +-  0.265
 184 G   0.94974 0.03349 0.01039 0.00382 0.00151 0.00062 0.00026 0.00011 0.00004 0.00001 0.00001 ( 1)  0.058 +-  0.040
 185 P   0.42713 0.14619 0.13554 0.10488 0.07349 0.04807 0.02960 0.01703 0.00881 0.00330 0.00596 ( 1)  0.225 +-  0.222
 186 Q   0.94986 0.03352 0.01036 0.00379 0.00148 0.00060 0.00024 0.00010 0.00004 0.00001 0.00000 ( 1)  0.058 +-  0.040
 187 E   0.70482 0.09947 0.06814 0.04618 0.03073 0.02000 0.01262 0.00760 0.00417 0.00169 0.00458 ( 1)  0.134 +-  0.182

Positively selected sites

	Prob(w>1)  mean w


