

TREE # 1

  0  0.0000  23421.498427  x:  0.02239   0.07985   0.06510   0.06468   0.10714   0.03393   0.10902   0.03810   0.02670   0.09039   0.04458   0.08631   0.06154   0.09879   0.10105   0.07995   0.09096   0.05044   0.06350   0.05334   0.08045   0.03561   0.06009   0.08908   0.09212   0.08029   0.04042   0.01590   0.07266   0.07343   0.08689   0.06814   0.04871   0.07075   0.07641   0.03027   0.03416   0.03587   0.08456   0.06491   0.02923   0.05480   0.09943   0.09781   0.06588   0.03475   0.08730   0.10812   0.02929   0.07305   0.02739   0.04757   0.06020   0.05737   0.10783   2.00000   0.90000   0.96851   1.07526  
  1 99.0000  22811.290212  x:  0.00000   0.06238   0.05756   0.05938   0.08787   0.04390   0.09349   0.01755   0.11525   0.09641   0.04291   0.09485   0.04622   0.09242   0.09045   0.06573   0.09021   0.05729   0.04859   0.06738   0.05706   0.04940   0.04585   0.07014   0.07238   0.08291   0.05946   0.00465   0.09401   0.05128   0.06684   0.06447   0.06356   0.05993   0.07736   0.04068   0.06338   0.04794   0.07928   0.04135   0.01627   0.04933   0.07865   0.07861   0.04372   0.03189   0.06800   0.09376   0.04015   0.05985   0.01350   0.03127   0.04392   0.06484   0.09463   2.00727   0.91243   0.94764   1.08584  
  2 6243.1691  22521.090662  x:  0.00000   0.04867   0.05135   0.05521   0.07164   0.04556   0.08616   0.00000   0.10915   0.09120   0.03036   0.09882   0.03352   0.08829   0.08219   0.05581   0.08887   0.05928   0.03692   0.07134   0.03672   0.05122   0.03551   0.05545   0.05675   0.08443   0.06396   0.00038   0.10261   0.03252   0.05054   0.06126   0.06695   0.05288   0.07647   0.04143   0.06407   0.04971   0.07641   0.02204   0.01427   0.04712   0.06153   0.06315   0.02557   0.03162   0.05226   0.08228   0.04020   0.05138   0.01339   0.02237   0.03335   0.06716   0.08454   2.01343   0.92360   0.93092   1.09442  
  3 6714.8622  22266.956019  x:  0.00000   0.03406   0.04557   0.05172   0.05255   0.04675   0.07946   0.01299   0.10675   0.08484   0.01823   0.10152   0.02230   0.08393   0.07322   0.04570   0.08671   0.05977   0.02522   0.07327   0.01200   0.05191   0.02672   0.04004   0.03982   0.08483   0.06655   0.01145   0.10867   0.01082   0.03261   0.05759   0.06815   0.04695   0.07441   0.04133   0.06416   0.05005   0.07335   0.00000   0.01595   0.04562   0.04178   0.04576   0.00531   0.03155   0.03494   0.06959   0.03991   0.04406   0.01276   0.01887   0.02534   0.06766   0.07367   2.02102   0.93907   0.91244   1.10449  
  4 17650.5428  22193.513879  x:  0.00000   0.02879   0.04414   0.04990   0.04260   0.04649   0.07755   0.01529   0.10815   0.08074   0.01347   0.10163   0.02040   0.08206   0.06963   0.04219   0.08516   0.05897   0.02248   0.07266   0.00000   0.05142   0.02616   0.03492   0.03356   0.08432   0.06630   0.01120   0.10843   0.00123   0.02533   0.05611   0.06704   0.04592   0.07301   0.04034   0.06356   0.04933   0.07253   0.00934   0.01690   0.04579   0.03295   0.03836   0.00344   0.03192   0.02847   0.06415   0.03967   0.04335   0.01242   0.02147   0.02646   0.06674   0.06912   2.02520   0.94885   0.90368   1.10970  
  5 6520.1052  22173.110922  x:  0.00000   0.02697   0.04371   0.04919   0.03847   0.04637   0.07701   0.01592   0.10885   0.07890   0.01162   0.10155   0.02002   0.08133   0.06826   0.04099   0.08448   0.05858   0.02192   0.07233   0.00236   0.05118   0.02636   0.03323   0.03138   0.08403   0.06604   0.01086   0.10806   0.00000   0.02280   0.05559   0.06644   0.04577   0.07241   0.03989   0.06324   0.04900   0.07214   0.01098   0.01707   0.04589   0.02959   0.03559   0.00387   0.03208   0.02625   0.06205   0.03957   0.04318   0.01230   0.02248   0.02708   0.06621   0.06742   2.02700   0.95320   0.90003   1.11192  
  6 5998.2258  22086.794806  x:  0.00000   0.01625   0.04128   0.04485   0.01206   0.04568   0.07402   0.01877   0.11364   0.06683   0.00000   0.10082   0.01835   0.07675   0.05981   0.03387   0.08008   0.05599   0.01910   0.06997   0.00729   0.04946   0.02809   0.02352   0.01858   0.08214   0.06423   0.00853   0.10526   0.01259   0.00830   0.05254   0.06244   0.04544   0.06856   0.03704   0.06111   0.04688   0.06961   0.01774   0.01758   0.04648   0.00905   0.01873   0.00758   0.03307   0.01321   0.04898   0.03896   0.04222   0.01152   0.02830   0.03111   0.06263   0.05690   2.03875   0.98171   0.87652   1.12626  
  7 20435.1267  22048.380006  x:  0.00000   0.01578   0.04082   0.04352   0.00000   0.04639   0.07437   0.01766   0.11538   0.06006   0.00227   0.10012   0.01896   0.07481   0.05646   0.03215   0.07790   0.05482   0.01957   0.06854   0.00680   0.04838   0.02883   0.02282   0.01814   0.08117   0.06332   0.00801   0.10312   0.01222   0.00812   0.05156   0.06070   0.04598   0.06672   0.03634   0.05987   0.04630   0.06824   0.01588   0.01649   0.04628   0.01240   0.01687   0.00736   0.03320   0.01407   0.04421   0.03868   0.04175   0.01157   0.02853   0.03199   0.06082   0.05294   2.04539   0.99815   0.86350   1.13423  
  8 3166.1038  22044.588497  x:  0.00000   0.01589   0.04082   0.04348   0.00000   0.04658   0.07443   0.01748   0.11562   0.05944   0.00188   0.10002   0.01899   0.07463   0.05618   0.03207   0.07769   0.05472   0.01965   0.06840   0.00673   0.04829   0.02889   0.02288   0.01827   0.08107   0.06326   0.00811   0.10289   0.01211   0.00828   0.05149   0.06055   0.04605   0.06655   0.03631   0.05978   0.04625   0.06810   0.01568   0.01640   0.04624   0.01245   0.01697   0.00732   0.03318   0.01425   0.04385   0.03866   0.04172   0.01155   0.02849   0.03205   0.06067   0.05262   2.04614   0.99999   0.86204   1.13511  
  9 12879.4588  21996.423069  x:  0.00000   0.01961   0.04260   0.04593   0.00000   0.05092   0.08104   0.01316   0.11945   0.04856   0.00669   0.09584   0.01973   0.07256   0.05414   0.03642   0.07316   0.05286   0.02145   0.06523   0.00433   0.04672   0.02863   0.02794   0.02174   0.07880   0.06179   0.00753   0.09578   0.00887   0.00511   0.05103   0.05857   0.04674   0.06414   0.03644   0.05761   0.04498   0.06538   0.00915   0.01853   0.04494   0.00232   0.02468   0.00768   0.03083   0.01158   0.04655   0.03768   0.04241   0.01217   0.02517   0.03157   0.05899   0.05203   2.07232   0.99999   0.81014   1.16493  
 10 4151.0183  21951.825232  x:  0.00000   0.02071   0.04428   0.04914   0.00000   0.05430   0.08692   0.01054   0.12239   0.04305   0.00510   0.09209   0.01876   0.07172   0.05410   0.04123   0.07004   0.05188   0.02162   0.06331   0.00315   0.04617   0.02748   0.03097   0.02192   0.07718   0.06112   0.00752   0.09044   0.00741   0.00000   0.05107   0.05799   0.04658   0.06302   0.03686   0.05642   0.04393   0.06363   0.00578   0.02200   0.04408   0.00489   0.03001   0.00857   0.02861   0.00517   0.05230   0.03692   0.04331   0.01241   0.02262   0.03057   0.05882   0.05388   2.09664   0.99999   0.76134   1.19234  
 11 14052.5152  21917.159214  x:  0.00000   0.01982   0.04552   0.05194   0.00000   0.05648   0.09227   0.00872   0.12433   0.03971   0.00472   0.08888   0.01710   0.07131   0.05454   0.04543   0.06763   0.05132   0.02084   0.06208   0.00240   0.04603   0.02594   0.03213   0.01978   0.07593   0.06079   0.00731   0.08634   0.00631   0.00367   0.05134   0.05812   0.04610   0.06245   0.03723   0.05551   0.04303   0.06236   0.00363   0.02556   0.04342   0.00581   0.03230   0.00921   0.02688   0.00073   0.05838   0.03632   0.04403   0.01261   0.02064   0.02930   0.05921   0.05622   2.11974   0.99999   0.71454   1.21823  
 12 31589.1471  21826.513796  x:  0.00000   0.01697   0.04772   0.05742   0.00000   0.06018   0.10239   0.00587   0.12756   0.03476   0.00351   0.08292   0.01331   0.07086   0.05584   0.05349   0.06338   0.05052   0.01867   0.06015   0.00116   0.04607   0.02258   0.03343   0.01433   0.07376   0.06038   0.00662   0.07913   0.00453   0.00614   0.05188   0.05875   0.04473   0.06174   0.03795   0.05401   0.04138   0.06018   0.00000   0.03282   0.04224   0.00702   0.03542   0.01038   0.02379   0.00268   0.07091   0.03541   0.04533   0.01294   0.01705   0.02657   0.06042   0.06129   2.16419   0.99999   0.62417   1.26797  
 13 88504.1361  21687.809511  x:  0.00000   0.02085   0.04768   0.06167   0.00000   0.06164   0.11458   0.00454   0.12524   0.03988   0.00443   0.08042   0.01140   0.07182   0.05760   0.05963   0.06259   0.05250   0.01870   0.06254   0.00295   0.04747   0.02032   0.03297   0.02645   0.07331   0.06189   0.01060   0.07976   0.00604   0.00646   0.05269   0.06159   0.04238   0.06308   0.03881   0.05358   0.04379   0.06013   0.00422   0.03136   0.04072   0.00758   0.03636   0.00000   0.02878   0.00288   0.08292   0.03653   0.04399   0.01276   0.01427   0.02036   0.06296   0.06624   2.23444   0.99999   0.47654   1.34496  
 14 15965.1917  21577.551056  x:  0.00000   0.02694   0.04658   0.06656   0.00000   0.06315   0.12988   0.00371   0.12026   0.04894   0.00564   0.07869   0.00866   0.07325   0.05959   0.06624   0.06269   0.05597   0.01842   0.06709   0.00271   0.04977   0.01675   0.03133   0.04500   0.07343   0.06479   0.01777   0.08365   0.00546   0.00667   0.05363   0.06621   0.03868   0.06536   0.04021   0.05358   0.04808   0.06040   0.00588   0.02705   0.03863   0.00812   0.03700   0.00467   0.03674   0.00286   0.09737   0.03855   0.04066   0.01235   0.01004   0.01052   0.06678   0.07201   2.32997   0.99999   0.27454   1.44931  
 15 129010.8217  21558.296879  x:  0.00000   0.02773   0.04575   0.06541   0.00000   0.06043   0.13014   0.00344   0.11929   0.05308   0.00366   0.08056   0.01273   0.07440   0.06165   0.06612   0.06515   0.05600   0.01928   0.06757   0.00100   0.04960   0.01962   0.03232   0.04420   0.07404   0.06516   0.01323   0.08645   0.00349   0.00666   0.05355   0.06639   0.03917   0.06629   0.03950   0.05479   0.04743   0.06110   0.00000   0.02287   0.03873   0.00791   0.03909   0.00408   0.03366   0.00262   0.10012   0.03861   0.03972   0.01159   0.01770   0.01927   0.06713   0.07415   2.34650   0.99999   0.24280   1.46394  
 16 3645.9807  21540.129992  x:  0.00000   0.02824   0.04508   0.06433   0.00000   0.05834   0.12989   0.00375   0.11861   0.05570   0.00235   0.08194   0.01521   0.07511   0.06301   0.06576   0.06693   0.05582   0.01986   0.06769   0.00000   0.04929   0.02142   0.03315   0.04321   0.07441   0.06532   0.01006   0.08843   0.00235   0.00667   0.05339   0.06629   0.03961   0.06683   0.03889   0.05560   0.04675   0.06161   0.00000   0.01984   0.03881   0.00778   0.04086   0.00370   0.03108   0.00248   0.10175   0.03856   0.03912   0.01102   0.02140   0.02422   0.06710   0.07543   2.35748   0.98923   0.22295   1.47303  
 17 10174.3455  21528.159910  x:  0.00000   0.02925   0.04190   0.05892   0.00000   0.05338   0.12267   0.00802   0.11677   0.05683   0.00246   0.08617   0.01458   0.07497   0.06431   0.06099   0.07135   0.05319   0.01845   0.06566   0.00118   0.04651   0.01931   0.03668   0.03490   0.07470   0.06616   0.00784   0.09420   0.00373   0.00683   0.05156   0.06428   0.04029   0.06636   0.03737   0.05749   0.04295   0.06176   0.00000   0.01479   0.03840   0.00780   0.05188   0.00336   0.02031   0.00263   0.10135   0.03731   0.03655   0.01062   0.01485   0.02429   0.06468   0.07494   2.37348   0.98889   0.20565   1.47895  
 18 966.6899  21517.813608  x:  0.00000   0.02918   0.03944   0.05214   0.00000   0.04765   0.11019   0.00712   0.11757   0.05775   0.00290   0.08892   0.01200   0.07424   0.06636   0.05458   0.07541   0.05032   0.01907   0.06305   0.00165   0.04459   0.02043   0.03979   0.02357   0.07354   0.06651   0.00842   0.09821   0.00451   0.00665   0.04965   0.06155   0.04032   0.06521   0.03644   0.05909   0.04028   0.06092   0.00000   0.01947   0.03859   0.00762   0.06477   0.00288   0.03059   0.00242   0.10170   0.03661   0.03581   0.01253   0.01759   0.02012   0.06122   0.07496   2.39702   0.98807   0.19266   1.48276  
 19 845.3635  21506.350943  x:  0.00000   0.02340   0.04056   0.04957   0.00000   0.04751   0.09612   0.00474   0.11610   0.05833   0.00361   0.08679   0.01254   0.07313   0.06735   0.04944   0.07479   0.05098   0.01807   0.06311   0.00192   0.04643   0.02060   0.03506   0.02267   0.07108   0.06574   0.01156   0.09570   0.00498   0.00616   0.04963   0.06117   0.03837   0.06421   0.03711   0.05701   0.04344   0.05969   0.00000   0.02200   0.03876   0.00714   0.06784   0.00282   0.02952   0.00225   0.10260   0.03757   0.03775   0.00475   0.01790   0.02072   0.06098   0.07561   2.42949   0.98757   0.18711   1.48572  
 20 669.4534  21488.644647  x:  0.00000   0.01247   0.04295   0.04607   0.00000   0.04897   0.07017   0.00136   0.11535   0.05990   0.00390   0.08221   0.01398   0.07098   0.06861   0.04054   0.07271   0.05285   0.01586   0.06397   0.00237   0.05020   0.02018   0.02513   0.02291   0.06677   0.06460   0.01614   0.09033   0.00572   0.00531   0.04988   0.06136   0.03486   0.06257   0.03860   0.05368   0.04952   0.05749   0.00000   0.02452   0.03888   0.00630   0.07064   0.00277   0.02500   0.00197   0.10421   0.03950   0.04101   0.01030   0.01808   0.02247   0.06138   0.07669   2.49223   0.98664   0.17838   1.49124  
 21 5518.6075  21467.059248  x:  0.00000   0.01891   0.04349   0.04725   0.00000   0.05450   0.05380   0.00582   0.11335   0.06164   0.00000   0.07812   0.01282   0.06877   0.06693   0.03793   0.06869   0.05441   0.01393   0.06522   0.00198   0.05036   0.01703   0.02056   0.01836   0.06647   0.06449   0.00586   0.08547   0.00527   0.00491   0.04974   0.06354   0.03500   0.06217   0.03810   0.05362   0.04918   0.05620   0.00000   0.02182   0.03820   0.00541   0.06088   0.00252   0.02662   0.00160   0.10574   0.03814   0.03874   0.01004   0.01690   0.02143   0.06335   0.07636   2.56308   0.98682   0.17209   1.49909  
 22 1907.3333  21467.059248  x:  0.00000   0.01891   0.04349   0.04725   0.00000   0.05450   0.05380   0.00582   0.11335   0.06164   0.00000   0.07812   0.01282   0.06877   0.06693   0.03793   0.06869   0.05441   0.01393   0.06522   0.00198   0.05036   0.01703   0.02056   0.01836   0.06647   0.06449   0.00586   0.08547   0.00527   0.00491   0.04974   0.06354   0.03500   0.06217   0.03810   0.05362   0.04918   0.05620   0.00000   0.02182   0.03820   0.00541   0.06088   0.00252   0.02662   0.00160   0.10574   0.03814   0.03874   0.01004   0.01690   0.02143   0.06335   0.07636   2.56308   0.98682   0.17209   1.49909  
 23 2547.4032  21431.844653  x:  0.00000   0.01787   0.04249   0.04648   0.00000   0.05435   0.05417   0.00336   0.11414   0.06066   0.00122   0.07908   0.01243   0.06824   0.06546   0.03673   0.06863   0.05428   0.01380   0.06543   0.00000   0.05007   0.01722   0.02017   0.01791   0.06691   0.06488   0.00550   0.08677   0.00378   0.00633   0.04929   0.06350   0.03504   0.06193   0.03785   0.05409   0.04881   0.05619   0.00000   0.02005   0.03816   0.00920   0.05785   0.00319   0.02694   0.01344   0.10301   0.03845   0.03777   0.00990   0.01614   0.02066   0.06307   0.07432   2.56352   0.98244   0.17310   1.49894  
 24 4916.8048  21411.564504  x:  0.00000   0.01639   0.04096   0.04530   0.00000   0.05414   0.05470   0.00000   0.11538   0.05921   0.00154   0.08057   0.01187   0.06743   0.06313   0.03490   0.06855   0.05411   0.01382   0.06581   0.00768   0.04968   0.01763   0.01965   0.01732   0.06757   0.06551   0.00501   0.08882   0.00199   0.00798   0.04858   0.06345   0.03505   0.06159   0.03747   0.05485   0.04828   0.05619   0.00000   0.01726   0.03803   0.01173   0.05293   0.00299   0.02712   0.01734   0.09838   0.03816   0.03631   0.00978   0.01513   0.01957   0.06264   0.07106   2.56425   0.97646   0.17449   1.49872  
 25 4938.8227  21361.381626  x:  0.00000   0.01288   0.03663   0.04195   0.00000   0.05370   0.05634   0.00577   0.11929   0.05534   0.00095   0.08491   0.01092   0.06518   0.05625   0.02967   0.06840   0.05362   0.01336   0.06680   0.00710   0.04854   0.01810   0.01852   0.01609   0.06959   0.06746   0.00406   0.09493   0.00000   0.01115   0.04655   0.06327   0.03502   0.06067   0.03647   0.05710   0.04694   0.05626   0.00000   0.00991   0.03757   0.01349   0.03781   0.00202   0.02725   0.01518   0.08391   0.03660   0.03236   0.00976   0.01308   0.01706   0.06149   0.06129   2.56654   0.96167   0.17763   1.49819  
 26 4230.4948  21332.589215  x:  0.00000   0.01047   0.03208   0.03831   0.00000   0.05328   0.05832   0.00441   0.12390   0.05071   0.00000   0.08993   0.00995   0.06269   0.04840   0.02411   0.06825   0.05315   0.01304   0.06796   0.00467   0.04734   0.01852   0.01775   0.01531   0.07202   0.06982   0.00402   0.10203   0.01078   0.01392   0.04442   0.06310   0.03514   0.05973   0.03549   0.05969   0.04567   0.05641   0.00000   0.00515   0.03715   0.01425   0.01998   0.00401   0.02744   0.01202   0.06631   0.03504   0.02844   0.00991   0.01197   0.01529   0.06030   0.04988   2.56945   0.94656   0.18010   1.49770  
 27 10985.9736  21316.247671  x:  0.00000   0.01194   0.03017   0.03657   0.00000   0.05308   0.05981   0.00000   0.12710   0.04784   0.00227   0.09316   0.01017   0.06143   0.04383   0.02173   0.06827   0.05302   0.01318   0.06872   0.00190   0.04682   0.01865   0.01801   0.01570   0.07364   0.07136   0.00336   0.10645   0.00970   0.01327   0.04319   0.06308   0.03495   0.05926   0.03526   0.06128   0.04534   0.05658   0.00000   0.01257   0.03706   0.01323   0.01025   0.00314   0.02751   0.00941   0.05397   0.03446   0.02726   0.01013   0.01295   0.01600   0.05977   0.04288   2.57173   0.93927   0.18005   1.49756  
 28 4089.2339  21313.339361  x:  0.00472   0.01279   0.03028   0.03653   0.00000   0.05310   0.06016   0.00072   0.12788   0.04748   0.00131   0.09379   0.01036   0.06133   0.04319   0.02188   0.06834   0.05308   0.01338   0.06890   0.00231   0.04684   0.01866   0.01830   0.01602   0.07399   0.07172   0.00351   0.10734   0.00985   0.01254   0.04308   0.06312   0.03491   0.05923   0.03538   0.06156   0.04542   0.05667   0.00000   0.01291   0.03708   0.01296   0.01130   0.00346   0.02755   0.00992   0.05105   0.03459   0.02758   0.01017   0.01346   0.01666   0.05974   0.04176   2.57244   0.93875   0.17926   1.49762  
 29 1992.1627  21309.018253  x:  0.00444   0.01352   0.03042   0.03648   0.00000   0.05313   0.06073   0.00018   0.12915   0.04687   0.00000   0.09481   0.01060   0.06117   0.04222   0.02211   0.06844   0.05316   0.01361   0.06917   0.00207   0.04686   0.01867   0.01868   0.01642   0.07454   0.07230   0.00371   0.10878   0.00939   0.01146   0.04291   0.06320   0.03486   0.05919   0.03556   0.06201   0.04550   0.05669   0.00000   0.01273   0.03701   0.01245   0.01257   0.00387   0.02756   0.00999   0.04643   0.03475   0.02788   0.01020   0.01403   0.01728   0.05974   0.04001   2.57360   0.93787   0.17799   1.49771  
 30 1801.4683  21303.989756  x:  0.00310   0.01509   0.03096   0.03650   0.00000   0.05321   0.06219   0.00134   0.13229   0.04559   0.00238   0.09723   0.01146   0.06094   0.04023   0.02293   0.06871   0.05337   0.01419   0.06980   0.00279   0.04698   0.01869   0.01952   0.01728   0.07585   0.07370   0.00428   0.11216   0.00989   0.00894   0.04263   0.06341   0.03481   0.05914   0.03607   0.06300   0.04574   0.05674   0.00000   0.01261   0.03685   0.01145   0.01514   0.00454   0.02759   0.01066   0.03556   0.03524   0.02876   0.01022   0.01519   0.01871   0.05979   0.03627   2.57661   0.93640   0.17442   1.49797  
 31 4277.8815  21302.397093  x:  0.00335   0.01451   0.03166   0.03694   0.00000   0.05322   0.06271   0.00081   0.13382   0.04563   0.00263   0.09808   0.01089   0.06119   0.04058   0.02377   0.06882   0.05351   0.01401   0.06997   0.00254   0.04719   0.01859   0.01932   0.01693   0.07630   0.07438   0.00420   0.11343   0.01008   0.00899   0.04293   0.06361   0.03503   0.05921   0.03645   0.06312   0.04594   0.05675   0.00000   0.01170   0.03683   0.01196   0.01488   0.00226   0.02758   0.01061   0.03290   0.03560   0.02944   0.01005   0.01441   0.01862   0.05997   0.03670   2.57877   0.93718   0.17130   1.49824  
 32 650.0799  21300.502219  x:  0.00365   0.01313   0.03280   0.03769   0.00000   0.05314   0.06353   0.00070   0.13673   0.04588   0.00253   0.09956   0.00964   0.06171   0.04155   0.02501   0.06898   0.05372   0.01354   0.07021   0.00256   0.04755   0.01843   0.01875   0.01613   0.07702   0.07562   0.00365   0.11569   0.00935   0.00965   0.04351   0.06397   0.03543   0.05929   0.03706   0.06319   0.04621   0.05671   0.00000   0.01130   0.03691   0.01283   0.01311   0.00402   0.02763   0.01038   0.02969   0.03616   0.03042   0.00983   0.01298   0.01813   0.06027   0.03811   2.58334   0.93863   0.16500   1.49877  
 33 1079.7611  21298.746505  x:  0.00299   0.01301   0.03243   0.03753   0.00000   0.05266   0.06429   0.00205   0.14094   0.04544   0.00105   0.10162   0.00961   0.06191   0.04177   0.02417   0.06884   0.05367   0.01339   0.07030   0.00339   0.04751   0.01843   0.01851   0.01629   0.07769   0.07717   0.00330   0.11892   0.00984   0.01057   0.04355   0.06413   0.03540   0.05905   0.03695   0.06305   0.04615   0.05638   0.00000   0.01276   0.03674   0.01182   0.01188   0.00338   0.02750   0.01146   0.03007   0.03606   0.02960   0.01057   0.01472   0.01699   0.06026   0.03854   2.59141   0.93746   0.15660   1.49941  
 34 548.5029  21296.051998  x:  0.00363   0.01314   0.03121   0.03684   0.00000   0.05174   0.06519   0.00073   0.14729   0.04430   0.00239   0.10441   0.00978   0.06197   0.04189   0.02225   0.06837   0.05335   0.01331   0.07011   0.00268   0.04715   0.01835   0.01837   0.01654   0.07835   0.07928   0.00286   0.12349   0.00936   0.01114   0.04324   0.06409   0.03496   0.05851   0.03629   0.06252   0.04576   0.05582   0.00000   0.01155   0.03640   0.01146   0.01396   0.00381   0.02719   0.01056   0.03388   0.03539   0.02774   0.01020   0.01535   0.01600   0.06001   0.03913   2.60599   0.93353   0.14359   1.50038  
 35 1241.0233  21294.385853  x:  0.00309   0.01434   0.03102   0.03658   0.00000   0.05140   0.06511   0.00146   0.15014   0.04401   0.00177   0.10490   0.00886   0.06172   0.04166   0.02269   0.06797   0.05299   0.01368   0.06958   0.00284   0.04677   0.01824   0.01888   0.01638   0.07804   0.07980   0.00380   0.12491   0.00990   0.00923   0.04275   0.06366   0.03440   0.05819   0.03587   0.06188   0.04543   0.05552   0.00000   0.01261   0.03624   0.01277   0.01381   0.00356   0.02710   0.01031   0.03583   0.03501   0.02830   0.00916   0.01265   0.01847   0.05971   0.03909   2.61849   0.92844   0.13630   1.50090  
 36 734.0197  21291.952444  x:  0.00319   0.01379   0.03255   0.03703   0.00000   0.05134   0.06402   0.00111   0.15146   0.04465   0.00217   0.10297   0.00852   0.06145   0.04231   0.02607   0.06734   0.05248   0.01379   0.06830   0.00253   0.04648   0.01819   0.01900   0.01583   0.07634   0.07906   0.00306   0.12334   0.01001   0.00732   0.04256   0.06283   0.03432   0.05810   0.03610   0.06050   0.04509   0.05550   0.00000   0.01172   0.03637   0.01149   0.01316   0.00364   0.02724   0.00996   0.03711   0.03513   0.03148   0.01255   0.01378   0.02013   0.05928   0.03993   2.64270   0.91904   0.12762   1.50158  
 37 764.8046  21288.383630  x:  0.00311   0.01314   0.03462   0.03827   0.00000   0.05164   0.06225   0.00117   0.15112   0.04599   0.00215   0.09905   0.00987   0.06145   0.04353   0.02925   0.06676   0.05224   0.01370   0.06695   0.00209   0.04664   0.01842   0.01872   0.01641   0.07371   0.07737   0.00452   0.11903   0.01047   0.01088   0.04317   0.06225   0.03529   0.05833   0.03715   0.05909   0.04526   0.05583   0.00000   0.01305   0.03684   0.01070   0.01442   0.00364   0.02755   0.00905   0.03589   0.03576   0.03390   0.00930   0.01529   0.01851   0.05903   0.04095   2.68149   0.90641   0.11722   1.50251  
 38 1552.9459  21284.899535  x:  0.00295   0.01480   0.03473   0.03897   0.00000   0.05218   0.06131   0.00153   0.14851   0.04722   0.00186   0.09572   0.01025   0.06224   0.04453   0.02725   0.06707   0.05305   0.01378   0.06739   0.00200   0.04765   0.01846   0.01886   0.01741   0.07256   0.07581   0.00097   0.11409   0.01122   0.00957   0.04420   0.06283   0.03561   0.05910   0.03779   0.05942   0.04646   0.05647   0.00000   0.01382   0.03718   0.01216   0.01513   0.00353   0.02768   0.00850   0.03354   0.03626   0.03117   0.00974   0.01411   0.01575   0.05971   0.04173   2.72026   0.90055   0.11049   1.50336  
 39 1312.1490  21280.743526  x:  0.00322   0.01557   0.03384   0.04004   0.00000   0.05320   0.06073   0.00121   0.14390   0.04843   0.00213   0.09196   0.00979   0.06356   0.04549   0.02317   0.06808   0.05444   0.01374   0.06883   0.00189   0.04910   0.01822   0.01893   0.01739   0.07201   0.07405   0.00573   0.10783   0.01062   0.00775   0.04551   0.06415   0.03563   0.06018   0.03814   0.06071   0.04797   0.05727   0.00000   0.01320   0.03732   0.01130   0.01453   0.00368   0.02757   0.00855   0.03114   0.03659   0.02660   0.01200   0.01318   0.01498   0.06104   0.04270   2.77752   0.89650   0.10309   1.50457  
 40 3100.3472  21273.656400  x:  0.00335   0.01235   0.03116   0.03924   0.00000   0.05402   0.06176   0.00099   0.13703   0.04822   0.00221   0.09022   0.01016   0.06466   0.04460   0.01975   0.07000   0.05576   0.01323   0.07147   0.00207   0.04985   0.01771   0.01873   0.01525   0.07386   0.07319   0.00368   0.10204   0.01025   0.00668   0.04604   0.06588   0.03522   0.06089   0.03698   0.06320   0.04833   0.05744   0.00000   0.01170   0.03647   0.00871   0.01299   0.00351   0.02686   0.00948   0.03039   0.03581   0.02571   0.00778   0.01567   0.02123   0.06258   0.04156   2.86986   0.89647   0.09815   1.50632  
 41 2636.1523  21260.362512  x:  0.00293   0.01007   0.02699   0.03619   0.00000   0.05459   0.06508   0.00147   0.12540   0.04539   0.00193   0.09156   0.01123   0.06486   0.04027   0.01990   0.07321   0.05646   0.01232   0.07558   0.00185   0.04897   0.01747   0.01831   0.01491   0.07923   0.07374   0.00358   0.09712   0.01025   0.01294   0.04507   0.06791   0.03446   0.06063   0.03385   0.06739   0.04695   0.05639   0.00000   0.01294   0.03455   0.01628   0.01447   0.00347   0.02581   0.00777   0.03091   0.03350   0.03017   0.01233   0.01737   0.02525   0.06354   0.03602   3.06684   0.89976   0.09656   1.50970  
 42 5804.4308  21234.800200  x:  0.00320   0.01837   0.02865   0.03312   0.00000   0.05367   0.06935   0.00099   0.11197   0.04088   0.00233   0.09758   0.00926   0.06293   0.03568   0.02665   0.07576   0.05480   0.01226   0.07830   0.00218   0.04559   0.01798   0.01781   0.01809   0.08657   0.07628   0.00311   0.09798   0.00932   0.01406   0.04144   0.06772   0.03282   0.05878   0.03122   0.07061   0.04391   0.05370   0.00000   0.01008   0.03317   0.00858   0.01175   0.00366   0.02607   0.01002   0.03480   0.03194   0.03582   0.01100   0.01106   0.01653   0.06188   0.03169   3.41228   0.90720   0.10566   1.51519  
 43 9559.2953  21208.812849  x:  0.00342   0.01329   0.03379   0.03465   0.00000   0.05058   0.06932   0.00143   0.11021   0.03989   0.00196   0.10462   0.00723   0.05922   0.03813   0.02739   0.07314   0.05097   0.01353   0.07488   0.00212   0.04273   0.01799   0.01823   0.01428   0.08812   0.07888   0.00569   0.10771   0.00993   0.00422   0.03809   0.06358   0.03231   0.05647   0.03456   0.06794   0.04127   0.05174   0.00000   0.01197   0.03573   0.01386   0.01265   0.00362   0.02731   0.00897   0.03521   0.03451   0.03139   0.00726   0.01715   0.01062   0.05782   0.03741   3.76304   0.91206   0.12696   1.52011  
 44 10240.6412  21189.126979  x:  0.00304   0.01194   0.03710   0.03715   0.00000   0.04766   0.06640   0.00127   0.11707   0.04234   0.00186   0.10927   0.01065   0.05675   0.04330   0.02392   0.06802   0.04833   0.01443   0.06893   0.00208   0.04278   0.01857   0.01922   0.01608   0.08486   0.08047   0.00338   0.11845   0.01029   0.00985   0.03906   0.05970   0.03520   0.05522   0.03940   0.06236   0.04196   0.05216   0.00000   0.01318   0.03845   0.01120   0.01467   0.00337   0.02811   0.00922   0.03279   0.03736   0.02358   0.01122   0.01311   0.02006   0.05498   0.04395   4.05839   0.91610   0.14936   1.52400  
 45 13384.7423  21180.064890  x:  0.00281   0.01636   0.03179   0.03795   0.00000   0.04971   0.06210   0.00079   0.13046   0.04756   0.00233   0.10692   0.00892   0.05917   0.04467   0.02005   0.06456   0.05148   0.01318   0.06554   0.00209   0.04767   0.01821   0.01874   0.01730   0.07760   0.07900   0.00372   0.12317   0.00965   0.00984   0.04413   0.06070   0.03602   0.05719   0.03881   0.05827   0.04689   0.05647   0.00000   0.01115   0.03756   0.01279   0.01304   0.00358   0.02701   0.00917   0.03308   0.03582   0.02969   0.01029   0.01574   0.02056   0.05754   0.04138   4.18807   0.92045   0.16142   1.52565  
 46 3689.5111  21177.485458  x:  0.00304   0.01258   0.02970   0.03772   0.00000   0.05149   0.06083   0.00074   0.13724   0.04833   0.00215   0.10446   0.00993   0.06072   0.04372   0.02192   0.06459   0.05329   0.01387   0.06566   0.00217   0.04887   0.01821   0.01871   0.01594   0.07453   0.07771   0.00363   0.12373   0.00997   0.00900   0.04511   0.06203   0.03562   0.05838   0.03732   0.05821   0.04756   0.05773   0.00000   0.01258   0.03691   0.01137   0.01437   0.00352   0.02696   0.00967   0.03374   0.03503   0.02935   0.01078   0.01331   0.01886   0.05921   0.03892   4.22336   0.92201   0.16530   1.52610  
 47 1820.8309  21176.437099  x:  0.00311   0.01326   0.03125   0.03759   0.00000   0.05268   0.06069   0.00066   0.14284   0.04731   0.00216   0.10143   0.01000   0.06165   0.04245   0.02438   0.06583   0.05391   0.01398   0.06697   0.00215   0.04823   0.01834   0.01922   0.01653   0.07280   0.07630   0.00357   0.12276   0.00979   0.00941   0.04437   0.06311   0.03519   0.05917   0.03629   0.05977   0.04681   0.05756   0.00000   0.01197   0.03665   0.01223   0.01353   0.00356   0.02751   0.00952   0.03431   0.03526   0.02686   0.01046   0.01430   0.01954   0.06015   0.03848   4.23817   0.92340   0.16711   1.52634  
 48 588.1235  21176.089883  x:  0.00305   0.01339   0.03188   0.03749   0.00000   0.05266   0.06118   0.00074   0.14592   0.04608   0.00218   0.09958   0.00906   0.06164   0.04200   0.02307   0.06671   0.05349   0.01334   0.06788   0.00219   0.04736   0.01822   0.01865   0.01606   0.07257   0.07546   0.00346   0.12160   0.00990   0.00973   0.04347   0.06330   0.03513   0.05926   0.03644   0.06082   0.04601   0.05694   0.00000   0.01224   0.03684   0.01193   0.01399   0.00352   0.02738   0.00957   0.03412   0.03553   0.02767   0.01063   0.01412   0.01948   0.06004   0.03908   4.24304   0.92366   0.16805   1.52644  
 49 251.1278  21176.012393  x:  0.00307   0.01328   0.03167   0.03752   0.00000   0.05243   0.06165   0.00071   0.14695   0.04569   0.00211   0.09904   0.00977   0.06152   0.04220   0.02274   0.06699   0.05324   0.01371   0.06806   0.00219   0.04719   0.01829   0.01892   0.01639   0.07285   0.07518   0.00357   0.12093   0.00986   0.00954   0.04331   0.06319   0.03514   0.05913   0.03668   0.06095   0.04589   0.05671   0.00000   0.01211   0.03694   0.01202   0.01375   0.00353   0.02728   0.00959   0.03410   0.03551   0.02816   0.01060   0.01399   0.01936   0.05980   0.03934   4.24414   0.92389   0.16824   1.52651  
 50 124.8295  21175.978789  x:  0.00308   0.01334   0.03118   0.03751   0.00000   0.05211   0.06225   0.00071   0.14765   0.04567   0.00211   0.09881   0.00945   0.06127   0.04242   0.02303   0.06709   0.05299   0.01378   0.06797   0.00219   0.04730   0.01832   0.01899   0.01630   0.07343   0.07504   0.00357   0.12016   0.00985   0.00958   0.04344   0.06293   0.03523   0.05885   0.03685   0.06074   0.04606   0.05660   0.00000   0.01211   0.03695   0.01199   0.01377   0.00354   0.02729   0.00960   0.03405   0.03537   0.02796   0.01058   0.01404   0.01935   0.05947   0.03922   4.24463   0.92398   0.16839   1.52660  
 51 52.7294  21175.973437  x:  0.00308   0.01333   0.03133   0.03752   0.00000   0.05203   0.06238   0.00071   0.14783   0.04570   0.00209   0.09887   0.00956   0.06123   0.04238   0.02302   0.06701   0.05299   0.01361   0.06788   0.00220   0.04735   0.01826   0.01883   0.01631   0.07361   0.07506   0.00360   0.11989   0.00985   0.00953   0.04350   0.06286   0.03520   0.05880   0.03677   0.06065   0.04610   0.05663   0.00000   0.01211   0.03691   0.01201   0.01376   0.00354   0.02731   0.00960   0.03407   0.03539   0.02792   0.01058   0.01402   0.01935   0.05944   0.03913   4.24471   0.92400   0.16842   1.52666  
 52 22.5253  21175.970857  x:  0.00308   0.01329   0.03149   0.03752   0.00000   0.05200   0.06241   0.00071   0.14793   0.04571   0.00209   0.09899   0.00950   0.06122   0.04230   0.02294   0.06691   0.05304   0.01372   0.06781   0.00220   0.04738   0.01828   0.01890   0.01633   0.07370   0.07510   0.00360   0.11967   0.00985   0.00956   0.04352   0.06285   0.03518   0.05879   0.03669   0.06060   0.04610   0.05667   0.00000   0.01211   0.03688   0.01201   0.01376   0.00353   0.02732   0.00960   0.03409   0.03542   0.02793   0.01058   0.01402   0.01934   0.05947   0.03909   4.24476   0.92401   0.16843   1.52674  
 53 15.2189  21175.968450  x:  0.00308   0.01334   0.03142   0.03749   0.00000   0.05205   0.06234   0.00071   0.14803   0.04567   0.00209   0.09923   0.00953   0.06127   0.04227   0.02298   0.06678   0.05310   0.01368   0.06777   0.00220   0.04733   0.01832   0.01895   0.01624   0.07374   0.07519   0.00361   0.11941   0.00985   0.00956   0.04346   0.06287   0.03519   0.05884   0.03672   0.06059   0.04603   0.05670   0.00000   0.01211   0.03692   0.01201   0.01376   0.00354   0.02729   0.00960   0.03406   0.03543   0.02793   0.01059   0.01402   0.01933   0.05954   0.03919   4.24482   0.92399   0.16847   1.52694  
 54  7.6489  21175.966407  x:  0.00308   0.01330   0.03136   0.03749   0.00000   0.05209   0.06229   0.00071   0.14808   0.04564   0.00209   0.09939   0.00947   0.06129   0.04229   0.02301   0.06673   0.05310   0.01368   0.06778   0.00220   0.04729   0.01828   0.01888   0.01639   0.07373   0.07525   0.00361   0.11926   0.00986   0.00954   0.04343   0.06290   0.03520   0.05888   0.03676   0.06062   0.04601   0.05670   0.00000   0.01212   0.03694   0.01200   0.01377   0.00353   0.02730   0.00960   0.03406   0.03541   0.02793   0.01058   0.01403   0.01934   0.05956   0.03922   4.24487   0.92397   0.16851   1.52718  
 55 11.7921  21175.954510  x:  0.00307   0.01336   0.03145   0.03763   0.00000   0.05216   0.06212   0.00072   0.14820   0.04566   0.00209   0.09985   0.00948   0.06132   0.04260   0.02299   0.06688   0.05294   0.01386   0.06802   0.00219   0.04731   0.01819   0.01879   0.01625   0.07352   0.07545   0.00361   0.11895   0.00986   0.00955   0.04349   0.06299   0.03526   0.05889   0.03683   0.06084   0.04616   0.05653   0.00000   0.01211   0.03690   0.01201   0.01377   0.00353   0.02743   0.00959   0.03413   0.03538   0.02796   0.01059   0.01403   0.01936   0.05946   0.03900   4.24525   0.92385   0.16866   1.52887  
 56 12.4169  21175.929295  x:  0.00308   0.01323   0.03153   0.03770   0.00000   0.05217   0.06204   0.00071   0.14829   0.04579   0.00210   0.10030   0.00941   0.06129   0.04274   0.02297   0.06721   0.05275   0.01347   0.06828   0.00218   0.04744   0.01847   0.01921   0.01638   0.07323   0.07566   0.00362   0.11869   0.00986   0.00951   0.04362   0.06304   0.03526   0.05884   0.03676   0.06104   0.04632   0.05641   0.00000   0.01214   0.03687   0.01199   0.01379   0.00354   0.02734   0.00959   0.03421   0.03542   0.02800   0.01059   0.01402   0.01935   0.05932   0.03893   4.24604   0.92365   0.16894   1.53257  
 57 63.1697  21175.706859  x:  0.00302   0.01339   0.03130   0.03728   0.00000   0.05180   0.06246   0.00069   0.14844   0.04664   0.00207   0.10146   0.00949   0.06096   0.04167   0.02316   0.06928   0.05280   0.01399   0.06893   0.00211   0.04808   0.01849   0.01871   0.01644   0.07215   0.07630   0.00367   0.11796   0.00985   0.00950   0.04418   0.06290   0.03501   0.05854   0.03596   0.06107   0.04650   0.05668   0.00000   0.01219   0.03693   0.01195   0.01392   0.00355   0.02627   0.00953   0.03411   0.03587   0.02803   0.01060   0.01408   0.01942   0.05909   0.04026   4.25317   0.92228   0.17110   1.56574  
 58 174.1029  21174.664039  x:  0.00279   0.01323   0.03083   0.03699   0.00000   0.05111   0.06393   0.00073   0.14808   0.04675   0.00197   0.10220   0.00912   0.06106   0.04036   0.02250   0.07232   0.05448   0.01364   0.06841   0.00200   0.04804   0.01654   0.02044   0.01665   0.07087   0.07719   0.00371   0.11641   0.00958   0.00968   0.04404   0.06238   0.03539   0.05914   0.03662   0.05998   0.04545   0.05840   0.00000   0.01220   0.03731   0.01179   0.01419   0.00346   0.03000   0.00945   0.03434   0.03517   0.02846   0.01064   0.01406   0.01953   0.06031   0.04080   4.28685   0.91774   0.17995   1.72252  
 59 956.2059  21172.392055  x:  0.00242   0.01296   0.03105   0.03762   0.00000   0.05139   0.06508   0.00087   0.14698   0.04473   0.00173   0.10127   0.00798   0.06233   0.04140   0.02149   0.07268   0.05687   0.01476   0.06651   0.00152   0.04693   0.02221   0.01901   0.01722   0.07112   0.07759   0.00379   0.11385   0.00891   0.00960   0.04268   0.06242   0.03578   0.06075   0.03785   0.05878   0.04414   0.06009   0.00000   0.01211   0.03713   0.01183   0.01454   0.00339   0.02964   0.00931   0.03502   0.03425   0.02853   0.01066   0.01411   0.02034   0.06264   0.03854   4.36306   0.90832   0.19944   2.07726  
 60 5123.2604  21170.157514  x:  0.00215   0.01256   0.03090   0.03757   0.00000   0.05294   0.06375   0.00097   0.14610   0.04317   0.00156   0.09924   0.00699   0.06327   0.04230   0.02138   0.06794   0.05656   0.01519   0.06572   0.00132   0.04587   0.01884   0.02128   0.01757   0.07337   0.07671   0.00373   0.11200   0.00825   0.01020   0.04203   0.06357   0.03525   0.06126   0.03674   0.05968   0.04475   0.05904   0.00000   0.01196   0.03664   0.01170   0.01475   0.00345   0.02455   0.00932   0.03517   0.03510   0.02829   0.01066   0.01412   0.02046   0.06301   0.03719   4.43251   0.89981   0.21719   2.40035  
 61 7686.5222  21169.390479  x:  0.00202   0.01238   0.03005   0.03653   0.00000   0.05393   0.06171   0.00094   0.14602   0.04408   0.00154   0.09827   0.00700   0.06285   0.04058   0.02129   0.06384   0.05497   0.01570   0.06690   0.00117   0.04656   0.01975   0.02126   0.01774   0.07494   0.07550   0.00382   0.11148   0.00799   0.01025   0.04251   0.06428   0.03466   0.06061   0.03536   0.06122   0.04547   0.05738   0.00000   0.01189   0.03677   0.01159   0.01493   0.00340   0.02681   0.00925   0.03484   0.03531   0.02865   0.01064   0.01413   0.02059   0.06181   0.03835   4.45699   0.89719   0.22313   2.51385  
 62 3138.0077  21169.348894  x:  0.00202   0.01235   0.03025   0.03644   0.00000   0.05394   0.06118   0.00091   0.14609   0.04459   0.00156   0.09834   0.00705   0.06247   0.04008   0.02127   0.06361   0.05493   0.01570   0.06733   0.00117   0.04670   0.01972   0.02126   0.01772   0.07507   0.07504   0.00384   0.11142   0.00796   0.01020   0.04253   0.06409   0.03500   0.06050   0.03604   0.06134   0.04504   0.05759   0.00000   0.01186   0.03689   0.01162   0.01491   0.00340   0.02653   0.00930   0.03493   0.03481   0.02859   0.01064   0.01411   0.02058   0.06154   0.03813   4.45833   0.89727   0.22328   2.51970  
 63 175.1732  21169.338122  x:  0.00202   0.01236   0.03014   0.03641   0.00000   0.05390   0.06079   0.00091   0.14612   0.04463   0.00157   0.09852   0.00704   0.06219   0.04026   0.02125   0.06370   0.05505   0.01568   0.06748   0.00117   0.04659   0.01972   0.02126   0.01771   0.07509   0.07453   0.00384   0.11138   0.00795   0.01024   0.04239   0.06387   0.03488   0.06034   0.03590   0.06123   0.04486   0.05783   0.00000   0.01184   0.03682   0.01162   0.01489   0.00340   0.02657   0.00929   0.03487   0.03508   0.02858   0.01063   0.01411   0.02057   0.06145   0.03799   4.45870   0.89739   0.22322   2.52058  
 64 20.2583  21169.316094  x:  0.00202   0.01233   0.03023   0.03652   0.00000   0.05390   0.06062   0.00091   0.14609   0.04426   0.00156   0.09896   0.00701   0.06209   0.04019   0.02125   0.06386   0.05506   0.01566   0.06726   0.00117   0.04643   0.01971   0.02126   0.01771   0.07496   0.07359   0.00382   0.11137   0.00794   0.01028   0.04239   0.06374   0.03477   0.06028   0.03571   0.06107   0.04524   0.05768   0.00000   0.01184   0.03681   0.01162   0.01490   0.00340   0.02654   0.00933   0.03475   0.03451   0.02855   0.01063   0.01411   0.02055   0.06147   0.03816   4.45953   0.89750   0.22311   2.52062  
 65  8.9534  21169.203950  x:  0.00202   0.01231   0.03012   0.03648   0.00000   0.05402   0.06137   0.00093   0.14597   0.04410   0.00152   0.10001   0.00696   0.06254   0.03956   0.02126   0.06391   0.05470   0.01568   0.06650   0.00117   0.04667   0.01972   0.02121   0.01768   0.07444   0.07149   0.00381   0.11144   0.00788   0.01025   0.04267   0.06392   0.03508   0.06060   0.03637   0.06106   0.04530   0.05684   0.00000   0.01179   0.03689   0.01163   0.01486   0.00339   0.02655   0.00930   0.03499   0.03561   0.02857   0.01062   0.01408   0.02054   0.06158   0.03785   4.46383   0.89768   0.22273   2.51866  
 66 25.1644  21168.110873  x:  0.00182   0.01285   0.03085   0.03591   0.00000   0.05370   0.06551   0.00084   0.14575   0.04677   0.00132   0.10193   0.00696   0.06433   0.04226   0.02153   0.06237   0.05378   0.01581   0.06659   0.00104   0.04783   0.01951   0.02126   0.01773   0.07353   0.06812   0.00379   0.11217   0.00760   0.01038   0.04194   0.06518   0.03410   0.06084   0.03475   0.06214   0.04156   0.05710   0.00000   0.01189   0.03674   0.01152   0.01524   0.00335   0.02651   0.00955   0.03440   0.03388   0.02886   0.01054   0.01414   0.02040   0.06139   0.03833   4.50588   0.89767   0.22075   2.49527  
 67 110.8395  21158.243354  x:  0.00007   0.01391   0.03345   0.03907   0.00000   0.05139   0.06945   0.00096   0.14489   0.04523   0.00000   0.10320   0.00782   0.06333   0.04180   0.02591   0.05937   0.05497   0.01536   0.07224   0.00038   0.04478   0.01942   0.02092   0.01737   0.07534   0.06885   0.00337   0.11570   0.00478   0.01004   0.04046   0.06542   0.03474   0.05979   0.03693   0.06299   0.04821   0.06339   0.00000   0.01177   0.03719   0.01115   0.01694   0.00312   0.02688   0.01100   0.03583   0.03612   0.03138   0.00983   0.01407   0.01949   0.05985   0.04047   4.82661   0.90151   0.20348   2.31440  
 68 1166.1959  21158.243354  x:  0.00007   0.01391   0.03345   0.03907   0.00000   0.05139   0.06945   0.00096   0.14489   0.04523   0.00000   0.10320   0.00782   0.06333   0.04180   0.02591   0.05937   0.05497   0.01536   0.07224   0.00038   0.04478   0.01942   0.02092   0.01737   0.07534   0.06885   0.00337   0.11570   0.00478   0.01004   0.04046   0.06542   0.03474   0.05979   0.03693   0.06299   0.04821   0.06339   0.00000   0.01177   0.03719   0.01115   0.01694   0.00312   0.02688   0.01100   0.03583   0.03612   0.03138   0.00983   0.01407   0.01949   0.05985   0.04047   4.82661   0.90151   0.20348   2.31440  
 69 3189.4386  21156.814635  x:  0.00194   0.01408   0.03341   0.03893   0.00000   0.05147   0.06913   0.00083   0.14483   0.04517   0.00100   0.10303   0.00845   0.06327   0.04196   0.02597   0.06010   0.05480   0.01496   0.07202   0.00075   0.04509   0.01911   0.02038   0.01706   0.07539   0.06925   0.00327   0.11570   0.00262   0.00979   0.04084   0.06528   0.03469   0.05972   0.03688   0.06284   0.04797   0.06277   0.00000   0.01193   0.03716   0.01163   0.01698   0.00278   0.02700   0.01225   0.03560   0.03613   0.03121   0.00984   0.01411   0.01922   0.05985   0.04042   4.82666   0.90180   0.20313   2.31442  
 70 908.9808  21155.831696  x:  0.00146   0.01413   0.03335   0.03878   0.00000   0.05158   0.06874   0.00070   0.14475   0.04512   0.00062   0.10281   0.00887   0.06319   0.04213   0.02602   0.06092   0.05460   0.01455   0.07176   0.00034   0.04543   0.01880   0.01984   0.01676   0.07545   0.06971   0.00334   0.11571   0.00093   0.00968   0.04127   0.06512   0.03467   0.05966   0.03681   0.06267   0.04768   0.06202   0.00000   0.01204   0.03710   0.01202   0.01701   0.00289   0.02711   0.01329   0.03533   0.03613   0.03099   0.00985   0.01416   0.01888   0.05987   0.04034   4.82673   0.90213   0.20272   2.31445  
 71 999.1664  21155.116760  x:  0.00087   0.01421   0.03323   0.03850   0.00000   0.05178   0.06801   0.00080   0.14458   0.04504   0.00024   0.10240   0.00952   0.06303   0.04240   0.02611   0.06240   0.05424   0.01396   0.07129   0.00151   0.04603   0.01832   0.01898   0.01632   0.07556   0.07059   0.00371   0.11575   0.00088   0.00972   0.04208   0.06483   0.03467   0.05954   0.03668   0.06236   0.04716   0.06066   0.00000   0.01216   0.03698   0.01255   0.01704   0.00286   0.02727   0.01472   0.03486   0.03613   0.03060   0.00986   0.01421   0.01834   0.05990   0.04020   4.82685   0.90275   0.20194   2.31450  
 72 842.1445  21154.304359  x:  0.00093   0.01433   0.03308   0.03813   0.00000   0.05205   0.06703   0.00086   0.14434   0.04496   0.00036   0.10182   0.01019   0.06280   0.04274   0.02619   0.06437   0.05376   0.01326   0.07062   0.00071   0.04680   0.01776   0.01806   0.01590   0.07570   0.07179   0.00409   0.11579   0.00193   0.00981   0.04312   0.06442   0.03470   0.05939   0.03650   0.06195   0.04648   0.05886   0.00000   0.01226   0.03684   0.01297   0.01704   0.00270   0.02744   0.01603   0.03425   0.03610   0.03014   0.00985   0.01425   0.01778   0.05993   0.04003   4.82703   0.90361   0.20084   2.31457  
 73 1137.1347  21153.459833  x:  0.00142   0.01433   0.03284   0.03753   0.00000   0.05241   0.06518   0.00034   0.14374   0.04495   0.00004   0.10062   0.00960   0.06233   0.04305   0.02608   0.06756   0.05305   0.01341   0.06947   0.00080   0.04781   0.01778   0.01828   0.01634   0.07582   0.07391   0.00340   0.11577   0.00187   0.00958   0.04441   0.06367   0.03468   0.05913   0.03620   0.06126   0.04548   0.05596   0.00000   0.01190   0.03665   0.01201   0.01685   0.00322   0.02736   0.01450   0.03345   0.03594   0.02971   0.00978   0.01410   0.01782   0.05996   0.03980   4.82741   0.90522   0.19860   2.31472  
 74 425.5257  21153.235202  x:  0.00122   0.01430   0.03277   0.03738   0.00000   0.05252   0.06459   0.00094   0.14352   0.04497   0.00045   0.10020   0.00943   0.06217   0.04312   0.02602   0.06853   0.05283   0.01351   0.06910   0.00081   0.04807   0.01784   0.01844   0.01649   0.07583   0.07461   0.00327   0.11576   0.00170   0.00951   0.04474   0.06343   0.03467   0.05905   0.03610   0.06104   0.04520   0.05509   0.00000   0.01180   0.03658   0.01175   0.01681   0.00311   0.02730   0.01393   0.03326   0.03589   0.02962   0.00977   0.01406   0.01787   0.05997   0.03973   4.82756   0.90576   0.19780   2.31477  
 75 1037.8135  21153.153330  x:  0.00110   0.01428   0.03274   0.03740   0.00000   0.05252   0.06432   0.00076   0.14336   0.04497   0.00054   0.09997   0.00936   0.06209   0.04307   0.02595   0.06882   0.05277   0.01363   0.06895   0.00081   0.04803   0.01795   0.01862   0.01650   0.07577   0.07492   0.00349   0.11573   0.00163   0.00955   0.04468   0.06332   0.03466   0.05901   0.03607   0.06097   0.04517   0.05489   0.00000   0.01185   0.03656   0.01190   0.01684   0.00260   0.02723   0.01376   0.03334   0.03587   0.02970   0.00979   0.01406   0.01798   0.05994   0.03971   4.82767   0.90606   0.19727   2.31480  
 76 228.9873  21153.024773  x:  0.00120   0.01424   0.03271   0.03757   0.00000   0.05245   0.06374   0.00084   0.14287   0.04498   0.00050   0.09934   0.00932   0.06189   0.04283   0.02571   0.06918   0.05268   0.01387   0.06863   0.00079   0.04767   0.01824   0.01902   0.01639   0.07552   0.07562   0.00407   0.11562   0.00159   0.00965   0.04422   0.06309   0.03461   0.05892   0.03601   0.06085   0.04526   0.05482   0.00000   0.01213   0.03656   0.01248   0.01694   0.00290   0.02707   0.01373   0.03375   0.03582   0.03005   0.00982   0.01409   0.01831   0.05981   0.03968   4.82801   0.90678   0.19576   2.31490  
 77 216.5651  21152.884461  x:  0.00109   0.01419   0.03267   0.03772   0.00000   0.05221   0.06311   0.00082   0.14203   0.04499   0.00049   0.09843   0.00960   0.06165   0.04247   0.02543   0.06918   0.05262   0.01376   0.06830   0.00079   0.04695   0.01826   0.01896   0.01619   0.07507   0.07644   0.00329   0.11535   0.00173   0.00936   0.04332   0.06282   0.03453   0.05880   0.03596   0.06073   0.04552   0.05518   0.00000   0.01204   0.03653   0.01229   0.01687   0.00281   0.02691   0.01409   0.03428   0.03575   0.03038   0.00973   0.01406   0.01834   0.05956   0.03964   4.82862   0.90763   0.19334   2.31504  
 78 178.0369  21152.813785  x:  0.00116   0.01419   0.03261   0.03774   0.00000   0.05207   0.06292   0.00084   0.14141   0.04498   0.00048   0.09790   0.00962   0.06153   0.04232   0.02547   0.06884   0.05260   0.01351   0.06820   0.00081   0.04660   0.01798   0.01855   0.01628   0.07474   0.07674   0.00370   0.11513   0.00164   0.00961   0.04294   0.06275   0.03450   0.05871   0.03594   0.06069   0.04560   0.05552   0.00000   0.01176   0.03648   0.01182   0.01674   0.00281   0.02692   0.01395   0.03418   0.03568   0.03021   0.00975   0.01400   0.01803   0.05939   0.03958   4.82916   0.90789   0.19158   2.31514  
 79 137.9000  21152.774769  x:  0.00106   0.01417   0.03255   0.03761   0.00000   0.05199   0.06297   0.00069   0.14094   0.04494   0.00070   0.09763   0.00954   0.06148   0.04233   0.02561   0.06843   0.05260   0.01350   0.06822   0.00082   0.04658   0.01788   0.01847   0.01636   0.07455   0.07671   0.00361   0.11492   0.00164   0.00960   0.04296   0.06275   0.03447   0.05864   0.03592   0.06066   0.04552   0.05567   0.00000   0.01187   0.03643   0.01208   0.01678   0.00292   0.02699   0.01380   0.03382   0.03563   0.02989   0.00975   0.01400   0.01789   0.05930   0.03953   4.82966   0.90779   0.19026   2.31521  
 80 106.8977  21152.740500  x:  0.00116   0.01416   0.03250   0.03747   0.00000   0.05192   0.06304   0.00084   0.14051   0.04492   0.00050   0.09741   0.00946   0.06145   0.04236   0.02574   0.06804   0.05259   0.01354   0.06825   0.00081   0.04662   0.01784   0.01846   0.01640   0.07439   0.07662   0.00351   0.11473   0.00165   0.00956   0.04304   0.06277   0.03443   0.05857   0.03590   0.06063   0.04542   0.05576   0.00000   0.01200   0.03638   0.01232   0.01682   0.00281   0.02705   0.01371   0.03348   0.03559   0.02963   0.00974   0.01401   0.01783   0.05923   0.03948   4.83017   0.90762   0.18903   2.31528  
 81 309.8562  21152.695481  x:  0.00114   0.01415   0.03248   0.03729   0.00000   0.05188   0.06326   0.00082   0.13994   0.04483   0.00051   0.09728   0.00957   0.06145   0.04249   0.02583   0.06751   0.05256   0.01374   0.06833   0.00079   0.04689   0.01808   0.01879   0.01620   0.07427   0.07625   0.00366   0.11444   0.00166   0.00945   0.04338   0.06281   0.03439   0.05849   0.03586   0.06059   0.04519   0.05562   0.00000   0.01195   0.03630   0.01198   0.01676   0.00281   0.02702   0.01403   0.03328   0.03559   0.02958   0.00972   0.01400   0.01812   0.05920   0.03946   4.83115   0.90698   0.18709   2.31538  
 82 105.4568  21152.654685  x:  0.00114   0.01419   0.03256   0.03731   0.00000   0.05191   0.06346   0.00083   0.13959   0.04478   0.00051   0.09745   0.00960   0.06148   0.04255   0.02562   0.06735   0.05245   0.01356   0.06838   0.00079   0.04713   0.01802   0.01860   0.01623   0.07440   0.07570   0.00362   0.11424   0.00165   0.00948   0.04368   0.06281   0.03443   0.05849   0.03586   0.06057   0.04510   0.05521   0.00000   0.01172   0.03633   0.01218   0.01678   0.00282   0.02686   0.01385   0.03377   0.03564   0.03009   0.00980   0.01399   0.01811   0.05927   0.03946   4.83253   0.90575   0.18510   2.31547  
 83 75.8480  21152.634533  x:  0.00114   0.01418   0.03259   0.03743   0.00000   0.05197   0.06347   0.00083   0.13960   0.04483   0.00052   0.09766   0.00951   0.06150   0.04251   0.02555   0.06757   0.05245   0.01362   0.06837   0.00079   0.04710   0.01793   0.01857   0.01633   0.07457   0.07548   0.00362   0.11423   0.00165   0.00952   0.04361   0.06279   0.03446   0.05854   0.03588   0.06058   0.04520   0.05507   0.00000   0.01211   0.03640   0.01204   0.01679   0.00281   0.02691   0.01389   0.03393   0.03565   0.03011   0.00961   0.01401   0.01797   0.05934   0.03949   4.83352   0.90492   0.18410   2.31551  
 84 74.2065  21152.608637  x:  0.00115   0.01415   0.03260   0.03763   0.00000   0.05208   0.06338   0.00082   0.13987   0.04492   0.00051   0.09800   0.00951   0.06155   0.04242   0.02559   0.06811   0.05251   0.01375   0.06834   0.00079   0.04691   0.01795   0.01870   0.01632   0.07484   0.07535   0.00360   0.11435   0.00167   0.00952   0.04334   0.06277   0.03447   0.05865   0.03593   0.06062   0.04543   0.05511   0.00000   0.01197   0.03647   0.01207   0.01680   0.00281   0.02706   0.01396   0.03385   0.03564   0.02983   0.00993   0.01405   0.01792   0.05942   0.03954   4.83515   0.90370   0.18286   2.31556  
 85 87.1508  21152.596978  x:  0.00115   0.01416   0.03259   0.03766   0.00000   0.05211   0.06332   0.00082   0.14009   0.04496   0.00051   0.09815   0.00957   0.06157   0.04242   0.02565   0.06834   0.05256   0.01366   0.06834   0.00079   0.04685   0.01803   0.01871   0.01627   0.07493   0.07542   0.00361   0.11446   0.00167   0.00953   0.04325   0.06278   0.03447   0.05870   0.03594   0.06066   0.04549   0.05524   0.00000   0.01183   0.03647   0.01215   0.01681   0.00282   0.02706   0.01392   0.03373   0.03565   0.02976   0.00966   0.01400   0.01805   0.05945   0.03956   4.83607   0.90319   0.18236   2.31558  
 86 83.4791  21152.579959  x:  0.00113   0.01421   0.03257   0.03752   0.00000   0.05212   0.06324   0.00081   0.14060   0.04497   0.00051   0.09827   0.00959   0.06162   0.04253   0.02574   0.06850   0.05266   0.01344   0.06839   0.00079   0.04688   0.01813   0.01861   0.01626   0.07490   0.07580   0.00359   0.11474   0.00166   0.00956   0.04331   0.06287   0.03446   0.05873   0.03594   0.06073   0.04543   0.05562   0.00000   0.01203   0.03640   0.01209   0.01681   0.00281   0.02694   0.01385   0.03356   0.03569   0.02997   0.00980   0.01404   0.01827   0.05944   0.03957   4.83792   0.90262   0.18181   2.31559  
 87 57.3591  21152.554862  x:  0.00113   0.01418   0.03260   0.03733   0.00000   0.05209   0.06321   0.00082   0.14138   0.04496   0.00052   0.09830   0.00942   0.06167   0.04267   0.02574   0.06846   0.05281   0.01376   0.06851   0.00078   0.04703   0.01799   0.01870   0.01640   0.07474   0.07649   0.00361   0.11517   0.00167   0.00951   0.04353   0.06302   0.03447   0.05874   0.03595   0.06081   0.04528   0.05600   0.00000   0.01189   0.03636   0.01213   0.01681   0.00281   0.02690   0.01400   0.03365   0.03575   0.03021   0.00974   0.01403   0.01801   0.05939   0.03954   4.84114   0.90206   0.18124   2.31560  
 88 87.5639  21152.508924  x:  0.00115   0.01425   0.03270   0.03748   0.00000   0.05201   0.06347   0.00081   0.14239   0.04486   0.00048   0.09816   0.00968   0.06171   0.04263   0.02562   0.06792   0.05274   0.01369   0.06865   0.00078   0.04721   0.01800   0.01883   0.01609   0.07444   0.07743   0.00361   0.11566   0.00165   0.00943   0.04370   0.06314   0.03458   0.05870   0.03600   0.06087   0.04527   0.05576   0.00000   0.01200   0.03656   0.01210   0.01684   0.00281   0.02725   0.01374   0.03415   0.03572   0.02975   0.00976   0.01403   0.01791   0.05938   0.03961   4.84794   0.90158   0.18078   2.31558  
 89 97.9737  21152.432009  x:  0.00115   0.01416   0.03269   0.03781   0.00000   0.05196   0.06394   0.00081   0.14328   0.04483   0.00051   0.09785   0.00917   0.06170   0.04237   0.02567   0.06726   0.05249   0.01354   0.06872   0.00079   0.04717   0.01820   0.01856   0.01665   0.07427   0.07816   0.00354   0.11599   0.00166   0.00955   0.04359   0.06310   0.03468   0.05867   0.03603   0.06083   0.04548   0.05500   0.00000   0.01189   0.03669   0.01213   0.01682   0.00280   0.02724   0.01415   0.03416   0.03565   0.02949   0.00975   0.01407   0.01842   0.05947   0.03971   4.85997   0.90124   0.18053   2.31552  
 90 219.5978  21152.147124  x:  0.00117   0.01415   0.03238   0.03823   0.00000   0.05198   0.06516   0.00079   0.14469   0.04462   0.00043   0.09711   0.00965   0.06171   0.04195   0.02626   0.06630   0.05199   0.01428   0.06854   0.00077   0.04660   0.01781   0.01840   0.01614   0.07452   0.07873   0.00352   0.11608   0.00165   0.00956   0.04277   0.06268   0.03457   0.05868   0.03600   0.06050   0.04605   0.05339   0.00000   0.01196   0.03648   0.01214   0.01681   0.00284   0.02623   0.01393   0.03275   0.03557   0.03055   0.00973   0.01393   0.01802   0.05978   0.03964   4.90556   0.90087   0.18046   2.31526  
 91 503.9776  21151.027942  x:  0.00117   0.01462   0.03205   0.03694   0.00000   0.05190   0.06634   0.00080   0.14595   0.04421   0.00049   0.09572   0.00863   0.06166   0.04244   0.02606   0.06659   0.05171   0.01210   0.06767   0.00083   0.04601   0.01830   0.02041   0.01643   0.07617   0.07713   0.00376   0.11469   0.00168   0.00927   0.04228   0.06176   0.03398   0.05875   0.03579   0.05979   0.04576   0.05377   0.00000   0.01177   0.03563   0.01210   0.01678   0.00287   0.02746   0.01421   0.03271   0.03609   0.03126   0.00948   0.01465   0.01643   0.06006   0.03904   5.08588   0.90154   0.18105   2.31421  
 92 1411.1955  21149.548260  x:  0.00108   0.01406   0.03235   0.03579   0.00000   0.05170   0.06622   0.00079   0.14611   0.04387   0.00047   0.09495   0.00904   0.06160   0.04317   0.02519   0.06794   0.05234   0.01416   0.06704   0.00078   0.04615   0.01784   0.01818   0.01666   0.07763   0.07453   0.00365   0.11281   0.00160   0.01003   0.04291   0.06143   0.03389   0.05872   0.03576   0.05950   0.04481   0.05575   0.00000   0.01202   0.03551   0.01205   0.01677   0.00281   0.02827   0.01398   0.03415   0.03622   0.03011   0.00951   0.01337   0.01820   0.05993   0.03894   5.32891   0.90278   0.18205   2.31278  
 93 6932.7588  21149.030864  x:  0.00107   0.01392   0.03288   0.03718   0.00000   0.05171   0.06453   0.00078   0.14448   0.04434   0.00052   0.09605   0.00895   0.06151   0.04263   0.02527   0.06834   0.05273   0.01411   0.06770   0.00077   0.04702   0.01760   0.01806   0.01654   0.07652   0.07410   0.00380   0.11284   0.00164   0.00923   0.04370   0.06236   0.03443   0.05855   0.03589   0.06027   0.04480   0.05626   0.00000   0.01187   0.03651   0.01201   0.01675   0.00285   0.02630   0.01393   0.03408   0.03543   0.02947   0.00923   0.01498   0.01805   0.05930   0.03949   5.41327   0.90287   0.18274   2.31226  
 94 2534.0917  21148.814063  x:  0.00105   0.01410   0.03290   0.03787   0.00000   0.05178   0.06339   0.00077   0.14303   0.04469   0.00055   0.09706   0.00898   0.06147   0.04229   0.02552   0.06836   0.05281   0.01375   0.06824   0.00077   0.04738   0.01773   0.01856   0.01671   0.07540   0.07429   0.00363   0.11324   0.00164   0.00951   0.04399   0.06298   0.03468   0.05846   0.03592   0.06074   0.04499   0.05613   0.00000   0.01199   0.03682   0.01203   0.01674   0.00286   0.02607   0.01413   0.03382   0.03522   0.02966   0.00941   0.01358   0.01771   0.05899   0.03969   5.44747   0.90260   0.18322   2.31203  
 95 1691.2067  21148.702655  x:  0.00105   0.01407   0.03254   0.03778   0.00000   0.05193   0.06266   0.00077   0.14143   0.04490   0.00057   0.09809   0.00910   0.06148   0.04229   0.02576   0.06822   0.05276   0.01397   0.06863   0.00076   0.04728   0.01777   0.01842   0.01669   0.07431   0.07487   0.00352   0.11392   0.00163   0.00981   0.04382   0.06328   0.03455   0.05848   0.03584   0.06093   0.04518   0.05569   0.00000   0.01194   0.03651   0.01203   0.01675   0.00285   0.02716   0.01406   0.03368   0.03555   0.03019   0.00933   0.01406   0.01785   0.05898   0.03957   5.46565   0.90207   0.18370   2.31188  
 96 597.6611  21148.679947  x:  0.00106   0.01403   0.03252   0.03749   0.00000   0.05200   0.06272   0.00077   0.14077   0.04491   0.00057   0.09838   0.00900   0.06151   0.04248   0.02573   0.06818   0.05270   0.01394   0.06863   0.00076   0.04711   0.01769   0.01834   0.01668   0.07412   0.07521   0.00368   0.11429   0.00165   0.00939   0.04364   0.06316   0.03441   0.05855   0.03584   0.06085   0.04517   0.05560   0.00000   0.01196   0.03637   0.01203   0.01679   0.00286   0.02699   0.01405   0.03383   0.03568   0.03004   0.00935   0.01393   0.01791   0.05912   0.03949   5.46934   0.90179   0.18390   2.31185  
 97 149.1995  21148.671571  x:  0.00106   0.01407   0.03259   0.03733   0.00000   0.05201   0.06289   0.00078   0.14036   0.04489   0.00057   0.09848   0.00907   0.06153   0.04259   0.02569   0.06818   0.05269   0.01396   0.06855   0.00076   0.04704   0.01774   0.01841   0.01672   0.07415   0.07546   0.00361   0.11454   0.00163   0.00963   0.04361   0.06305   0.03444   0.05860   0.03588   0.06077   0.04514   0.05564   0.00000   0.01197   0.03637   0.01204   0.01676   0.00286   0.02678   0.01407   0.03390   0.03566   0.02991   0.00935   0.01399   0.01786   0.05923   0.03948   5.47070   0.90165   0.18399   2.31183  
 98 67.4967  21148.668999  x:  0.00106   0.01406   0.03266   0.03741   0.00000   0.05200   0.06307   0.00078   0.14013   0.04489   0.00057   0.09847   0.00902   0.06154   0.04257   0.02568   0.06820   0.05271   0.01396   0.06849   0.00076   0.04708   0.01775   0.01839   0.01667   0.07432   0.07561   0.00361   0.11470   0.00163   0.00961   0.04365   0.06300   0.03450   0.05862   0.03590   0.06074   0.04512   0.05573   0.00000   0.01196   0.03646   0.01203   0.01677   0.00286   0.02687   0.01407   0.03385   0.03559   0.02999   0.00935   0.01398   0.01786   0.05927   0.03952   5.47112   0.90161   0.18402   2.31182  
 99 17.5500  21148.668700  x:  0.00105   0.01407   0.03264   0.03743   0.00000   0.05199   0.06309   0.00078   0.14009   0.04489   0.00057   0.09846   0.00906   0.06155   0.04255   0.02568   0.06821   0.05271   0.01396   0.06849   0.00076   0.04710   0.01774   0.01840   0.01672   0.07436   0.07563   0.00362   0.11473   0.00163   0.00959   0.04367   0.06300   0.03450   0.05861   0.03590   0.06075   0.04513   0.05574   0.00000   0.01196   0.03646   0.01203   0.01677   0.00286   0.02688   0.01407   0.03385   0.03560   0.02999   0.00935   0.01398   0.01787   0.05926   0.03953   5.47117   0.90161   0.18403   2.31181  
100  7.1032  21148.668577  x:  0.00106   0.01407   0.03261   0.03744   0.00000   0.05197   0.06310   0.00078   0.14007   0.04489   0.00057   0.09842   0.00905   0.06155   0.04254   0.02568   0.06821   0.05272   0.01396   0.06850   0.00076   0.04711   0.01774   0.01840   0.01671   0.07441   0.07565   0.00361   0.11475   0.00163   0.00960   0.04367   0.06303   0.03449   0.05861   0.03589   0.06076   0.04514   0.05574   0.00000   0.01196   0.03644   0.01203   0.01677   0.00286   0.02687   0.01407   0.03386   0.03563   0.02998   0.00935   0.01398   0.01787   0.05924   0.03952   5.47119   0.90159   0.18403   2.31181  
101  3.2774  21148.668543  x:  0.00106   0.01406   0.03262   0.03744   0.00000   0.05197   0.06308   0.00078   0.14006   0.04489   0.00057   0.09840   0.00906   0.06155   0.04255   0.02568   0.06820   0.05272   0.01396   0.06851   0.00076   0.04711   0.01775   0.01840   0.01671   0.07443   0.07564   0.00362   0.11476   0.00163   0.00959   0.04367   0.06304   0.03449   0.05861   0.03589   0.06077   0.04514   0.05574   0.00000   0.01197   0.03644   0.01203   0.01677   0.00286   0.02687   0.01407   0.03386   0.03562   0.02999   0.00935   0.01398   0.01786   0.05924   0.03952   5.47119   0.90158   0.18404   2.31180  
102  1.0548  21148.668520  x:  0.00106   0.01407   0.03263   0.03743   0.00000   0.05198   0.06307   0.00078   0.14006   0.04490   0.00057   0.09838   0.00906   0.06155   0.04255   0.02568   0.06820   0.05272   0.01396   0.06851   0.00076   0.04710   0.01774   0.01840   0.01671   0.07443   0.07564   0.00362   0.11477   0.00163   0.00960   0.04367   0.06305   0.03449   0.05861   0.03589   0.06077   0.04514   0.05573   0.00000   0.01196   0.03644   0.01203   0.01677   0.00286   0.02687   0.01407   0.03386   0.03561   0.02999   0.00935   0.01398   0.01787   0.05924   0.03952   5.47120   0.90158   0.18404   2.31179  
103  1.1646  21148.668386  x:  0.00106   0.01405   0.03262   0.03744   0.00000   0.05201   0.06304   0.00078   0.14005   0.04491   0.00057   0.09833   0.00906   0.06155   0.04255   0.02569   0.06819   0.05272   0.01395   0.06851   0.00076   0.04710   0.01773   0.01841   0.01671   0.07443   0.07562   0.00361   0.11479   0.00163   0.00960   0.04367   0.06303   0.03450   0.05861   0.03589   0.06076   0.04513   0.05574   0.00000   0.01197   0.03646   0.01203   0.01677   0.00286   0.02687   0.01407   0.03386   0.03564   0.02999   0.00935   0.01398   0.01787   0.05927   0.03954   5.47123   0.90156   0.18404   2.31170  
104  0.6688  21148.668131  x:  0.00105   0.01409   0.03262   0.03745   0.00000   0.05203   0.06302   0.00078   0.14005   0.04492   0.00057   0.09828   0.00907   0.06155   0.04255   0.02569   0.06818   0.05272   0.01397   0.06851   0.00076   0.04711   0.01777   0.01839   0.01671   0.07441   0.07560   0.00361   0.11482   0.00163   0.00959   0.04368   0.06301   0.03450   0.05861   0.03589   0.06074   0.04513   0.05576   0.00000   0.01197   0.03645   0.01203   0.01677   0.00286   0.02687   0.01407   0.03386   0.03565   0.02999   0.00935   0.01398   0.01785   0.05929   0.03954   5.47130   0.90154   0.18404   2.31152  
105  3.5916  21148.666204  x:  0.00106   0.01401   0.03259   0.03751   0.00000   0.05204   0.06304   0.00078   0.14005   0.04491   0.00057   0.09815   0.00908   0.06155   0.04251   0.02563   0.06821   0.05275   0.01395   0.06846   0.00075   0.04716   0.01778   0.01839   0.01670   0.07431   0.07554   0.00360   0.11491   0.00163   0.00961   0.04372   0.06296   0.03443   0.05863   0.03586   0.06072   0.04520   0.05578   0.00000   0.01197   0.03632   0.01203   0.01677   0.00286   0.02687   0.01406   0.03387   0.03551   0.02997   0.00936   0.01398   0.01785   0.05929   0.03946   5.47180   0.90148   0.18399   2.31016  
106  9.0904  21148.656855  x:  0.00105   0.01384   0.03258   0.03744   0.00000   0.05182   0.06326   0.00078   0.14006   0.04481   0.00054   0.09809   0.00912   0.06157   0.04251   0.02573   0.06835   0.05279   0.01394   0.06843   0.00073   0.04714   0.01805   0.01832   0.01670   0.07422   0.07546   0.00361   0.11504   0.00164   0.00960   0.04368   0.06305   0.03443   0.05863   0.03589   0.06085   0.04527   0.05568   0.00000   0.01196   0.03639   0.01202   0.01686   0.00286   0.02682   0.01402   0.03390   0.03568   0.02995   0.00938   0.01397   0.01774   0.05900   0.03943   5.47426   0.90155   0.18355   2.30348  
107 38.9321  21148.653895  x:  0.00104   0.01378   0.03250   0.03745   0.00000   0.05183   0.06322   0.00078   0.14007   0.04484   0.00054   0.09819   0.00914   0.06156   0.04250   0.02563   0.06828   0.05274   0.01394   0.06850   0.00072   0.04711   0.01813   0.01830   0.01669   0.07437   0.07555   0.00362   0.11494   0.00164   0.00958   0.04364   0.06312   0.03442   0.05858   0.03585   0.06085   0.04518   0.05568   0.00000   0.01198   0.03635   0.01205   0.01669   0.00286   0.02682   0.01400   0.03388   0.03565   0.02993   0.00938   0.01397   0.01770   0.05907   0.03948   5.47503   0.90157   0.18343   2.30147  
108 51.1906  21148.652256  x:  0.00104   0.01377   0.03247   0.03747   0.00000   0.05187   0.06316   0.00078   0.14007   0.04487   0.00053   0.09826   0.00915   0.06154   0.04249   0.02560   0.06820   0.05271   0.01394   0.06854   0.00072   0.04711   0.01817   0.01829   0.01669   0.07450   0.07565   0.00362   0.11483   0.00164   0.00958   0.04363   0.06314   0.03441   0.05855   0.03583   0.06083   0.04514   0.05569   0.00000   0.01197   0.03631   0.01202   0.01684   0.00286   0.02681   0.01400   0.03388   0.03562   0.02992   0.00938   0.01397   0.01768   0.05914   0.03949   5.47546   0.90157   0.18336   2.30043  
109 48.2083  21148.651552  x:  0.00104   0.01375   0.03252   0.03748   0.00000   0.05191   0.06310   0.00078   0.14006   0.04487   0.00053   0.09829   0.00915   0.06154   0.04248   0.02568   0.06815   0.05273   0.01394   0.06853   0.00072   0.04714   0.01818   0.01829   0.01669   0.07457   0.07573   0.00362   0.11472   0.00164   0.00958   0.04366   0.06311   0.03440   0.05856   0.03586   0.06080   0.04521   0.05570   0.00000   0.01197   0.03630   0.01203   0.01682   0.00286   0.02681   0.01400   0.03391   0.03564   0.02992   0.00939   0.01397   0.01769   0.05914   0.03941   5.47564   0.90155   0.18335   2.30011  
110  8.3128  21148.650307  x:  0.00104   0.01375   0.03249   0.03744   0.00000   0.05190   0.06305   0.00078   0.14004   0.04484   0.00053   0.09825   0.00915   0.06156   0.04250   0.02558   0.06811   0.05280   0.01394   0.06846   0.00072   0.04715   0.01818   0.01829   0.01669   0.07457   0.07582   0.00363   0.11455   0.00164   0.00958   0.04368   0.06305   0.03442   0.05862   0.03586   0.06080   0.04528   0.05569   0.00000   0.01197   0.03635   0.01203   0.01682   0.00286   0.02681   0.01400   0.03387   0.03566   0.02993   0.00939   0.01397   0.01769   0.05905   0.03946   5.47598   0.90144   0.18340   2.30000  
111  2.8856  21148.642472  x:  0.00102   0.01379   0.03247   0.03753   0.00000   0.05184   0.06321   0.00078   0.14000   0.04495   0.00052   0.09805   0.00916   0.06163   0.04251   0.02583   0.06822   0.05283   0.01393   0.06836   0.00070   0.04708   0.01817   0.01833   0.01667   0.07442   0.07602   0.00363   0.11411   0.00164   0.00958   0.04362   0.06303   0.03447   0.05870   0.03574   0.06094   0.04504   0.05569   0.00000   0.01197   0.03626   0.01203   0.01681   0.00286   0.02684   0.01397   0.03398   0.03555   0.02994   0.00941   0.01398   0.01772   0.05895   0.03961   5.47814   0.90114   0.18351   2.30008  
112  7.7222  21148.599245  x:  0.00089   0.01385   0.03272   0.03772   0.00000   0.05180   0.06383   0.00078   0.14008   0.04497   0.00044   0.09774   0.00919   0.06167   0.04245   0.02546   0.06862   0.05249   0.01389   0.06870   0.00062   0.04703   0.01813   0.01846   0.01658   0.07399   0.07630   0.00362   0.11354   0.00164   0.00955   0.04357   0.06336   0.03442   0.05867   0.03607   0.06116   0.04516   0.05583   0.00000   0.01195   0.03642   0.01202   0.01676   0.00286   0.02689   0.01385   0.03375   0.03584   0.02997   0.00950   0.01398   0.01787   0.05951   0.03909   5.48998   0.90084   0.18349   2.30119  
113 47.3917  21148.524549  x:  0.00068   0.01389   0.03243   0.03733   0.00000   0.05197   0.06400   0.00080   0.14052   0.04458   0.00031   0.09810   0.00918   0.06156   0.04244   0.02586   0.06840   0.05259   0.01376   0.06885   0.00049   0.04707   0.01807   0.01865   0.01641   0.07412   0.07607   0.00360   0.11407   0.00163   0.00952   0.04348   0.06317   0.03447   0.05856   0.03592   0.06070   0.04587   0.05575   0.00000   0.01190   0.03659   0.01199   0.01665   0.00285   0.02697   0.01365   0.03386   0.03544   0.03002   0.00964   0.01398   0.01801   0.05965   0.03972   5.51024   0.90102   0.18309   2.30330  
114 187.7817  21148.500360  x:  0.00062   0.01393   0.03274   0.03760   0.00000   0.05190   0.06375   0.00080   0.14076   0.04468   0.00026   0.09844   0.00919   0.06156   0.04240   0.02575   0.06796   0.05272   0.01372   0.06845   0.00045   0.04691   0.01805   0.01869   0.01635   0.07436   0.07586   0.00357   0.11455   0.00162   0.00953   0.04337   0.06282   0.03450   0.05866   0.03590   0.06062   0.04542   0.05560   0.00000   0.01189   0.03642   0.01199   0.01662   0.00285   0.02700   0.01358   0.03371   0.03563   0.02999   0.00969   0.01398   0.01808   0.05926   0.03950   5.51688   0.90108   0.18296   2.30401  
115 142.4925  21148.499709  x:  0.00062   0.01394   0.03265   0.03759   0.00000   0.05187   0.06373   0.00080   0.14077   0.04473   0.00026   0.09846   0.00919   0.06158   0.04240   0.02577   0.06792   0.05266   0.01372   0.06837   0.00045   0.04690   0.01805   0.01869   0.01635   0.07437   0.07585   0.00357   0.11457   0.00162   0.00953   0.04338   0.06281   0.03447   0.05869   0.03594   0.06067   0.04540   0.05561   0.00000   0.01189   0.03650   0.01199   0.01661   0.00285   0.02700   0.01358   0.03373   0.03559   0.02999   0.00969   0.01398   0.01809   0.05926   0.03944   5.51706   0.90108   0.18295   2.30403  
116  8.3638  21148.499671  x:  0.00062   0.01394   0.03266   0.03759   0.00000   0.05187   0.06373   0.00080   0.14077   0.04473   0.00026   0.09846   0.00919   0.06158   0.04240   0.02577   0.06792   0.05264   0.01372   0.06834   0.00045   0.04691   0.01805   0.01869   0.01635   0.07437   0.07584   0.00357   0.11458   0.00162   0.00953   0.04339   0.06282   0.03447   0.05869   0.03593   0.06070   0.04541   0.05562   0.00000   0.01189   0.03649   0.01199   0.01661   0.00285   0.02700   0.01358   0.03373   0.03559   0.02999   0.00969   0.01398   0.01809   0.05927   0.03946   5.51707   0.90109   0.18295   2.30403  
117  1.4354  21148.499669  x:  0.00062   0.01394   0.03266   0.03759   0.00000   0.05187   0.06372   0.00080   0.14077   0.04473   0.00026   0.09846   0.00919   0.06158   0.04240   0.02577   0.06792   0.05264   0.01372   0.06833   0.00045   0.04691   0.01805   0.01869   0.01635   0.07437   0.07584   0.00357   0.11458   0.00162   0.00953   0.04339   0.06282   0.03447   0.05869   0.03593   0.06070   0.04541   0.05561   0.00000   0.01189   0.03649   0.01199   0.01661   0.00285   0.02700   0.01358   0.03373   0.03559   0.02999   0.00969   0.01398   0.01809   0.05927   0.03946   5.51708   0.90109   0.18295   2.30403  
118  0.1302  21148.499653  x:  0.00062   0.01394   0.03266   0.03759   0.00000   0.05188   0.06373   0.00080   0.14077   0.04472   0.00026   0.09846   0.00919   0.06158   0.04240   0.02577   0.06791   0.05266   0.01372   0.06833   0.00045   0.04690   0.01805   0.01869   0.01635   0.07437   0.07584   0.00357   0.11458   0.00162   0.00953   0.04339   0.06283   0.03446   0.05869   0.03594   0.06071   0.04541   0.05561   0.00000   0.01189   0.03649   0.01199   0.01661   0.00285   0.02700   0.01358   0.03373   0.03560   0.02999   0.00969   0.01398   0.01809   0.05928   0.03946   5.51708   0.90109   0.18295   2.30403  
119  0.0687  21148.498582  x:  0.00062   0.01395   0.03265   0.03753   0.00000   0.05197   0.06377   0.00079   0.14079   0.04488   0.00026   0.09844   0.00920   0.06162   0.04237   0.02575   0.06788   0.05274   0.01371   0.06828   0.00046   0.04685   0.01806   0.01870   0.01635   0.07439   0.07583   0.00357   0.11460   0.00162   0.00952   0.04340   0.06293   0.03454   0.05871   0.03590   0.06068   0.04544   0.05559   0.00000   0.01188   0.03647   0.01198   0.01663   0.00285   0.02700   0.01357   0.03373   0.03560   0.02999   0.00969   0.01398   0.01809   0.05929   0.03945   5.51742   0.90110   0.18294   2.30408  
120  0.1838  21148.490152  x:  0.00065   0.01405   0.03262   0.03757   0.00000   0.05198   0.06369   0.00078   0.14095   0.04469   0.00024   0.09828   0.00918   0.06164   0.04242   0.02576   0.06763   0.05255   0.01372   0.06829   0.00052   0.04684   0.01807   0.01879   0.01632   0.07456   0.07569   0.00354   0.11479   0.00164   0.00957   0.04317   0.06300   0.03449   0.05869   0.03587   0.06066   0.04543   0.05565   0.00000   0.01186   0.03644   0.01194   0.01673   0.00287   0.02695   0.01346   0.03374   0.03562   0.02997   0.00973   0.01399   0.01813   0.05931   0.03953   5.52011   0.90095   0.18297   2.30448  
121  8.5334  21148.489577  x:  0.00066   0.01406   0.03261   0.03755   0.00000   0.05192   0.06367   0.00078   0.14097   0.04472   0.00024   0.09827   0.00918   0.06159   0.04238   0.02576   0.06761   0.05261   0.01371   0.06835   0.00053   0.04679   0.01807   0.01879   0.01632   0.07458   0.07568   0.00354   0.11480   0.00164   0.00957   0.04321   0.06290   0.03451   0.05867   0.03590   0.06076   0.04543   0.05563   0.00000   0.01185   0.03642   0.01194   0.01673   0.00287   0.02695   0.01346   0.03375   0.03562   0.02997   0.00973   0.01399   0.01813   0.05938   0.03954   5.52030   0.90094   0.18297   2.30451  
122  6.2990  21148.489568  x:  0.00066   0.01406   0.03261   0.03755   0.00000   0.05192   0.06368   0.00077   0.14097   0.04472   0.00024   0.09827   0.00918   0.06159   0.04239   0.02576   0.06761   0.05261   0.01371   0.06835   0.00053   0.04679   0.01807   0.01879   0.01632   0.07458   0.07568   0.00354   0.11480   0.00164   0.00957   0.04321   0.06289   0.03450   0.05867   0.03589   0.06077   0.04543   0.05563   0.00000   0.01185   0.03643   0.01194   0.01674   0.00287   0.02695   0.01346   0.03375   0.03562   0.02997   0.00973   0.01399   0.01813   0.05938   0.03953   5.52030   0.90095   0.18297   2.30451  
123  0.8021  21148.489567  x:  0.00066   0.01406   0.03261   0.03755   0.00000   0.05192   0.06368   0.00077   0.14097   0.04472   0.00024   0.09827   0.00918   0.06159   0.04239   0.02576   0.06761   0.05261   0.01371   0.06835   0.00053   0.04679   0.01807   0.01879   0.01632   0.07458   0.07568   0.00354   0.11480   0.00164   0.00957   0.04321   0.06289   0.03450   0.05867   0.03589   0.06077   0.04543   0.05563   0.00000   0.01185   0.03642   0.01194   0.01674   0.00287   0.02695   0.01346   0.03375   0.03562   0.02997   0.00973   0.01399   0.01813   0.05938   0.03953   5.52030   0.90095   0.18297   2.30451  
124  0.1328  21148.489565  x:  0.00066   0.01406   0.03261   0.03755   0.00000   0.05193   0.06368   0.00077   0.14097   0.04472   0.00024   0.09827   0.00918   0.06159   0.04239   0.02576   0.06761   0.05261   0.01371   0.06836   0.00053   0.04679   0.01807   0.01879   0.01632   0.07458   0.07568   0.00354   0.11480   0.00164   0.00957   0.04321   0.06289   0.03450   0.05868   0.03589   0.06077   0.04543   0.05563   0.00000   0.01185   0.03643   0.01194   0.01674   0.00287   0.02695   0.01346   0.03375   0.03562   0.02997   0.00973   0.01399   0.01813   0.05938   0.03953   5.52031   0.90095   0.18297   2.30451  
125  0.0327  21148.489402  x:  0.00066   0.01406   0.03261   0.03758   0.00000   0.05192   0.06368   0.00077   0.14097   0.04474   0.00024   0.09827   0.00918   0.06161   0.04243   0.02576   0.06761   0.05258   0.01372   0.06838   0.00052   0.04674   0.01807   0.01880   0.01632   0.07458   0.07568   0.00354   0.11481   0.00164   0.00957   0.04325   0.06288   0.03449   0.05869   0.03586   0.06076   0.04545   0.05563   0.00000   0.01185   0.03643   0.01194   0.01674   0.00287   0.02695   0.01346   0.03374   0.03563   0.02997   0.00973   0.01399   0.01813   0.05937   0.03955   5.52100   0.90095   0.18296   2.30452  
126  0.1477  21148.489155  x:  0.00066   0.01406   0.03264   0.03755   0.00000   0.05190   0.06368   0.00077   0.14097   0.04481   0.00024   0.09826   0.00918   0.06161   0.04241   0.02575   0.06760   0.05256   0.01372   0.06839   0.00052   0.04678   0.01807   0.01880   0.01632   0.07459   0.07568   0.00354   0.11481   0.00164   0.00958   0.04323   0.06287   0.03443   0.05869   0.03586   0.06075   0.04546   0.05564   0.00000   0.01185   0.03643   0.01193   0.01674   0.00287   0.02695   0.01346   0.03374   0.03563   0.02997   0.00973   0.01399   0.01813   0.05936   0.03958   5.52206   0.90094   0.18296   2.30454  
127 12.2606  21148.489153  x:  0.00066   0.01406   0.03264   0.03755   0.00000   0.05190   0.06368   0.00077   0.14097   0.04481   0.00024   0.09826   0.00918   0.06160   0.04241   0.02575   0.06760   0.05256   0.01372   0.06839   0.00052   0.04678   0.01807   0.01880   0.01632   0.07459   0.07568   0.00354   0.11481   0.00164   0.00958   0.04323   0.06287   0.03443   0.05868   0.03587   0.06075   0.04546   0.05564   0.00000   0.01185   0.03643   0.01193   0.01674   0.00287   0.02695   0.01346   0.03374   0.03563   0.02997   0.00973   0.01399   0.01813   0.05935   0.03958   5.52206   0.90094   0.18296   2.30454  
128  0.2747  21148.489149  x:  0.00066   0.01406   0.03264   0.03755   0.00000   0.05189   0.06368   0.00077   0.14097   0.04481   0.00024   0.09826   0.00918   0.06159   0.04241   0.02575   0.06760   0.05256   0.01372   0.06839   0.00052   0.04678   0.01807   0.01880   0.01632   0.07459   0.07568   0.00354   0.11481   0.00164   0.00958   0.04323   0.06287   0.03443   0.05870   0.03586   0.06075   0.04546   0.05564   0.00000   0.01185   0.03643   0.01193   0.01674   0.00287   0.02695   0.01346   0.03374   0.03563   0.02997   0.00973   0.01399   0.01813   0.05936   0.03958   5.52206   0.90094   0.18296   2.30454  
129  0.0074  21148.488431  x:  0.00066   0.01411   0.03259   0.03754   0.00000   0.05190   0.06364   0.00076   0.14096   0.04481   0.00025   0.09819   0.00918   0.06164   0.04240   0.02574   0.06761   0.05260   0.01372   0.06848   0.00051   0.04677   0.01808   0.01878   0.01633   0.07462   0.07567   0.00354   0.11483   0.00164   0.00959   0.04321   0.06290   0.03443   0.05869   0.03589   0.06070   0.04542   0.05563   0.00000   0.01185   0.03642   0.01193   0.01678   0.00288   0.02693   0.01347   0.03376   0.03562   0.02996   0.00972   0.01399   0.01811   0.05935   0.03956   5.52210   0.90093   0.18296   2.30401  
130  0.0674  21148.488281  x:  0.00066   0.01411   0.03259   0.03755   0.00000   0.05194   0.06365   0.00076   0.14096   0.04481   0.00025   0.09818   0.00919   0.06157   0.04242   0.02574   0.06761   0.05260   0.01372   0.06848   0.00051   0.04676   0.01808   0.01877   0.01633   0.07462   0.07567   0.00354   0.11483   0.00164   0.00959   0.04321   0.06290   0.03443   0.05865   0.03588   0.06072   0.04542   0.05563   0.00000   0.01185   0.03642   0.01193   0.01679   0.00288   0.02693   0.01348   0.03376   0.03562   0.02996   0.00972   0.01399   0.01811   0.05933   0.03956   5.52304   0.90091   0.18292   2.30362  
131  0.0068  21148.488076  x:  0.00066   0.01410   0.03258   0.03755   0.00000   0.05194   0.06365   0.00076   0.14093   0.04480   0.00025   0.09818   0.00918   0.06156   0.04241   0.02574   0.06765   0.05261   0.01372   0.06848   0.00051   0.04678   0.01808   0.01876   0.01634   0.07461   0.07568   0.00354   0.11481   0.00164   0.00959   0.04323   0.06291   0.03444   0.05865   0.03589   0.06071   0.04540   0.05563   0.00000   0.01186   0.03642   0.01194   0.01678   0.00288   0.02692   0.01350   0.03376   0.03562   0.02996   0.00971   0.01399   0.01810   0.05932   0.03954   5.52515   0.90096   0.18295   2.30208  
132  0.0018  21148.487815  x:  0.00066   0.01410   0.03257   0.03755   0.00000   0.05195   0.06365   0.00076   0.14095   0.04478   0.00024   0.09821   0.00919   0.06156   0.04241   0.02574   0.06764   0.05261   0.01372   0.06846   0.00050   0.04677   0.01808   0.01877   0.01634   0.07459   0.07567   0.00354   0.11481   0.00164   0.00958   0.04322   0.06289   0.03446   0.05865   0.03591   0.06071   0.04539   0.05563   0.00000   0.01185   0.03643   0.01193   0.01677   0.00287   0.02693   0.01348   0.03376   0.03562   0.02996   0.00971   0.01399   0.01811   0.05933   0.03953   5.52878   0.90097   0.18281   2.30024  
133  0.0012  21148.487676  x:  0.00065   0.01412   0.03257   0.03754   0.00000   0.05195   0.06365   0.00075   0.14096   0.04478   0.00025   0.09819   0.00919   0.06157   0.04241   0.02574   0.06762   0.05261   0.01372   0.06847   0.00050   0.04677   0.01806   0.01877   0.01633   0.07461   0.07567   0.00354   0.11482   0.00164   0.00958   0.04321   0.06290   0.03446   0.05866   0.03590   0.06071   0.04540   0.05563   0.00000   0.01185   0.03643   0.01193   0.01678   0.00288   0.02693   0.01348   0.03376   0.03562   0.02996   0.00972   0.01399   0.01812   0.05934   0.03954   5.53060   0.90092   0.18270   2.29975  
134  0.0013  21148.487614  x:  0.00066   0.01412   0.03258   0.03754   0.00000   0.05193   0.06365   0.00076   0.14095   0.04478   0.00025   0.09819   0.00918   0.06158   0.04241   0.02574   0.06763   0.05262   0.01372   0.06847   0.00051   0.04677   0.01806   0.01877   0.01633   0.07461   0.07567   0.00354   0.11482   0.00164   0.00959   0.04321   0.06291   0.03445   0.05866   0.03588   0.06072   0.04540   0.05563   0.00000   0.01185   0.03643   0.01194   0.01678   0.00288   0.02693   0.01349   0.03376   0.03561   0.02996   0.00971   0.01399   0.01812   0.05934   0.03954   5.53153   0.90090   0.18265   2.29957  
135  0.0005  21148.487581  x:  0.00066   0.01411   0.03258   0.03754   0.00000   0.05193   0.06364   0.00076   0.14094   0.04479   0.00025   0.09819   0.00918   0.06159   0.04240   0.02574   0.06763   0.05261   0.01372   0.06847   0.00051   0.04677   0.01807   0.01877   0.01634   0.07461   0.07567   0.00354   0.11481   0.00164   0.00959   0.04322   0.06290   0.03445   0.05866   0.03590   0.06071   0.04540   0.05563   0.00000   0.01186   0.03642   0.01194   0.01678   0.00288   0.02693   0.01349   0.03376   0.03562   0.02996   0.00971   0.01399   0.01811   0.05934   0.03954   5.53204   0.90088   0.18260   2.29963  
136  0.0003  21148.487579  x:  0.00066   0.01411   0.03258   0.03754   0.00000   0.05193   0.06364   0.00076   0.14095   0.04479   0.00025   0.09819   0.00918   0.06159   0.04240   0.02574   0.06763   0.05262   0.01372   0.06847   0.00051   0.04677   0.01807   0.01877   0.01634   0.07461   0.07567   0.00354   0.11482   0.00164   0.00959   0.04322   0.06290   0.03445   0.05866   0.03590   0.06071   0.04540   0.05563   0.00000   0.01186   0.03642   0.01194   0.01678   0.00288   0.02693   0.01349   0.03376   0.03562   0.02996   0.00971   0.01399   0.01811   0.05934   0.03954   5.53208   0.90088   0.18261   2.29964  
137  0.0000  21148.487578  x:  0.00066   0.01411   0.03258   0.03755   0.00000   0.05193   0.06364   0.00076   0.14095   0.04479   0.00025   0.09819   0.00918   0.06159   0.04240   0.02574   0.06763   0.05262   0.01372   0.06847   0.00051   0.04677   0.01807   0.01877   0.01634   0.07461   0.07567   0.00354   0.11482   0.00164   0.00959   0.04322   0.06290   0.03445   0.05866   0.03590   0.06071   0.04540   0.05563   0.00000   0.01186   0.03642   0.01194   0.01678   0.00288   0.02693   0.01349   0.03376   0.03562   0.02996   0.00971   0.01399   0.01811   0.05934   0.03954   5.53211   0.90088   0.18262   2.29967  
138  0.0000  21148.487577  x:  0.00066   0.01411   0.03258   0.03755   0.00000   0.05193   0.06364   0.00076   0.14095   0.04479   0.00025   0.09819   0.00918   0.06159   0.04240   0.02574   0.06763   0.05262   0.01372   0.06847   0.00051   0.04677   0.01807   0.01877   0.01634   0.07461   0.07567   0.00354   0.11482   0.00164   0.00959   0.04322   0.06290   0.03445   0.05866   0.03590   0.06070   0.04540   0.05563   0.00000   0.01186   0.03642   0.01194   0.01678   0.00288   0.02693   0.01349   0.03376   0.03562   0.02996   0.00971   0.01399   0.01811   0.05934   0.03954   5.53205   0.90088   0.18263   2.29985  
139  0.0001  21148.487572  x:  0.00066   0.01411   0.03258   0.03755   0.00000   0.05193   0.06365   0.00076   0.14096   0.04478   0.00025   0.09819   0.00918   0.06159   0.04240   0.02574   0.06763   0.05262   0.01372   0.06847   0.00051   0.04677   0.01808   0.01877   0.01634   0.07461   0.07567   0.00354   0.11482   0.00164   0.00959   0.04321   0.06290   0.03445   0.05866   0.03590   0.06070   0.04540   0.05563   0.00000   0.01185   0.03642   0.01194   0.01678   0.00288   0.02693   0.01349   0.03376   0.03562   0.02996   0.00972   0.01399   0.01811   0.05934   0.03954   5.53242   0.90088   0.18270   2.30063  
140  0.0002  21148.487508  x:  0.00066   0.01411   0.03257   0.03755   0.00000   0.05193   0.06365   0.00077   0.14096   0.04478   0.00025   0.09819   0.00919   0.06159   0.04240   0.02575   0.06762   0.05262   0.01372   0.06848   0.00051   0.04677   0.01808   0.01877   0.01634   0.07461   0.07567   0.00354   0.11483   0.00164   0.00959   0.04321   0.06290   0.03445   0.05866   0.03590   0.06070   0.04540   0.05563   0.00000   0.01185   0.03642   0.01194   0.01678   0.00288   0.02692   0.01349   0.03376   0.03562   0.02995   0.00972   0.01399   0.01811   0.05935   0.03954   5.53296   0.90083   0.18313   2.30787  
141  0.0009  21148.487415  x:  0.00066   0.01411   0.03258   0.03755   0.00000   0.05193   0.06365   0.00076   0.14095   0.04478   0.00025   0.09819   0.00918   0.06159   0.04240   0.02574   0.06763   0.05262   0.01372   0.06847   0.00051   0.04677   0.01807   0.01877   0.01634   0.07461   0.07567   0.00354   0.11482   0.00164   0.00959   0.04321   0.06290   0.03445   0.05866   0.03590   0.06071   0.04540   0.05563   0.00000   0.01185   0.03642   0.01194   0.01678   0.00288   0.02693   0.01349   0.03376   0.03562   0.02996   0.00971   0.01399   0.01811   0.05934   0.03954   5.53294   0.90073   0.18374   2.31961  
142  0.0054  21148.487410  x:  0.00066   0.01411   0.03258   0.03755   0.00000   0.05193   0.06365   0.00076   0.14095   0.04478   0.00025   0.09819   0.00918   0.06159   0.04240   0.02574   0.06763   0.05262   0.01372   0.06847   0.00051   0.04677   0.01807   0.01877   0.01634   0.07461   0.07567   0.00354   0.11482   0.00164   0.00959   0.04322   0.06290   0.03445   0.05866   0.03590   0.06071   0.04540   0.05563   0.00000   0.01186   0.03642   0.01194   0.01678   0.00288   0.02693   0.01349   0.03376   0.03562   0.02996   0.00971   0.01399   0.01811   0.05934   0.03954   5.53276   0.90073   0.18362   2.31813  
143  0.0011  21148.487410  x:  0.00066   0.01411   0.03258   0.03755   0.00000   0.05193   0.06365   0.00076   0.14095   0.04478   0.00025   0.09819   0.00918   0.06159   0.04240   0.02574   0.06763   0.05262   0.01372   0.06847   0.00051   0.04677   0.01807   0.01877   0.01634   0.07461   0.07567   0.00354   0.11482   0.00164   0.00959   0.04322   0.06290   0.03445   0.05866   0.03590   0.06071   0.04540   0.05563   0.00000   0.01186   0.03642   0.01194   0.01678   0.00288   0.02693   0.01349   0.03376   0.03562   0.02996   0.00971   0.01399   0.01811   0.05934   0.03954   5.53277   0.90073   0.18362   2.31799  
144  0.0005  21148.487410  x:  0.00066   0.01411   0.03258   0.03755   0.00000   0.05193   0.06365   0.00076   0.14095   0.04478   0.00025   0.09819   0.00918   0.06159   0.04240   0.02574   0.06763   0.05262   0.01372   0.06847   0.00051   0.04677   0.01807   0.01877   0.01634   0.07461   0.07567   0.00354   0.11482   0.00164   0.00959   0.04322   0.06290   0.03445   0.05866   0.03590   0.06071   0.04540   0.05563   0.00000   0.01186   0.03642   0.01194   0.01678   0.00288   0.02693   0.01349   0.03376   0.03562   0.02996   0.00971   0.01399   0.01811   0.05934   0.03954   5.53277   0.90073   0.18362   2.31800  
145  0.0002  21148.487410  x:  0.00066   0.01411   0.03258   0.03755   0.00000   0.05193   0.06365   0.00076   0.14095   0.04478   0.00025   0.09819   0.00918   0.06159   0.04240   0.02574   0.06763   0.05262   0.01372   0.06847   0.00051   0.04677   0.01807   0.01877   0.01634   0.07461   0.07567   0.00354   0.11482   0.00164   0.00959   0.04322   0.06290   0.03445   0.05866   0.03590   0.06071   0.04540   0.05563   0.00000   0.01186   0.03642   0.01194   0.01678   0.00288   0.02693   0.01349   0.03376   0.03562   0.02996   0.00971   0.01399   0.01811   0.05934   0.03954   5.53278   0.90073   0.18362   2.31801  
146  0.6081  21148.487410  x:  0.00066   0.01411   0.03258   0.03755   0.00000   0.05193   0.06365   0.00076   0.14095   0.04478   0.00025   0.09819   0.00918   0.06159   0.04240   0.02574   0.06763   0.05262   0.01372   0.06847   0.00051   0.04677   0.01807   0.01877   0.01634   0.07461   0.07567   0.00354   0.11482   0.00164   0.00959   0.04322   0.06290   0.03445   0.05866   0.03590   0.06071   0.04540   0.05563   0.00000   0.01186   0.03642   0.01194   0.01678   0.00288   0.02693   0.01349   0.03376   0.03562   0.02996   0.00971   0.01399   0.01811   0.05934   0.03954   5.53278   0.90073   0.18362   2.31801  
147  0.0001  21148.487410  x:  0.00066   0.01411   0.03258   0.03755   0.00000   0.05193   0.06365   0.00076   0.14095   0.04478   0.00025   0.09819   0.00918   0.06159   0.04240   0.02574   0.06763   0.05262   0.01372   0.06847   0.00051   0.04677   0.01807   0.01877   0.01634   0.07461   0.07567   0.00354   0.11482   0.00164   0.00959   0.04322   0.06290   0.03445   0.05866   0.03590   0.06071   0.04540   0.05563   0.00000   0.01186   0.03642   0.01194   0.01678   0.00288   0.02693   0.01349   0.03376   0.03562   0.02996   0.00971   0.01399   0.01811   0.05934   0.03954   5.53278   0.90073   0.18362   2.31801  
148  0.2035  21148.487410  x:  0.00066   0.01411   0.03258   0.03755   0.00000   0.05193   0.06364   0.00076   0.14095   0.04478   0.00025   0.09819   0.00918   0.06159   0.04240   0.02574   0.06763   0.05262   0.01372   0.06847   0.00051   0.04677   0.01807   0.01877   0.01633   0.07461   0.07567   0.00354   0.11482   0.00164   0.00959   0.04322   0.06290   0.03445   0.05866   0.03590   0.06071   0.04540   0.05563   0.00000   0.01185   0.03642   0.01194   0.01678   0.00288   0.02693   0.01349   0.03376   0.03562   0.02996   0.00971   0.01399   0.01811   0.05934   0.03954   5.53278   0.90073   0.18362   2.31801  
149  0.0573  21148.487410  x:  0.00066   0.01411   0.03258   0.03755   0.00000   0.05193   0.06364   0.00076   0.14095   0.04478   0.00025   0.09819   0.00918   0.06159   0.04240   0.02574   0.06763   0.05262   0.01372   0.06847   0.00051   0.04677   0.01807   0.01877   0.01633   0.07461   0.07567   0.00354   0.11482   0.00164   0.00959   0.04322   0.06290   0.03445   0.05866   0.03590   0.06071   0.04540   0.05563   0.00000   0.01185   0.03642   0.01194   0.01678   0.00288   0.02693   0.01349   0.03376   0.03562   0.02996   0.00971   0.01399   0.01811   0.05934   0.03954   5.53278   0.90073   0.18362   2.31801  
150  0.2821  21148.487410  x:  0.00066   0.01411   0.03258   0.03755   0.00000   0.05193   0.06364   0.00076   0.14095   0.04478   0.00025   0.09819   0.00918   0.06159   0.04240   0.02574   0.06763   0.05262   0.01372   0.06847   0.00051   0.04677   0.01807   0.01877   0.01633   0.07461   0.07567   0.00354   0.11482   0.00164   0.00959   0.04322   0.06290   0.03445   0.05866   0.03590   0.06071   0.04540   0.05563   0.00000   0.01185   0.03642   0.01194   0.01678   0.00288   0.02693   0.01349   0.03376   0.03562   0.02996   0.00971   0.01399   0.01811   0.05934   0.03954   5.53278   0.90073   0.18362   2.31801  
151  0.1907  21148.487410  x:  0.00066   0.01411   0.03258   0.03755   0.00000   0.05193   0.06364   0.00076   0.14095   0.04478   0.00025   0.09819   0.00918   0.06159   0.04240   0.02574   0.06763   0.05262   0.01372   0.06847   0.00051   0.04677   0.01807   0.01877   0.01633   0.07461   0.07567   0.00354   0.11482   0.00164   0.00959   0.04322   0.06290   0.03445   0.05866   0.03590   0.06071   0.04540   0.05563   0.00000   0.01185   0.03642   0.01194   0.01678   0.00288   0.02693   0.01349   0.03376   0.03562   0.02996   0.00971   0.01399   0.01811   0.05934   0.03954   5.53278   0.90073   0.18362   2.31801  
152  1.1265  21148.487410  x:  0.00066   0.01411   0.03258   0.03755   0.00000   0.05193   0.06364   0.00076   0.14095   0.04478   0.00025   0.09819   0.00918   0.06159   0.04240   0.02574   0.06763   0.05262   0.01372   0.06847   0.00051   0.04677   0.01807   0.01877   0.01633   0.07461   0.07567   0.00354   0.11482   0.00164   0.00959   0.04322   0.06290   0.03445   0.05866   0.03590   0.06071   0.04540   0.05563   0.00000   0.01185   0.03642   0.01194   0.01678   0.00288   0.02693   0.01349   0.03376   0.03562   0.02996   0.00971   0.01399   0.01811   0.05934   0.03954   5.53278   0.90073   0.18362   2.31801  
153  0.1568  21148.487410  x:  0.00066   0.01411   0.03258   0.03755   0.00000   0.05193   0.06364   0.00076   0.14095   0.04478   0.00025   0.09819   0.00918   0.06159   0.04240   0.02574   0.06763   0.05262   0.01372   0.06847   0.00051   0.04677   0.01807   0.01877   0.01633   0.07461   0.07567   0.00354   0.11482   0.00164   0.00959   0.04322   0.06290   0.03445   0.05866   0.03590   0.06071   0.04540   0.05563   0.00000   0.01185   0.03642   0.01194   0.01678   0.00288   0.02693   0.01349   0.03376   0.03562   0.02996   0.00971   0.01399   0.01811   0.05934   0.03954   5.53278   0.90073   0.18362   2.31801  
154  0.0356  21148.487410  x:  0.00066   0.01411   0.03258   0.03755   0.00000   0.05193   0.06364   0.00076   0.14095   0.04478   0.00025   0.09819   0.00918   0.06159   0.04240   0.02574   0.06763   0.05262   0.01372   0.06847   0.00051   0.04677   0.01807   0.01877   0.01633   0.07461   0.07567   0.00354   0.11482   0.00164   0.00959   0.04322   0.06290   0.03445   0.05866   0.03590   0.06071   0.04540   0.05563   0.00000   0.01185   0.03642   0.01194   0.01678   0.00288   0.02693   0.01349   0.03376   0.03562   0.02996   0.00971   0.01399   0.01811   0.05934   0.03954   5.53278   0.90073   0.18362   2.31801  
check convergence!
