

TREE # 1

  0  0.0000  26369.785782  x:  0.05612   0.05266   0.06354   0.06476   0.07738   0.05250   0.02110   0.08188   0.07178   0.03663   0.10013   0.05814   0.05237   0.05815   0.10752   0.10263   0.06418   0.06465   0.10569   0.05783   0.03041   0.08463   0.03331   0.10853   0.05511   0.08028   0.09428   0.05921   0.07461   0.06487   0.09464   0.01622   0.02488   0.05848   0.08217   0.08529   0.06701   0.03026   0.01827   0.07067   0.08791   0.05073   0.08686   0.03652   0.06860   0.05268   0.02001   0.06681   0.08705   0.07386   0.09489   0.03433   0.09798   2.00000   0.90000   0.40208   1.21863  
  1 99.0000  25103.064649  x:  0.01941   0.03123   0.08058   0.07334   0.04660   0.06464   0.07092   0.04430   0.15181   0.20915   0.10161   0.24896   0.05280   0.09835   0.09869   0.08643   0.10245   0.06196   0.08042   0.07911   0.00000   0.05515   0.01273   0.08324   0.04442   0.09166   0.12673   0.03163   0.09425   0.03547   0.06172   0.24553   0.20189   0.06609   0.10292   0.08315   0.09850   0.06311   0.12780   0.02937   0.05548   0.03630   0.05126   0.01783   0.04200   0.05921   0.11405   0.04610   0.05299   0.03375   0.07180   0.13337   0.07334   2.01761   0.95779   0.33855   1.23371  
  2 10201.9178  24899.130718  x:  0.00000   0.01643   0.08216   0.07599   0.02903   0.06468   0.06735   0.02019   0.16017   0.21190   0.09847   0.26471   0.04670   0.10303   0.09411   0.07592   0.10891   0.06152   0.06837   0.08566   0.01962   0.04346   0.02394   0.07080   0.04498   0.09323   0.13589   0.01577   0.10055   0.01960   0.04150   0.23992   0.19574   0.06965   0.10863   0.08172   0.10388   0.05985   0.11964   0.00716   0.03891   0.03842   0.03503   0.02546   0.03136   0.05583   0.10550   0.04245   0.03727   0.01642   0.05959   0.13321   0.05900   2.02725   0.96817   0.30919   1.23796  
  3 3314.1141  24833.549940  x:  0.00755   0.01193   0.08265   0.07704   0.02155   0.06464   0.06580   0.00946   0.16350   0.21277   0.09706   0.27119   0.04408   0.10478   0.09206   0.07135   0.11146   0.06104   0.06303   0.08765   0.02242   0.03856   0.02619   0.06550   0.04488   0.09371   0.13956   0.00912   0.10309   0.01295   0.03259   0.23708   0.19275   0.07124   0.11081   0.08100   0.10589   0.05868   0.11605   0.00000   0.03211   0.03913   0.02848   0.02727   0.02740   0.05441   0.10164   0.04153   0.03115   0.01083   0.05478   0.13292   0.05303   2.03156   0.97290   0.29621   1.23982  
  4 12223.0393  24783.231585  x:  0.00950   0.00929   0.08290   0.07789   0.01542   0.06461   0.06452   0.00000   0.16617   0.21336   0.09583   0.27663   0.04188   0.10607   0.09024   0.06742   0.11345   0.06043   0.05840   0.08878   0.02157   0.03462   0.02646   0.06103   0.04454   0.09393   0.14248   0.00390   0.10510   0.00773   0.02481   0.23444   0.19005   0.07270   0.11244   0.08029   0.10735   0.05789   0.11283   0.00567   0.02691   0.03975   0.02354   0.02779   0.02457   0.05325   0.09826   0.04146   0.02683   0.00906   0.05098   0.13252   0.04824   2.03543   0.97720   0.28474   1.24143  
  5 11085.0372  24729.689935  x:  0.00723   0.00988   0.08281   0.07897   0.00865   0.06470   0.06295   0.00000   0.16930   0.21372   0.09408   0.28368   0.03907   0.10715   0.08756   0.06204   0.11558   0.05913   0.05211   0.08884   0.01286   0.03037   0.02304   0.05528   0.04346   0.09365   0.14586   0.00000   0.10743   0.00340   0.01415   0.23016   0.18593   0.07500   0.11394   0.07903   0.10859   0.05716   0.10806   0.00389   0.02139   0.04018   0.01981   0.02595   0.02286   0.05178   0.09347   0.04189   0.02430   0.01573   0.04652   0.13151   0.04274   2.04125   0.98357   0.26817   1.24366  
  6 6937.3765  24677.555010  x:  0.00447   0.01063   0.08224   0.08090   0.00447   0.06528   0.06077   0.00000   0.17371   0.21430   0.09122   0.29477   0.03497   0.10825   0.08322   0.05425   0.11808   0.05736   0.04355   0.08870   0.00039   0.02676   0.01936   0.04744   0.04199   0.09282   0.15072   0.01085   0.11058   0.00772   0.00000   0.22387   0.18022   0.07877   0.11551   0.07678   0.10971   0.05588   0.10098   0.00274   0.01731   0.04023   0.01896   0.02387   0.02252   0.04961   0.08652   0.04200   0.02282   0.00987   0.04110   0.12987   0.03629   2.05091   0.99303   0.24213   1.24701  
  7 5426.9207  24651.306989  x:  0.00600   0.01342   0.08070   0.08115   0.00653   0.06570   0.05983   0.00000   0.17755   0.21614   0.08827   0.30725   0.03161   0.10841   0.07872   0.04751   0.11913   0.05662   0.03840   0.08839   0.00885   0.02860   0.01646   0.04216   0.04043   0.09096   0.15424   0.01539   0.11171   0.01191   0.00000   0.22017   0.17690   0.08140   0.11549   0.07400   0.10936   0.05513   0.09550   0.00364   0.02053   0.03902   0.02318   0.02121   0.02489   0.04784   0.08139   0.04181   0.02647   0.01389   0.03903   0.12874   0.03427   2.06175   0.99999   0.21672   1.24995  
  8 2630.4537  24618.460830  x:  0.00479   0.00956   0.07351   0.07476   0.01344   0.06365   0.06067   0.00000   0.18275   0.21973   0.08093   0.33741   0.02635   0.10499   0.06867   0.03776   0.11692   0.05519   0.03591   0.08229   0.00202   0.03944   0.02020   0.04179   0.03804   0.08419   0.15633   0.00360   0.10654   0.00799   0.00000   0.21306   0.17076   0.08082   0.11017   0.06614   0.10332   0.05185   0.08498   0.00284   0.03399   0.03259   0.02991   0.02052   0.02851   0.04523   0.07274   0.03835   0.03221   0.00691   0.04430   0.12514   0.04237   2.09190   0.98326   0.17217   1.25301  
  9 1542.1216  24595.735127  x:  0.00612   0.01110   0.06768   0.06921   0.01339   0.06109   0.06465   0.00000   0.18655   0.22233   0.07401   0.37173   0.02506   0.10072   0.06271   0.03807   0.11285   0.05529   0.04041   0.07747   0.00395   0.03747   0.02268   0.04579   0.03830   0.07908   0.15457   0.01296   0.09991   0.01277   0.00000   0.20622   0.16545   0.07756   0.10325   0.06059   0.09629   0.05048   0.07696   0.00366   0.03141   0.03087   0.02208   0.02503   0.02224   0.04575   0.06700   0.03527   0.02389   0.01591   0.04672   0.12103   0.04446   2.13081   0.94937   0.13878   1.25441  
 10 1498.9898  24581.677206  x:  0.00526   0.01782   0.06782   0.06766   0.00986   0.05952   0.07027   0.00000   0.18809   0.22005   0.07062   0.39400   0.02719   0.09843   0.06558   0.04498   0.10960   0.05542   0.04343   0.07640   0.00783   0.03176   0.01258   0.04719   0.03871   0.07914   0.15102   0.01120   0.09625   0.01198   0.00000   0.19888   0.16030   0.07563   0.09979   0.06214   0.09357   0.05208   0.07521   0.00330   0.02538   0.03598   0.02328   0.01851   0.02602   0.04840   0.06676   0.03895   0.02732   0.01055   0.04521   0.11766   0.04138   2.16409   0.93148   0.12410   1.25517  
 11 1266.0506  24563.406731  x:  0.00667   0.01226   0.07474   0.07232   0.00887   0.05862   0.08372   0.00000   0.19220   0.20970   0.06442   0.43094   0.02994   0.09735   0.07800   0.05774   0.10606   0.05486   0.04332   0.07910   0.00503   0.02860   0.02464   0.04518   0.04187   0.08504   0.14492   0.00891   0.09636   0.01323   0.00000   0.18383   0.15136   0.07613   0.09906   0.07202   0.09522   0.05449   0.07936   0.00406   0.02019   0.04164   0.03274   0.02189   0.03217   0.05042   0.07279   0.04555   0.03708   0.01476   0.04027   0.11382   0.03302   2.23340   0.91919   0.11171   1.25685  
 12 1220.5760  24511.928325  x:  0.00635   0.00625   0.09230   0.08957   0.01713   0.05556   0.12152   0.00000   0.21250   0.16504   0.03521   0.52249   0.01934   0.09753   0.10059   0.06870   0.10288   0.05513   0.03291   0.09077   0.00290   0.03802   0.00954   0.03509   0.03826   0.10078   0.13645   0.00132   0.10900   0.01478   0.00000   0.13860   0.12767   0.08417   0.10619   0.09165   0.10683   0.05698   0.09296   0.00377   0.03451   0.03317   0.02515   0.01995   0.02174   0.04277   0.08596   0.04461   0.02919   0.01882   0.03864   0.10999   0.03666   2.44158   0.90736   0.11915   1.26135  
 13 1833.0218  24493.195260  x:  0.00624   0.01393   0.09441   0.09194   0.01644   0.05414   0.13209   0.00000   0.22024   0.15125   0.02532   0.54358   0.01478   0.09774   0.10278   0.06843   0.10299   0.05610   0.03250   0.09210   0.00229   0.03900   0.01339   0.03625   0.03809   0.10326   0.13608   0.00000   0.11192   0.01289   0.00000   0.12939   0.12381   0.08582   0.10791   0.09355   0.10885   0.05768   0.09526   0.00393   0.03493   0.03280   0.02346   0.01840   0.02215   0.04295   0.08737   0.04356   0.02736   0.01864   0.03995   0.11045   0.03893   2.49534   0.90836   0.12321   1.26265  
 14 4692.0415  24454.134275  x:  0.00650   0.01106   0.09395   0.09319   0.01184   0.05027   0.15808   0.00000   0.24164   0.11510   0.00000   0.58614   0.00376   0.09817   0.10226   0.06512   0.10379   0.05892   0.03601   0.09173   0.00194   0.03746   0.01078   0.04281   0.03884   0.10603   0.13770   0.00087   0.11637   0.00665   0.00000   0.11409   0.11945   0.08797   0.11041   0.09291   0.11057   0.05629   0.09743   0.00414   0.03088   0.03531   0.02451   0.02031   0.02721   0.04652   0.08728   0.04153   0.02795   0.02082   0.04404   0.11299   0.04282   2.61626   0.91428   0.13467   1.26558  
 15 7028.3932  24437.468329  x:  0.00657   0.01000   0.09238   0.09237   0.01012   0.04884   0.16920   0.00000   0.25149   0.09883   0.00278   0.60147   0.00474   0.09861   0.10053   0.06305   0.10400   0.05953   0.03708   0.09070   0.00177   0.03692   0.01061   0.04437   0.03893   0.10629   0.13902   0.00000   0.11741   0.00615   0.00000   0.10970   0.11863   0.08846   0.11088   0.09123   0.11043   0.05549   0.09703   0.00419   0.02942   0.03545   0.02412   0.01966   0.02735   0.04713   0.08597   0.04107   0.02800   0.02138   0.04524   0.11392   0.04399   2.66520   0.91778   0.13910   1.26680  
 16 4855.4340  24437.468329  x:  0.00657   0.01000   0.09238   0.09237   0.01012   0.04884   0.16920   0.00000   0.25149   0.09883   0.00278   0.60147   0.00474   0.09861   0.10053   0.06305   0.10400   0.05953   0.03708   0.09070   0.00177   0.03692   0.01061   0.04437   0.03893   0.10629   0.13902   0.00000   0.11741   0.00615   0.00000   0.10970   0.11863   0.08846   0.11088   0.09123   0.11043   0.05549   0.09703   0.00419   0.02942   0.03545   0.02412   0.01966   0.02735   0.04713   0.08597   0.04107   0.02800   0.02138   0.04524   0.11392   0.04399   2.66520   0.91778   0.13910   1.26680  
 17 2646.7054  24411.885937  x:  0.00498   0.01154   0.08804   0.08921   0.00610   0.04875   0.16802   0.00000   0.25467   0.08965   0.00815   0.59375   0.00537   0.09893   0.09434   0.05926   0.10471   0.05911   0.03675   0.08909   0.00824   0.03200   0.02673   0.04292   0.04088   0.10383   0.14268   0.00778   0.11638   0.01072   0.01712   0.10772   0.11591   0.08769   0.11030   0.08635   0.10830   0.05338   0.08838   0.00311   0.02158   0.03771   0.02067   0.02371   0.02399   0.04677   0.07742   0.04155   0.02419   0.01203   0.04182   0.11152   0.03862   2.66934   0.92282   0.13572   1.26747  
 18 1639.3072  24384.764651  x:  0.00955   0.01244   0.08026   0.08264   0.00000   0.04803   0.16553   0.00000   0.26001   0.07323   0.00776   0.57855   0.00122   0.09912   0.08301   0.05251   0.10595   0.05727   0.03482   0.08525   0.00042   0.02387   0.02896   0.04044   0.04139   0.09933   0.14833   0.00426   0.11351   0.00484   0.01841   0.10187   0.10891   0.08476   0.10929   0.07733   0.10452   0.04991   0.07343   0.00837   0.01329   0.04029   0.01768   0.02527   0.02117   0.04598   0.06310   0.04251   0.02225   0.01067   0.03752   0.10715   0.03166   2.67737   0.93115   0.13119   1.26859  
 19 1585.5900  24372.334374  x:  0.00900   0.01216   0.07688   0.07985   0.00299   0.04816   0.16445   0.00000   0.26244   0.06596   0.00746   0.57102   0.00000   0.09918   0.07803   0.04974   0.10635   0.05662   0.03437   0.08383   0.00298   0.02202   0.02821   0.03948   0.04123   0.09726   0.15083   0.00297   0.11216   0.00308   0.01749   0.09906   0.10565   0.08347   0.10877   0.07337   0.10283   0.04839   0.06711   0.00706   0.01274   0.04092   0.01740   0.02516   0.02086   0.04553   0.05737   0.04262   0.02217   0.01189   0.03600   0.10514   0.02970   2.68134   0.93577   0.12889   1.26915  
 20 3121.6054  24359.543388  x:  0.00548   0.01144   0.07216   0.07609   0.00126   0.04810   0.16283   0.00000   0.26619   0.05574   0.00898   0.55759   0.00170   0.09924   0.07106   0.04618   0.10659   0.05547   0.03368   0.08150   0.00032   0.02307   0.02571   0.03848   0.04040   0.09409   0.15390   0.00332   0.11006   0.00656   0.01620   0.09469   0.10064   0.08179   0.10775   0.06778   0.10026   0.04653   0.05915   0.00128   0.01738   0.04065   0.01842   0.02396   0.02187   0.04470   0.05100   0.04209   0.02261   0.01203   0.03502   0.10199   0.02961   2.68837   0.94461   0.12512   1.27012  
 21 2779.2249  24354.135264  x:  0.00532   0.01144   0.07033   0.07464   0.00000   0.04806   0.16207   0.00000   0.26783   0.05188   0.00956   0.55066   0.00276   0.09919   0.06827   0.04499   0.10649   0.05500   0.03358   0.08059   0.00148   0.02465   0.02431   0.03821   0.03985   0.09267   0.15496   0.00408   0.10904   0.00872   0.01551   0.09275   0.09844   0.08105   0.10718   0.06559   0.09911   0.04603   0.05666   0.00385   0.01983   0.03999   0.01897   0.02317   0.02248   0.04434   0.04937   0.04168   0.02282   0.01144   0.03526   0.10056   0.03052   2.69199   0.94913   0.12355   1.27058  
 22 2750.3583  24348.830490  x:  0.00835   0.01254   0.06884   0.07336   0.00272   0.04818   0.16095   0.00000   0.26972   0.04951   0.00884   0.53925   0.00279   0.09885   0.06569   0.04460   0.10587   0.05431   0.03348   0.07941   0.00000   0.02674   0.02355   0.03821   0.03906   0.09092   0.15560   0.00613   0.10745   0.01017   0.01543   0.09048   0.09592   0.08001   0.10615   0.06379   0.09770   0.04617   0.05653   0.00397   0.01903   0.03789   0.01864   0.02237   0.02228   0.04401   0.05032   0.04035   0.02236   0.00930   0.03653   0.09875   0.03233   2.69786   0.95520   0.12282   1.27117  
 23 1390.5554  24341.350351  x:  0.01064   0.01366   0.06723   0.07158   0.00000   0.04766   0.15910   0.00000   0.27233   0.04789   0.00706   0.52023   0.00214   0.09814   0.06270   0.04455   0.10460   0.05331   0.03347   0.07783   0.00218   0.02864   0.02256   0.03828   0.03793   0.08839   0.15571   0.00729   0.10478   0.01014   0.01469   0.08729   0.09236   0.07827   0.10443   0.06187   0.09563   0.04655   0.05791   0.00151   0.01552   0.03459   0.01764   0.02160   0.02131   0.04358   0.05310   0.03823   0.02162   0.00918   0.03823   0.09612   0.03439   2.70760   0.96346   0.12333   1.27198  
 24 2684.2571  24329.504194  x:  0.00393   0.01241   0.06530   0.06883   0.00060   0.04671   0.15549   0.00000   0.27685   0.04828   0.00663   0.47959   0.00337   0.09659   0.05924   0.04537   0.10161   0.05143   0.03308   0.07492   0.00030   0.02818   0.02404   0.03816   0.03660   0.08398   0.15491   0.00891   0.09953   0.00856   0.01618   0.08218   0.08667   0.07511   0.10087   0.05986   0.09192   0.04665   0.06157   0.00384   0.01152   0.03093   0.01639   0.02227   0.01948   0.04261   0.05860   0.03573   0.02068   0.01450   0.03927   0.09138   0.03520   2.72843   0.97653   0.12751   1.27340  
 25 2628.2894  24312.351023  x:  0.00616   0.00896   0.06397   0.06557   0.00059   0.04474   0.14963   0.00000   0.28279   0.05190   0.00784   0.40906   0.00578   0.09400   0.05733   0.04683   0.09662   0.04927   0.03230   0.07151   0.00082   0.02183   0.02631   0.03717   0.03604   0.07841   0.15213   0.00669   0.09191   0.00356   0.01813   0.07634   0.08016   0.07090   0.09558   0.05900   0.08705   0.04564   0.06620   0.00326   0.01998   0.03273   0.01741   0.02422   0.02009   0.04091   0.06340   0.03535   0.02035   0.01089   0.03688   0.08533   0.03094   2.76487   0.98751   0.13896   1.27534  
 26 2858.4397  24296.567212  x:  0.00527   0.01468   0.06440   0.06513   0.00160   0.04422   0.14428   0.00000   0.28713   0.05319   0.00527   0.33334   0.00425   0.09222   0.05803   0.04720   0.09342   0.04931   0.03232   0.07085   0.00129   0.02296   0.02339   0.03636   0.03673   0.07605   0.14904   0.00511   0.08831   0.01287   0.01827   0.07456   0.07842   0.07004   0.09246   0.05989   0.08502   0.04507   0.06466   0.00358   0.01673   0.03702   0.01860   0.02150   0.02158   0.04100   0.05994   0.03808   0.02265   0.01012   0.03407   0.08317   0.02842   2.80561   0.98182   0.14866   1.27732  
 27 2399.4854  24287.337286  x:  0.00849   0.01102   0.06635   0.06770   0.00146   0.04543   0.14292   0.00000   0.28810   0.05323   0.01020   0.28683   0.00922   0.09291   0.06136   0.04728   0.09417   0.05145   0.03319   0.07334   0.00119   0.02608   0.02303   0.03708   0.03822   0.07885   0.14748   0.00660   0.09090   0.01009   0.01652   0.07841   0.08233   0.07128   0.09346   0.06223   0.08709   0.04443   0.06077   0.00284   0.01375   0.03782   0.01704   0.02202   0.02091   0.04209   0.05416   0.03958   0.02136   0.01275   0.03518   0.08655   0.03124   2.83462   0.98132   0.14410   1.27955  
 28 1687.9310  24283.829384  x:  0.00527   0.01088   0.06714   0.06892   0.00096   0.04598   0.14288   0.00000   0.28740   0.05319   0.00713   0.27114   0.00687   0.09354   0.06183   0.04695   0.09535   0.05206   0.03323   0.07456   0.00092   0.02583   0.02334   0.03741   0.03810   0.08072   0.14715   0.00685   0.09308   0.00726   0.01588   0.08065   0.08474   0.07231   0.09476   0.06294   0.08862   0.04480   0.05965   0.00317   0.01494   0.03638   0.01707   0.02255   0.02040   0.04233   0.05305   0.03911   0.02067   0.00921   0.03588   0.08863   0.03234   2.84766   0.98156   0.13923   1.28074  
 29 1192.9995  24282.376843  x:  0.00629   0.01217   0.06706   0.06920   0.00066   0.04610   0.14336   0.00000   0.28630   0.05303   0.00530   0.26536   0.00577   0.09401   0.06117   0.04637   0.09624   0.05176   0.03276   0.07484   0.00069   0.02426   0.02461   0.03726   0.03745   0.08167   0.14721   0.00707   0.09454   0.00740   0.01719   0.08165   0.08591   0.07315   0.09571   0.06274   0.08940   0.04531   0.05985   0.00318   0.01705   0.03495   0.01762   0.02270   0.02052   0.04207   0.05385   0.03802   0.02131   0.01159   0.03593   0.08953   0.03166   2.85647   0.98101   0.13559   1.28153  
 30 660.2555  24280.019504  x:  0.00599   0.01249   0.06565   0.06845   0.00110   0.04578   0.14522   0.00000   0.28299   0.05281   0.00726   0.26008   0.00847   0.09485   0.05873   0.04488   0.09769   0.05008   0.03135   0.07424   0.00107   0.02175   0.02434   0.03648   0.03529   0.08258   0.14752   0.00446   0.09662   0.00772   0.01721   0.08191   0.08645   0.07423   0.09732   0.06107   0.09020   0.04576   0.06171   0.00334   0.01627   0.03208   0.01794   0.02123   0.02105   0.04123   0.05754   0.03516   0.02212   0.01047   0.03556   0.09007   0.02909   2.87737   0.97702   0.12992   1.28316  
 31 537.8568  24275.217038  x:  0.00632   0.00784   0.06251   0.06671   0.00107   0.04483   0.14882   0.00000   0.27353   0.05403   0.00567   0.25749   0.00776   0.09540   0.05460   0.04287   0.09904   0.04803   0.03136   0.07170   0.00098   0.02665   0.02485   0.03585   0.03578   0.08208   0.14773   0.00471   0.09818   0.00733   0.01743   0.07987   0.08468   0.07445   0.09894   0.05764   0.08999   0.04441   0.06489   0.00329   0.01667   0.03654   0.01639   0.02316   0.02074   0.04015   0.06217   0.03628   0.01909   0.01103   0.03466   0.08877   0.02801   2.93202   0.97023   0.12330   1.28692  
 32 671.7354  24267.090670  x:  0.00514   0.01607   0.06050   0.06515   0.00074   0.04398   0.15421   0.00000   0.25634   0.05681   0.00844   0.25839   0.00933   0.09558   0.05366   0.04216   0.09967   0.04767   0.03365   0.06862   0.00099   0.02673   0.02422   0.03621   0.03890   0.08055   0.14739   0.00719   0.09828   0.00287   0.01648   0.07656   0.08128   0.07336   0.10000   0.05524   0.08915   0.04369   0.06737   0.00281   0.01663   0.04336   0.01813   0.02511   0.01948   0.03985   0.06382   0.04115   0.02125   0.01092   0.03395   0.08607   0.03146   3.03858   0.96751   0.11613   1.29405  
 33 2003.5785  24248.278361  x:  0.00607   0.00976   0.06156   0.06516   0.00077   0.04406   0.16121   0.00000   0.22325   0.06000   0.00647   0.26654   0.00780   0.09479   0.05919   0.04407   0.09894   0.05000   0.03623   0.06733   0.00143   0.01494   0.02092   0.03736   0.04098   0.07814   0.14597   0.00853   0.09589   0.01010   0.01611   0.07335   0.07806   0.07167   0.09990   0.05716   0.08774   0.04160   0.06526   0.00274   0.01417   0.04274   0.01627   0.02162   0.01897   0.04095   0.05796   0.04352   0.02356   0.00999   0.03479   0.08274   0.03514   3.27201   0.97130   0.11421   1.30896  
 34 3661.2904  24225.543140  x:  0.00649   0.01148   0.06535   0.06589   0.00069   0.04435   0.16441   0.00000   0.19070   0.05799   0.00571   0.28051   0.00771   0.09255   0.06540   0.04608   0.09670   0.05148   0.03303   0.07030   0.00051   0.02555   0.02634   0.03654   0.03707   0.07630   0.14446   0.00278   0.09125   0.00719   0.01824   0.07413   0.07848   0.06923   0.09762   0.06167   0.08641   0.04345   0.05756   0.00308   0.01563   0.03033   0.01802   0.01903   0.02049   0.04136   0.04725   0.03735   0.02097   0.01035   0.03346   0.08162   0.02871   3.57287   0.97427   0.12540   1.32737  
 35 6624.4667  24209.385158  x:  0.00579   0.01362   0.06716   0.06994   0.00014   0.04588   0.15534   0.00000   0.19894   0.04940   0.00679   0.29536   0.00837   0.08999   0.06067   0.04440   0.09563   0.04996   0.02668   0.07609   0.00109   0.02243   0.01997   0.03462   0.03131   0.07908   0.14496   0.01095   0.09189   0.00596   0.01573   0.08158   0.08593   0.07086   0.09434   0.06244   0.08761   0.04652   0.05379   0.00306   0.01671   0.03322   0.01419   0.02991   0.02065   0.04191   0.05148   0.03182   0.01880   0.01071   0.03685   0.08900   0.02896   3.79834   0.97228   0.13996   1.34084  
 36 2920.7522  24193.577616  x:  0.00614   0.01086   0.06738   0.07160   0.00000   0.04654   0.14611   0.00000   0.21860   0.04678   0.00681   0.30755   0.00706   0.08966   0.05675   0.04317   0.09617   0.05061   0.02846   0.07915   0.00058   0.02343   0.02303   0.03572   0.03477   0.08256   0.14623   0.00818   0.09400   0.00591   0.01493   0.08709   0.09186   0.07382   0.09317   0.06225   0.08947   0.04686   0.05512   0.00304   0.01469   0.03645   0.02046   0.02642   0.02088   0.04201   0.05595   0.03466   0.02313   0.01033   0.03711   0.09495   0.02883   3.95961   0.97441   0.14579   1.35094  
 37 4529.2581  24185.637324  x:  0.00567   0.01375   0.06722   0.07169   0.00030   0.04698   0.14112   0.00000   0.23686   0.04917   0.00729   0.31569   0.00684   0.09108   0.05749   0.04345   0.09727   0.05161   0.03139   0.07911   0.00036   0.02341   0.02421   0.03655   0.03653   0.08459   0.14750   0.00386   0.09599   0.00661   0.01484   0.08865   0.09366   0.07570   0.09385   0.06219   0.09071   0.04650   0.05722   0.00305   0.01754   0.03617   0.01258   0.02099   0.02002   0.04152   0.05588   0.03747   0.01908   0.01085   0.03561   0.09673   0.02931   4.06073   0.97456   0.14710   1.35748  
 38 4289.9807  24180.849555  x:  0.00597   0.01394   0.06695   0.07110   0.00018   0.04751   0.14055   0.00000   0.25504   0.05505   0.00642   0.32137   0.00684   0.09393   0.06306   0.04538   0.09867   0.05199   0.03231   0.07627   0.00053   0.02312   0.02236   0.03625   0.03450   0.08499   0.14876   0.00402   0.09791   0.00689   0.01572   0.08630   0.09124   0.07600   0.09633   0.06265   0.09116   0.04485   0.05895   0.00312   0.01761   0.03242   0.01634   0.02434   0.01994   0.04143   0.05102   0.03664   0.01508   0.01107   0.03388   0.09417   0.02993   4.12725   0.97126   0.14520   1.36203  
 39 1797.7414  24179.232889  x:  0.00598   0.01325   0.06716   0.07101   0.00000   0.04758   0.14128   0.00000   0.26084   0.05662   0.00585   0.32293   0.00666   0.09477   0.06519   0.04614   0.09902   0.05192   0.03172   0.07535   0.00053   0.02393   0.02232   0.03606   0.03380   0.08485   0.14905   0.00480   0.09836   0.00615   0.01620   0.08519   0.09003   0.07572   0.09732   0.06310   0.09123   0.04453   0.05917   0.00314   0.01775   0.03156   0.01505   0.02525   0.02040   0.04168   0.04949   0.03577   0.01832   0.01080   0.03385   0.09284   0.02980   4.14557   0.96979   0.14437   1.36333  
 40 1644.2411  24179.232889  x:  0.00598   0.01325   0.06716   0.07101   0.00000   0.04758   0.14128   0.00000   0.26084   0.05662   0.00585   0.32293   0.00666   0.09477   0.06519   0.04614   0.09902   0.05192   0.03172   0.07535   0.00053   0.02393   0.02232   0.03606   0.03380   0.08485   0.14905   0.00480   0.09836   0.00615   0.01620   0.08519   0.09003   0.07572   0.09732   0.06310   0.09123   0.04453   0.05917   0.00314   0.01775   0.03156   0.01505   0.02525   0.02040   0.04168   0.04949   0.03577   0.01832   0.01080   0.03385   0.09284   0.02980   4.14557   0.96979   0.14437   1.36333  
 41 287.1532  24174.769383  x:  0.00599   0.01199   0.06729   0.07115   0.00425   0.04777   0.14185   0.00000   0.26096   0.05624   0.00485   0.32282   0.00598   0.09470   0.06494   0.04610   0.09909   0.05218   0.03216   0.07575   0.00620   0.02472   0.02035   0.03641   0.03463   0.08495   0.14899   0.00345   0.09852   0.00514   0.01326   0.08506   0.08999   0.07573   0.09757   0.06318   0.09143   0.04458   0.05926   0.00407   0.01823   0.03269   0.01733   0.02335   0.02127   0.04193   0.05031   0.03651   0.02091   0.01278   0.03455   0.09297   0.03059   4.14584   0.96973   0.14326   1.36344  
 42 1153.5062  24172.268887  x:  0.00575   0.01040   0.06755   0.07136   0.00475   0.04746   0.14300   0.00000   0.26122   0.05553   0.00433   0.32261   0.00544   0.09459   0.06456   0.04594   0.09930   0.05208   0.03219   0.07576   0.00346   0.02543   0.01707   0.03697   0.03590   0.08523   0.14859   0.00145   0.09892   0.00462   0.00871   0.08497   0.09000   0.07583   0.09804   0.06334   0.09181   0.04478   0.05942   0.00316   0.01867   0.03426   0.01931   0.02051   0.02221   0.04227   0.05169   0.03751   0.02325   0.01343   0.03556   0.09322   0.03169   4.14638   0.96911   0.14147   1.36361  
 43 651.9361  24171.840076  x:  0.00629   0.01054   0.06776   0.07168   0.00455   0.04728   0.14396   0.00000   0.26147   0.05500   0.00470   0.32244   0.00553   0.09452   0.06432   0.04586   0.09941   0.05214   0.03234   0.07589   0.00332   0.02587   0.01636   0.03721   0.03655   0.08543   0.14828   0.00216   0.09933   0.00609   0.00759   0.08510   0.09020   0.07606   0.09835   0.06350   0.09207   0.04508   0.05953   0.00439   0.01869   0.03490   0.01928   0.01989   0.02219   0.04235   0.05246   0.03802   0.02331   0.01285   0.03601   0.09336   0.03207   4.14687   0.96858   0.14005   1.36375  
 44 298.6350  24171.540967  x:  0.00579   0.01073   0.06802   0.07201   0.00424   0.04701   0.14527   0.00000   0.26184   0.05435   0.00488   0.32219   0.00550   0.09444   0.06402   0.04575   0.09953   0.05223   0.03253   0.07609   0.00389   0.02627   0.01629   0.03742   0.03714   0.08569   0.14785   0.00271   0.09982   0.00691   0.00695   0.08533   0.09050   0.07631   0.09873   0.06371   0.09237   0.04540   0.05961   0.00327   0.01847   0.03537   0.01897   0.01985   0.02195   0.04237   0.05326   0.03835   0.02299   0.01246   0.03630   0.09354   0.03229   4.14761   0.96765   0.13831   1.36394  
 45 277.2080  24171.174675  x:  0.00597   0.01080   0.06842   0.07240   0.00401   0.04643   0.14818   0.00000   0.26271   0.05314   0.00442   0.32160   0.00500   0.09429   0.06341   0.04556   0.09974   0.05227   0.03269   0.07633   0.00383   0.02643   0.01699   0.03755   0.03761   0.08621   0.14692   0.00222   0.10065   0.00581   0.00695   0.08592   0.09117   0.07670   0.09943   0.06409   0.09289   0.04584   0.05972   0.00369   0.01815   0.03573   0.01849   0.02079   0.02146   0.04225   0.05439   0.03870   0.02241   0.01308   0.03650   0.09384   0.03227   4.14942   0.96522   0.13500   1.36433  
 46 223.4582  24171.001778  x:  0.00605   0.01038   0.06851   0.07255   0.00486   0.04624   0.15021   0.00000   0.26345   0.05269   0.00491   0.32117   0.00524   0.09428   0.06323   0.04553   0.09982   0.05220   0.03259   0.07638   0.00348   0.02600   0.01685   0.03739   0.03723   0.08651   0.14636   0.00231   0.10110   0.00569   0.00802   0.08627   0.09157   0.07690   0.09977   0.06421   0.09311   0.04579   0.05972   0.00358   0.01823   0.03551   0.01884   0.02065   0.02168   0.04213   0.05448   0.03849   0.02270   0.01291   0.03627   0.09395   0.03204   4.15100   0.96357   0.13325   1.36461  
 47 186.3736  24170.913348  x:  0.00592   0.01066   0.06841   0.07247   0.00433   0.04612   0.15159   0.00000   0.26413   0.05279   0.00464   0.32081   0.00502   0.09436   0.06329   0.04553   0.09979   0.05216   0.03246   0.07635   0.00382   0.02573   0.01668   0.03719   0.03666   0.08661   0.14596   0.00202   0.10123   0.00579   0.00800   0.08631   0.09162   0.07688   0.09986   0.06409   0.09313   0.04558   0.05966   0.00371   0.01842   0.03509   0.01895   0.02018   0.02195   0.04208   0.05390   0.03813   0.02293   0.01254   0.03598   0.09394   0.03187   4.15262   0.96259   0.13265   1.36483  
 48 112.2564  24170.833181  x:  0.00607   0.01087   0.06816   0.07233   0.00441   0.04618   0.15307   0.00000   0.26510   0.05320   0.00464   0.32035   0.00500   0.09455   0.06355   0.04562   0.09970   0.05214   0.03232   0.07622   0.00370   0.02589   0.01685   0.03711   0.03637   0.08664   0.14563   0.00252   0.10120   0.00595   0.00736   0.08616   0.09146   0.07670   0.09980   0.06383   0.09302   0.04528   0.05956   0.00360   0.01856   0.03475   0.01889   0.02024   0.02199   0.04216   0.05297   0.03785   0.02295   0.01319   0.03588   0.09387   0.03190   4.15523   0.96226   0.13233   1.36517  
 49 100.8759  24170.728164  x:  0.00568   0.01038   0.06780   0.07202   0.00469   0.04625   0.15479   0.00000   0.26663   0.05368   0.00463   0.31967   0.00497   0.09482   0.06388   0.04570   0.09952   0.05218   0.03230   0.07605   0.00365   0.02626   0.01689   0.03725   0.03667   0.08657   0.14534   0.00236   0.10096   0.00585   0.00718   0.08591   0.09116   0.07642   0.09958   0.06352   0.09282   0.04502   0.05946   0.00380   0.01850   0.03482   0.01886   0.02067   0.02182   0.04238   0.05220   0.03792   0.02264   0.01257   0.03607   0.09375   0.03213   4.15993   0.96265   0.13230   1.36576  
 50 131.7111  24170.578706  x:  0.00658   0.01056   0.06747   0.07164   0.00454   0.04618   0.15676   0.00000   0.26885   0.05391   0.00437   0.31865   0.00472   0.09512   0.06411   0.04570   0.09925   0.05227   0.03239   0.07588   0.00376   0.02634   0.01657   0.03745   0.03728   0.08642   0.14506   0.00202   0.10055   0.00593   0.00798   0.08565   0.09078   0.07611   0.09923   0.06329   0.09256   0.04512   0.05945   0.00339   0.01838   0.03519   0.01884   0.02059   0.02171   0.04261   0.05204   0.03829   0.02263   0.01254   0.03640   0.09358   0.03230   4.16779   0.96354   0.13273   1.36673  
 51 256.5392  24170.357125  x:  0.00557   0.01096   0.06732   0.07138   0.00416   0.04597   0.15875   0.00000   0.27183   0.05358   0.00452   0.31726   0.00464   0.09535   0.06408   0.04559   0.09894   0.05232   0.03251   0.07575   0.00374   0.02592   0.01640   0.03752   0.03768   0.08620   0.14486   0.00234   0.10007   0.00580   0.00873   0.08536   0.09035   0.07581   0.09879   0.06325   0.09234   0.04553   0.05944   0.00374   0.01830   0.03561   0.01877   0.02008   0.02170   0.04261   0.05280   0.03877   0.02294   0.01329   0.03646   0.09337   0.03219   4.18009   0.96451   0.13394   1.36821  
 52 427.3962  24169.919987  x:  0.00616   0.01066   0.06758   0.07149   0.00434   0.04555   0.16084   0.00000   0.27688   0.05204   0.00468   0.31485   0.00451   0.09542   0.06336   0.04534   0.09857   0.05226   0.03259   0.07579   0.00381   0.02524   0.01719   0.03719   0.03711   0.08593   0.14489   0.00319   0.09956   0.00511   0.00764   0.08499   0.08981   0.07560   0.09828   0.06369   0.09227   0.04614   0.05962   0.00359   0.01845   0.03551   0.01888   0.02006   0.02195   0.04202   0.05497   0.03868   0.02299   0.01243   0.03599   0.09318   0.03151   4.20602   0.96518   0.13707   1.37126  
 53 561.2837  24169.476274  x:  0.00595   0.01003   0.06825   0.07194   0.00476   0.04532   0.16097   0.00000   0.28067   0.05083   0.00406   0.31304   0.00417   0.09527   0.06255   0.04533   0.09863   0.05211   0.03245   0.07615   0.00358   0.02597   0.01703   0.03695   0.03612   0.08607   0.14531   0.00198   0.09972   0.00702   0.00751   0.08525   0.09010   0.07610   0.09834   0.06444   0.09262   0.04605   0.05977   0.00363   0.01832   0.03496   0.01907   0.02103   0.02184   0.04157   0.05576   0.03794   0.02273   0.01308   0.03577   0.09337   0.03166   4.23397   0.96536   0.13913   1.37462  
 54 674.3205  24168.647722  x:  0.00611   0.01117   0.06959   0.07304   0.00442   0.04534   0.15893   0.00000   0.28556   0.05036   0.00598   0.31085   0.00556   0.09501   0.06183   0.04582   0.09928   0.05209   0.03226   0.07703   0.00387   0.02740   0.01625   0.03711   0.03558   0.08686   0.14648   0.00065   0.10077   0.00613   0.00727   0.08637   0.09140   0.07720   0.09906   0.06566   0.09356   0.04540   0.06003   0.00369   0.01812   0.03448   0.01874   0.02097   0.02169   0.04165   0.05475   0.03702   0.02252   0.01320   0.03603   0.09412   0.03278   4.28796   0.96551   0.14034   1.38131  
 55 1069.2023  24167.289670  x:  0.00586   0.01146   0.07119   0.07482   0.00446   0.04584   0.15449   0.00000   0.29156   0.05075   0.00409   0.30818   0.00439   0.09462   0.06120   0.04671   0.10053   0.05222   0.03210   0.07809   0.00343   0.02809   0.01587   0.03762   0.03607   0.08816   0.14844   0.00273   0.10273   0.00460   0.00795   0.08816   0.09366   0.07881   0.10040   0.06691   0.09487   0.04431   0.06022   0.00374   0.01836   0.03452   0.01864   0.02001   0.02188   0.04232   0.05234   0.03668   0.02278   0.01254   0.03652   0.09530   0.03389   4.37564   0.96511   0.14086   1.39226  
 56 2962.2610  24165.728546  x:  0.00622   0.00930   0.07083   0.07506   0.00295   0.04638   0.14932   0.00000   0.29472   0.05301   0.00462   0.30714   0.00494   0.09468   0.06245   0.04689   0.10152   0.05268   0.03240   0.07811   0.00393   0.02496   0.01815   0.03782   0.03803   0.08890   0.14998   0.00196   0.10417   0.00574   0.00725   0.08904   0.09499   0.07951   0.10150   0.06620   0.09517   0.04442   0.05993   0.00362   0.01925   0.03553   0.01944   0.02026   0.02236   0.04316   0.05089   0.03873   0.02339   0.01321   0.03630   0.09590   0.03211   4.47646   0.96271   0.13990   1.40493  
 57 2158.7516  24164.326018  x:  0.00577   0.01219   0.06910   0.07397   0.00540   0.04722   0.14549   0.00000   0.29413   0.05503   0.00394   0.30798   0.00512   0.09501   0.06432   0.04638   0.10179   0.05287   0.03261   0.07713   0.00318   0.02359   0.01736   0.03737   0.03823   0.08863   0.15077   0.00086   0.10428   0.00636   0.00640   0.08858   0.09474   0.07888   0.10179   0.06414   0.09443   0.04610   0.05962   0.00349   0.01854   0.03574   0.01889   0.02080   0.02187   0.04322   0.05179   0.04013   0.02273   0.01248   0.03580   0.09560   0.03039   4.57112   0.95940   0.13853   1.41686  
 58 2483.5649  24162.254473  x:  0.00611   0.00991   0.06587   0.07165   0.00391   0.04761   0.14236   0.00000   0.28843   0.05611   0.00406   0.31164   0.00533   0.09548   0.06636   0.04512   0.10122   0.05273   0.03273   0.07535   0.00378   0.02724   0.01539   0.03663   0.03624   0.08714   0.15043   0.00228   0.10284   0.00547   0.00757   0.08671   0.09266   0.07673   0.10115   0.06100   0.09243   0.04728   0.05934   0.00358   0.01768   0.03489   0.01823   0.02037   0.02151   0.04214   0.05521   0.03924   0.02244   0.01299   0.03593   0.09432   0.03109   4.70694   0.95544   0.13606   1.43405  
 59 2629.5888  24160.808465  x:  0.00570   0.01153   0.06570   0.07070   0.00401   0.04737   0.14362   0.00000   0.28005   0.05426   0.00426   0.31619   0.00498   0.09525   0.06539   0.04489   0.10026   0.05201   0.03237   0.07478   0.00335   0.02734   0.01844   0.03727   0.03601   0.08579   0.14894   0.00193   0.10079   0.00594   0.00807   0.08503   0.09042   0.07549   0.10010   0.06128   0.09159   0.04614   0.05965   0.00359   0.01917   0.03506   0.02022   0.02033   0.02225   0.04148   0.05577   0.03702   0.02345   0.01241   0.03647   0.09322   0.03356   4.80391   0.95662   0.13403   1.44646  
 60 1866.1232  24159.490349  x:  0.00588   0.01056   0.06706   0.07096   0.00435   0.04673   0.14716   0.00000   0.27015   0.05177   0.00437   0.32117   0.00483   0.09457   0.06315   0.04536   0.09926   0.05146   0.03204   0.07516   0.00366   0.02427   0.01668   0.03749   0.03636   0.08489   0.14681   0.00188   0.09895   0.00595   0.00750   0.08390   0.08876   0.07502   0.09897   0.06317   0.09150   0.04418   0.05962   0.00359   0.01844   0.03492   0.01799   0.02010   0.02161   0.04151   0.05388   0.03635   0.02247   0.01276   0.03617   0.09245   0.03298   4.88934   0.95850   0.13424   1.45731  
 61 2029.2999  24159.054126  x:  0.00591   0.01080   0.06791   0.07164   0.00409   0.04617   0.14970   0.00000   0.26566   0.05173   0.00437   0.32318   0.00502   0.09414   0.06249   0.04567   0.09900   0.05168   0.03218   0.07559   0.00357   0.02587   0.01645   0.03692   0.03658   0.08506   0.14570   0.00214   0.09892   0.00579   0.00756   0.08429   0.08916   0.07540   0.09860   0.06395   0.09184   0.04469   0.05927   0.00358   0.01793   0.03481   0.01939   0.02047   0.02166   0.04192   0.05272   0.03810   0.02262   0.01268   0.03549   0.09255   0.03108   4.91838   0.95888   0.13611   1.46092  
 62 789.7263  24158.905484  x:  0.00589   0.01063   0.06805   0.07202   0.00445   0.04598   0.15126   0.00000   0.26367   0.05255   0.00431   0.32400   0.00506   0.09403   0.06284   0.04573   0.09907   0.05200   0.03228   0.07577   0.00345   0.02629   0.01697   0.03679   0.03650   0.08551   0.14530   0.00185   0.09947   0.00583   0.00762   0.08495   0.09000   0.07587   0.09860   0.06390   0.09211   0.04542   0.05917   0.00352   0.01868   0.03485   0.01840   0.02000   0.02186   0.04205   0.05286   0.03849   0.02281   0.01266   0.03572   0.09293   0.03148   4.92823   0.95884   0.13775   1.46211  
 63 297.0965  24158.836601  x:  0.00589   0.01066   0.06795   0.07223   0.00430   0.04598   0.15228   0.00000   0.26260   0.05319   0.00429   0.32448   0.00505   0.09409   0.06339   0.04568   0.09926   0.05219   0.03228   0.07586   0.00352   0.02574   0.01673   0.03696   0.03642   0.08593   0.14519   0.00200   0.10007   0.00575   0.00751   0.08549   0.09070   0.07620   0.09876   0.06366   0.09231   0.04573   0.05925   0.00354   0.01848   0.03488   0.01886   0.02042   0.02178   0.04208   0.05327   0.03811   0.02274   0.01268   0.03604   0.09330   0.03212   4.93282   0.95893   0.13881   1.46268  
 64 171.9286  24158.826496  x:  0.00590   0.01066   0.06780   0.07218   0.00430   0.04610   0.15253   0.00000   0.26244   0.05317   0.00427   0.32464   0.00504   0.09421   0.06361   0.04561   0.09939   0.05217   0.03222   0.07585   0.00351   0.02581   0.01684   0.03710   0.03652   0.08608   0.14535   0.00196   0.10032   0.00576   0.00749   0.08561   0.09086   0.07628   0.09893   0.06352   0.09237   0.04549   0.05937   0.00357   0.01826   0.03492   0.01886   0.02024   0.02174   0.04202   0.05345   0.03788   0.02273   0.01269   0.03593   0.09341   0.03188   4.93349   0.95913   0.13896   1.46280  
 65 32.3965  24158.824091  x:  0.00589   0.01069   0.06772   0.07214   0.00428   0.04617   0.15262   0.00000   0.26241   0.05309   0.00428   0.32474   0.00501   0.09428   0.06365   0.04555   0.09947   0.05214   0.03221   0.07584   0.00352   0.02583   0.01676   0.03709   0.03652   0.08613   0.14549   0.00197   0.10043   0.00574   0.00749   0.08563   0.09089   0.07629   0.09904   0.06347   0.09239   0.04538   0.05942   0.00356   0.01843   0.03495   0.01883   0.02034   0.02178   0.04198   0.05348   0.03791   0.02274   0.01269   0.03589   0.09345   0.03181   4.93364   0.95921   0.13899   1.46286  
 66 16.0317  24158.822863  x:  0.00590   0.01069   0.06765   0.07209   0.00427   0.04621   0.15270   0.00000   0.26243   0.05298   0.00430   0.32489   0.00498   0.09435   0.06361   0.04549   0.09955   0.05211   0.03223   0.07581   0.00352   0.02582   0.01679   0.03702   0.03649   0.08615   0.14570   0.00196   0.10051   0.00574   0.00749   0.08561   0.09087   0.07627   0.09916   0.06343   0.09241   0.04537   0.05941   0.00356   0.01838   0.03491   0.01884   0.02031   0.02177   0.04199   0.05343   0.03801   0.02273   0.01269   0.03593   0.09346   0.03189   4.93372   0.95920   0.13905   1.46294  
 67  8.0855  24158.822279  x:  0.00590   0.01069   0.06767   0.07209   0.00426   0.04620   0.15276   0.00000   0.26249   0.05299   0.00428   0.32508   0.00501   0.09439   0.06356   0.04548   0.09960   0.05211   0.03225   0.07580   0.00353   0.02582   0.01678   0.03707   0.03652   0.08614   0.14588   0.00197   0.10051   0.00574   0.00750   0.08557   0.09083   0.07625   0.09922   0.06345   0.09243   0.04546   0.05939   0.00356   0.01839   0.03494   0.01884   0.02032   0.02178   0.04202   0.05340   0.03795   0.02275   0.01269   0.03592   0.09344   0.03187   4.93375   0.95916   0.13908   1.46304  
 68  4.6142  24158.821902  x:  0.00590   0.01069   0.06772   0.07212   0.00426   0.04619   0.15280   0.00000   0.26258   0.05306   0.00430   0.32529   0.00496   0.09438   0.06356   0.04552   0.09960   0.05213   0.03223   0.07582   0.00352   0.02583   0.01679   0.03706   0.03651   0.08613   0.14598   0.00196   0.10048   0.00574   0.00750   0.08557   0.09083   0.07625   0.09922   0.06347   0.09244   0.04544   0.05940   0.00356   0.01840   0.03493   0.01885   0.02031   0.02178   0.04200   0.05344   0.03796   0.02271   0.01270   0.03593   0.09344   0.03186   4.93377   0.95915   0.13908   1.46319  
 69  3.8229  24158.821622  x:  0.00590   0.01069   0.06774   0.07214   0.00425   0.04618   0.15281   0.00000   0.26266   0.05307   0.00428   0.32547   0.00499   0.09437   0.06360   0.04554   0.09958   0.05214   0.03222   0.07584   0.00352   0.02582   0.01679   0.03705   0.03650   0.08613   0.14601   0.00196   0.10046   0.00575   0.00750   0.08558   0.09084   0.07626   0.09919   0.06348   0.09244   0.04541   0.05941   0.00356   0.01838   0.03493   0.01883   0.02033   0.02178   0.04199   0.05346   0.03798   0.02276   0.01269   0.03593   0.09344   0.03187   4.93377   0.95913   0.13908   1.46335  
 70  5.6458  24158.821242  x:  0.00590   0.01069   0.06772   0.07214   0.00426   0.04619   0.15280   0.00000   0.26278   0.05300   0.00427   0.32571   0.00501   0.09435   0.06364   0.04554   0.09955   0.05214   0.03224   0.07584   0.00352   0.02583   0.01679   0.03706   0.03652   0.08613   0.14596   0.00196   0.10045   0.00574   0.00750   0.08561   0.09087   0.07628   0.09914   0.06347   0.09242   0.04541   0.05942   0.00356   0.01839   0.03495   0.01885   0.02031   0.02178   0.04201   0.05343   0.03798   0.02272   0.01270   0.03591   0.09346   0.03189   4.93378   0.95910   0.13913   1.46365  
 71  4.9765  24158.820957  x:  0.00590   0.01069   0.06769   0.07213   0.00426   0.04619   0.15279   0.00000   0.26286   0.05297   0.00431   0.32586   0.00494   0.09434   0.06364   0.04552   0.09954   0.05213   0.03225   0.07584   0.00352   0.02583   0.01679   0.03707   0.03652   0.08614   0.14589   0.00196   0.10047   0.00574   0.00749   0.08563   0.09089   0.07630   0.09912   0.06346   0.09241   0.04544   0.05941   0.00356   0.01839   0.03494   0.01884   0.02033   0.02177   0.04202   0.05342   0.03797   0.02275   0.01269   0.03592   0.09347   0.03188   4.93378   0.95910   0.13915   1.46392  
 72  6.3833  24158.820383  x:  0.00590   0.01069   0.06769   0.07210   0.00426   0.04619   0.15276   0.00000   0.26295   0.05301   0.00428   0.32602   0.00498   0.09437   0.06356   0.04550   0.09956   0.05210   0.03224   0.07581   0.00353   0.02582   0.01679   0.03705   0.03650   0.08619   0.14573   0.00196   0.10054   0.00574   0.00749   0.08562   0.09089   0.07629   0.09917   0.06347   0.09244   0.04547   0.05939   0.00356   0.01839   0.03490   0.01884   0.02032   0.02179   0.04200   0.05343   0.03796   0.02274   0.01269   0.03596   0.09348   0.03185   4.93377   0.95917   0.13918   1.46459  
 73  5.6396  24158.819060  x:  0.00590   0.01070   0.06772   0.07209   0.00428   0.04618   0.15272   0.00000   0.26302   0.05308   0.00428   0.32612   0.00498   0.09443   0.06350   0.04549   0.09962   0.05211   0.03224   0.07579   0.00352   0.02583   0.01679   0.03705   0.03653   0.08621   0.14554   0.00197   0.10060   0.00574   0.00752   0.08556   0.09082   0.07624   0.09929   0.06348   0.09249   0.04536   0.05938   0.00356   0.01839   0.03499   0.01885   0.02032   0.02173   0.04198   0.05346   0.03798   0.02274   0.01269   0.03587   0.09344   0.03191   4.93375   0.95906   0.13938   1.46628  
 74 10.0508  24158.814165  x:  0.00590   0.01070   0.06781   0.07215   0.00428   0.04619   0.15269   0.00000   0.26308   0.05302   0.00432   0.32612   0.00491   0.09452   0.06367   0.04557   0.09974   0.05222   0.03228   0.07585   0.00351   0.02584   0.01679   0.03713   0.03654   0.08618   0.14536   0.00196   0.10060   0.00575   0.00755   0.08548   0.09070   0.07613   0.09951   0.06351   0.09258   0.04535   0.05950   0.00356   0.01831   0.03493   0.01880   0.02038   0.02202   0.04209   0.05347   0.03800   0.02271   0.01270   0.03588   0.09338   0.03192   4.93365   0.95891   0.13986   1.47279  
 75 30.4579  24158.800528  x:  0.00589   0.01067   0.06792   0.07229   0.00426   0.04621   0.15269   0.00000   0.26315   0.05282   0.00429   0.32593   0.00494   0.09460   0.06406   0.04571   0.09991   0.05234   0.03225   0.07601   0.00348   0.02581   0.01680   0.03716   0.03647   0.08606   0.14527   0.00194   0.10048   0.00576   0.00757   0.08546   0.09060   0.07601   0.09981   0.06352   0.09267   0.04552   0.05968   0.00355   0.01848   0.03475   0.01887   0.02031   0.02164   0.04210   0.05341   0.03800   0.02275   0.01269   0.03603   0.09334   0.03181   4.93338   0.95866   0.14101   1.49093  
 76 180.9243  24158.773184  x:  0.00590   0.01066   0.06771   0.07232   0.00421   0.04618   0.15281   0.00000   0.26321   0.05290   0.00430   0.32539   0.00494   0.09438   0.06382   0.04563   0.09983   0.05207   0.03198   0.07602   0.00347   0.02580   0.01682   0.03682   0.03647   0.08591   0.14572   0.00194   0.10027   0.00575   0.00751   0.08571   0.09086   0.07621   0.09961   0.06343   0.09249   0.04560   0.05931   0.00354   0.01835   0.03515   0.01881   0.02035   0.02180   0.04189   0.05334   0.03786   0.02271   0.01268   0.03591   0.09351   0.03185   4.93282   0.95814   0.14322   1.52775  
 77 282.9753  24158.765785  x:  0.00590   0.01069   0.06765   0.07221   0.00420   0.04616   0.15285   0.00000   0.26321   0.05301   0.00428   0.32523   0.00499   0.09430   0.06355   0.04555   0.09970   0.05211   0.03226   0.07588   0.00345   0.02579   0.01681   0.03708   0.03649   0.08600   0.14593   0.00194   0.10034   0.00575   0.00749   0.08574   0.09096   0.07633   0.09934   0.06342   0.09240   0.04541   0.05929   0.00354   0.01839   0.03487   0.01882   0.02034   0.02178   0.04196   0.05344   0.03796   0.02271   0.01268   0.03585   0.09353   0.03186   4.93267   0.95794   0.14382   1.53760  
 78 202.2325  24158.764765  x:  0.00589   0.01069   0.06771   0.07214   0.00419   0.04618   0.15285   0.00000   0.26320   0.05301   0.00428   0.32520   0.00499   0.09434   0.06354   0.04554   0.09960   0.05213   0.03224   0.07582   0.00345   0.02579   0.01681   0.03703   0.03646   0.08613   0.14599   0.00194   0.10047   0.00575   0.00750   0.08567   0.09093   0.07633   0.09918   0.06347   0.09241   0.04541   0.05943   0.00354   0.01839   0.03493   0.01882   0.02035   0.02177   0.04203   0.05343   0.03794   0.02271   0.01268   0.03591   0.09349   0.03184   4.93266   0.95788   0.14390   1.53892  
 79 21.1634  24158.764603  x:  0.00590   0.01068   0.06773   0.07213   0.00419   0.04618   0.15285   0.00000   0.26320   0.05300   0.00427   0.32520   0.00499   0.09436   0.06357   0.04554   0.09956   0.05213   0.03222   0.07583   0.00345   0.02579   0.01681   0.03704   0.03648   0.08618   0.14600   0.00194   0.10052   0.00575   0.00750   0.08564   0.09092   0.07632   0.09914   0.06349   0.09243   0.04544   0.05941   0.00354   0.01838   0.03491   0.01882   0.02035   0.02178   0.04199   0.05342   0.03795   0.02271   0.01268   0.03588   0.09348   0.03186   4.93266   0.95789   0.14390   1.53911  
 80  4.1931  24158.764514  x:  0.00590   0.01068   0.06772   0.07214   0.00419   0.04616   0.15284   0.00000   0.26320   0.05300   0.00428   0.32520   0.00499   0.09438   0.06359   0.04554   0.09954   0.05213   0.03225   0.07586   0.00345   0.02579   0.01681   0.03705   0.03646   0.08620   0.14601   0.00194   0.10054   0.00575   0.00750   0.08563   0.09091   0.07631   0.09912   0.06350   0.09244   0.04542   0.05936   0.00354   0.01838   0.03492   0.01882   0.02034   0.02177   0.04200   0.05343   0.03795   0.02271   0.01268   0.03588   0.09348   0.03185   4.93268   0.95789   0.14390   1.53914  
 81  0.8361  24158.763832  x:  0.00589   0.01070   0.06763   0.07219   0.00419   0.04612   0.15283   0.00000   0.26321   0.05300   0.00428   0.32519   0.00499   0.09439   0.06357   0.04554   0.09945   0.05209   0.03220   0.07594   0.00345   0.02579   0.01681   0.03701   0.03655   0.08622   0.14602   0.00194   0.10056   0.00575   0.00751   0.08564   0.09090   0.07623   0.09913   0.06350   0.09248   0.04539   0.05935   0.00354   0.01840   0.03486   0.01882   0.02035   0.02178   0.04205   0.05345   0.03793   0.02271   0.01268   0.03593   0.09349   0.03184   4.93288   0.95785   0.14393   1.53913  
 82  0.6086  24158.756884  x:  0.00589   0.01067   0.06728   0.07237   0.00417   0.04611   0.15284   0.00000   0.26335   0.05307   0.00426   0.32511   0.00501   0.09440   0.06337   0.04567   0.09903   0.05211   0.03227   0.07611   0.00341   0.02577   0.01682   0.03711   0.03638   0.08627   0.14607   0.00193   0.10057   0.00577   0.00750   0.08576   0.09091   0.07591   0.09928   0.06353   0.09268   0.04549   0.05968   0.00354   0.01836   0.03497   0.01881   0.02035   0.02177   0.04194   0.05338   0.03801   0.02269   0.01268   0.03581   0.09365   0.03187   4.93491   0.95792   0.14389   1.53876  
 83  5.1667  24158.649947  x:  0.00589   0.01068   0.06805   0.07237   0.00376   0.04673   0.15318   0.00000   0.26552   0.05277   0.00431   0.32390   0.00498   0.09426   0.06350   0.04563   0.09746   0.05295   0.03251   0.07486   0.00314   0.02579   0.01680   0.03667   0.03680   0.08634   0.14632   0.00200   0.10045   0.00579   0.00749   0.08643   0.09115   0.07587   0.10036   0.06371   0.09344   0.04540   0.05908   0.00350   0.01837   0.03485   0.01867   0.02038   0.02176   0.04181   0.05333   0.03773   0.02256   0.01262   0.03596   0.09396   0.03178   4.96631   0.95813   0.14385   1.53261  
 84 33.9614  24158.521913  x:  0.00590   0.01065   0.06853   0.07222   0.00338   0.04619   0.15358   0.00000   0.26813   0.05269   0.00436   0.32245   0.00499   0.09430   0.06356   0.04551   0.09822   0.05190   0.03159   0.07553   0.00290   0.02578   0.01688   0.03764   0.03632   0.08658   0.14646   0.00217   0.10062   0.00580   0.00753   0.08638   0.09131   0.07667   0.10029   0.06370   0.09311   0.04537   0.05920   0.00340   0.01831   0.03493   0.01847   0.02045   0.02162   0.04242   0.05334   0.03832   0.02238   0.01252   0.03595   0.09377   0.03183   5.00390   0.95821   0.14385   1.52520  
 85 326.7250  24158.474624  x:  0.00588   0.01064   0.06831   0.07235   0.00326   0.04589   0.15374   0.00000   0.26909   0.05273   0.00437   0.32191   0.00500   0.09441   0.06338   0.04571   0.09937   0.05204   0.03236   0.07629   0.00268   0.02577   0.01687   0.03704   0.03667   0.08670   0.14646   0.00218   0.10083   0.00580   0.00754   0.08613   0.09136   0.07695   0.09975   0.06373   0.09272   0.04542   0.05957   0.00339   0.01829   0.03489   0.01841   0.02046   0.02163   0.04210   0.05322   0.03804   0.02233   0.01251   0.03588   0.09366   0.03183   5.01783   0.95834   0.14375   1.52246  
 86 262.8683  24158.470861  x:  0.00588   0.01066   0.06813   0.07257   0.00323   0.04608   0.15376   0.00000   0.26917   0.05267   0.00438   0.32187   0.00500   0.09446   0.06328   0.04577   0.09969   0.05229   0.03218   0.07618   0.00268   0.02577   0.01687   0.03712   0.03665   0.08662   0.14645   0.00215   0.10093   0.00581   0.00755   0.08608   0.09139   0.07677   0.09947   0.06384   0.09273   0.04541   0.05947   0.00339   0.01829   0.03492   0.01841   0.02046   0.02163   0.04206   0.05322   0.03806   0.02233   0.01250   0.03597   0.09374   0.03181   5.01894   0.95829   0.14376   1.52224  
 87 19.4334  24158.470641  x:  0.00588   0.01065   0.06814   0.07260   0.00323   0.04609   0.15376   0.00000   0.26917   0.05268   0.00437   0.32187   0.00500   0.09447   0.06329   0.04574   0.09973   0.05226   0.03219   0.07615   0.00268   0.02577   0.01687   0.03710   0.03665   0.08657   0.14644   0.00215   0.10095   0.00581   0.00755   0.08608   0.09141   0.07673   0.09942   0.06388   0.09277   0.04542   0.05948   0.00339   0.01829   0.03490   0.01841   0.02046   0.02163   0.04211   0.05324   0.03806   0.02232   0.01250   0.03592   0.09377   0.03182   5.01900   0.95831   0.14374   1.52223  
 88  3.3142  24158.470615  x:  0.00588   0.01065   0.06814   0.07260   0.00323   0.04608   0.15376   0.00000   0.26917   0.05268   0.00437   0.32186   0.00500   0.09447   0.06330   0.04572   0.09973   0.05224   0.03220   0.07614   0.00268   0.02577   0.01687   0.03710   0.03665   0.08655   0.14644   0.00215   0.10095   0.00581   0.00755   0.08609   0.09141   0.07672   0.09941   0.06388   0.09279   0.04541   0.05948   0.00339   0.01829   0.03490   0.01841   0.02046   0.02163   0.04209   0.05323   0.03806   0.02232   0.01250   0.03593   0.09377   0.03182   5.01901   0.95831   0.14374   1.52223  
 89  1.0947  24158.470613  x:  0.00588   0.01065   0.06814   0.07259   0.00323   0.04609   0.15376   0.00000   0.26917   0.05268   0.00437   0.32186   0.00500   0.09447   0.06330   0.04573   0.09973   0.05224   0.03220   0.07614   0.00268   0.02577   0.01687   0.03710   0.03665   0.08655   0.14644   0.00215   0.10096   0.00581   0.00755   0.08609   0.09141   0.07671   0.09941   0.06388   0.09279   0.04541   0.05948   0.00339   0.01829   0.03490   0.01841   0.02046   0.02163   0.04209   0.05323   0.03806   0.02232   0.01250   0.03593   0.09377   0.03182   5.01901   0.95830   0.14374   1.52223  
 90  0.1842  24158.470611  x:  0.00588   0.01065   0.06814   0.07258   0.00323   0.04608   0.15376   0.00000   0.26917   0.05268   0.00437   0.32187   0.00500   0.09447   0.06330   0.04573   0.09973   0.05225   0.03220   0.07614   0.00268   0.02577   0.01687   0.03710   0.03665   0.08654   0.14644   0.00215   0.10096   0.00581   0.00755   0.08609   0.09142   0.07672   0.09941   0.06388   0.09280   0.04541   0.05948   0.00339   0.01829   0.03490   0.01841   0.02046   0.02163   0.04209   0.05323   0.03806   0.02232   0.01250   0.03593   0.09377   0.03182   5.01902   0.95831   0.14374   1.52223  
 91  0.0496  24158.470382  x:  0.00588   0.01066   0.06807   0.07260   0.00323   0.04605   0.15374   0.00000   0.26914   0.05268   0.00437   0.32189   0.00500   0.09447   0.06332   0.04578   0.09974   0.05222   0.03221   0.07609   0.00268   0.02577   0.01687   0.03710   0.03665   0.08655   0.14644   0.00215   0.10093   0.00581   0.00756   0.08605   0.09139   0.07680   0.09940   0.06389   0.09289   0.04541   0.05948   0.00339   0.01829   0.03490   0.01841   0.02046   0.02163   0.04209   0.05323   0.03805   0.02232   0.01250   0.03593   0.09376   0.03182   5.01947   0.95830   0.14374   1.52218  
 92  0.0699  24158.467257  x:  0.00589   0.01069   0.06812   0.07258   0.00321   0.04620   0.15348   0.00000   0.26870   0.05275   0.00436   0.32230   0.00502   0.09443   0.06331   0.04561   0.09974   0.05225   0.03219   0.07619   0.00269   0.02574   0.01694   0.03709   0.03659   0.08653   0.14644   0.00214   0.10083   0.00583   0.00763   0.08593   0.09134   0.07676   0.09930   0.06368   0.09292   0.04540   0.05945   0.00341   0.01830   0.03486   0.01838   0.02051   0.02161   0.04208   0.05320   0.03801   0.02227   0.01246   0.03590   0.09373   0.03180   5.02561   0.95826   0.14363   1.52156  
 93  5.8501  24158.466243  x:  0.00589   0.01070   0.06807   0.07251   0.00321   0.04612   0.15339   0.00000   0.26855   0.05276   0.00436   0.32244   0.00501   0.09446   0.06336   0.04570   0.09974   0.05223   0.03220   0.07611   0.00269   0.02574   0.01695   0.03708   0.03658   0.08650   0.14645   0.00215   0.10088   0.00584   0.00764   0.08601   0.09134   0.07667   0.09934   0.06383   0.09271   0.04540   0.05944   0.00342   0.01830   0.03485   0.01837   0.02052   0.02161   0.04208   0.05319   0.03800   0.02225   0.01245   0.03589   0.09372   0.03179   5.02760   0.95825   0.14360   1.52136  
 94 21.6181  24158.466237  x:  0.00589   0.01070   0.06808   0.07251   0.00321   0.04611   0.15339   0.00000   0.26855   0.05276   0.00436   0.32244   0.00501   0.09446   0.06335   0.04571   0.09973   0.05223   0.03220   0.07611   0.00269   0.02574   0.01695   0.03708   0.03658   0.08649   0.14645   0.00214   0.10089   0.00584   0.00764   0.08602   0.09134   0.07667   0.09934   0.06382   0.09271   0.04539   0.05944   0.00342   0.01830   0.03485   0.01837   0.02052   0.02161   0.04208   0.05319   0.03800   0.02225   0.01245   0.03589   0.09371   0.03179   5.02761   0.95825   0.14360   1.52136  
 95  0.4483  24158.466237  x:  0.00589   0.01070   0.06808   0.07252   0.00321   0.04611   0.15339   0.00000   0.26855   0.05276   0.00436   0.32244   0.00501   0.09446   0.06335   0.04571   0.09973   0.05223   0.03220   0.07611   0.00269   0.02574   0.01695   0.03708   0.03658   0.08649   0.14645   0.00214   0.10089   0.00584   0.00764   0.08601   0.09134   0.07667   0.09934   0.06382   0.09271   0.04539   0.05944   0.00342   0.01830   0.03485   0.01837   0.02052   0.02161   0.04208   0.05319   0.03800   0.02225   0.01245   0.03589   0.09371   0.03179   5.02761   0.95825   0.14360   1.52136  
 96  0.0453  24158.466237  x:  0.00589   0.01070   0.06808   0.07251   0.00321   0.04611   0.15339   0.00000   0.26855   0.05276   0.00436   0.32244   0.00501   0.09446   0.06335   0.04571   0.09973   0.05223   0.03220   0.07611   0.00269   0.02574   0.01695   0.03708   0.03658   0.08649   0.14645   0.00214   0.10089   0.00584   0.00764   0.08601   0.09134   0.07667   0.09934   0.06382   0.09271   0.04539   0.05944   0.00342   0.01830   0.03485   0.01837   0.02052   0.02161   0.04208   0.05319   0.03800   0.02225   0.01245   0.03589   0.09372   0.03179   5.02761   0.95825   0.14360   1.52136  
 97  0.0014  24158.466209  x:  0.00589   0.01070   0.06807   0.07251   0.00322   0.04612   0.15337   0.00000   0.26852   0.05276   0.00436   0.32243   0.00501   0.09445   0.06336   0.04570   0.09973   0.05222   0.03220   0.07610   0.00268   0.02574   0.01695   0.03708   0.03658   0.08649   0.14645   0.00214   0.10089   0.00584   0.00763   0.08600   0.09136   0.07666   0.09935   0.06381   0.09271   0.04540   0.05944   0.00342   0.01830   0.03485   0.01837   0.02052   0.02161   0.04208   0.05319   0.03800   0.02226   0.01245   0.03589   0.09369   0.03179   5.02792   0.95824   0.14359   1.52137  
 98  0.0263  24158.466201  x:  0.00589   0.01070   0.06807   0.07251   0.00322   0.04612   0.15337   0.00000   0.26852   0.05276   0.00436   0.32243   0.00501   0.09446   0.06336   0.04570   0.09973   0.05222   0.03220   0.07610   0.00268   0.02573   0.01695   0.03708   0.03658   0.08649   0.14645   0.00214   0.10089   0.00584   0.00763   0.08601   0.09133   0.07666   0.09934   0.06381   0.09271   0.04540   0.05944   0.00341   0.01830   0.03485   0.01838   0.02052   0.02161   0.04208   0.05320   0.03800   0.02226   0.01245   0.03589   0.09371   0.03179   5.02800   0.95824   0.14358   1.52137  
 99  0.8675  24158.466201  x:  0.00589   0.01070   0.06807   0.07251   0.00322   0.04612   0.15337   0.00000   0.26852   0.05276   0.00436   0.32243   0.00501   0.09446   0.06336   0.04570   0.09973   0.05222   0.03220   0.07610   0.00268   0.02573   0.01695   0.03708   0.03658   0.08649   0.14645   0.00214   0.10089   0.00584   0.00763   0.08601   0.09133   0.07666   0.09934   0.06381   0.09270   0.04540   0.05944   0.00341   0.01830   0.03485   0.01838   0.02052   0.02161   0.04208   0.05320   0.03800   0.02226   0.01245   0.03589   0.09371   0.03179   5.02800   0.95824   0.14358   1.52137  
100  0.0067  24158.466200  x:  0.00589   0.01070   0.06807   0.07251   0.00322   0.04612   0.15336   0.00000   0.26851   0.05276   0.00436   0.32243   0.00502   0.09446   0.06336   0.04570   0.09973   0.05222   0.03220   0.07610   0.00268   0.02573   0.01695   0.03708   0.03658   0.08649   0.14645   0.00214   0.10089   0.00584   0.00763   0.08601   0.09133   0.07666   0.09934   0.06381   0.09271   0.04540   0.05944   0.00341   0.01830   0.03485   0.01838   0.02051   0.02161   0.04208   0.05320   0.03800   0.02226   0.01245   0.03589   0.09371   0.03179   5.02805   0.95824   0.14358   1.52138  
101  0.0001  24158.466200  x:  0.00589   0.01070   0.06807   0.07251   0.00322   0.04612   0.15336   0.00000   0.26852   0.05276   0.00436   0.32243   0.00501   0.09446   0.06336   0.04570   0.09973   0.05222   0.03220   0.07610   0.00268   0.02573   0.01695   0.03708   0.03658   0.08649   0.14645   0.00214   0.10089   0.00584   0.00763   0.08601   0.09133   0.07666   0.09934   0.06381   0.09271   0.04540   0.05944   0.00341   0.01830   0.03485   0.01838   0.02051   0.02161   0.04208   0.05320   0.03800   0.02226   0.01245   0.03589   0.09371   0.03179   5.02808   0.95824   0.14358   1.52138  
102  0.0000  24158.466200  x:  0.00589   0.01070   0.06807   0.07251   0.00322   0.04612   0.15336   0.00000   0.26852   0.05276   0.00436   0.32243   0.00501   0.09446   0.06336   0.04570   0.09973   0.05222   0.03220   0.07610   0.00268   0.02573   0.01695   0.03708   0.03658   0.08649   0.14645   0.00214   0.10089   0.00584   0.00763   0.08601   0.09133   0.07666   0.09934   0.06381   0.09271   0.04540   0.05944   0.00341   0.01830   0.03485   0.01838   0.02051   0.02161   0.04208   0.05320   0.03800   0.02226   0.01245   0.03589   0.09371   0.03179   5.02808   0.95824   0.14358   1.52138  