Supplemental results for CODEML (seqf: bmi1.fasta  treef: bmi1_tree.txt)


MLEs of dN/dS (w) for site classes (K=6)

p:   0.19581  0.19581  0.19581  0.19581  0.19581  0.02097
w:   0.00000  0.00000  0.00000  0.00000  0.03179  1.00000

Naive Empirical Bayes (NEB) probabilities for 6 classes & postmean_w
(amino acids refer to 1st sequence: Phasianus_colchicus)

   1 M   0.20485 0.20485 0.20485 0.20485 0.18016 0.00043 ( 1)  0.006
   2 H   0.20467 0.20467 0.20467 0.20466 0.18082 0.00052 ( 1)  0.006
   3 R   0.20239 0.20239 0.20239 0.20239 0.18809 0.00234 ( 1)  0.008
   4 T   0.20364 0.20364 0.20364 0.20364 0.18437 0.00108 ( 1)  0.007
   5 T   0.20356 0.20356 0.20356 0.20356 0.18462 0.00115 ( 1)  0.007
   6 R   0.20377 0.20377 0.20377 0.20377 0.18387 0.00107 ( 1)  0.007
   7 I   0.20381 0.20381 0.20381 0.20381 0.18382 0.00094 ( 1)  0.007
   8 K   0.20503 0.20503 0.20503 0.20503 0.17946 0.00042 ( 1)  0.006
   9 I   0.20422 0.20422 0.20422 0.20422 0.18239 0.00072 ( 1)  0.007
  10 T   0.20345 0.20345 0.20345 0.20345 0.18496 0.00123 ( 1)  0.007
  11 E   0.20364 0.20364 0.20364 0.20364 0.18437 0.00106 ( 1)  0.007
  12 L   0.20230 0.20230 0.20230 0.20230 0.18838 0.00244 ( 1)  0.008
  13 N   0.20507 0.20507 0.20507 0.20507 0.17933 0.00039 ( 1)  0.006
  14 P   0.20309 0.20309 0.20309 0.20309 0.18612 0.00153 ( 1)  0.007
  15 H   0.20399 0.20399 0.20399 0.20399 0.18314 0.00088 ( 1)  0.007
  16 L   0.20305 0.20305 0.20305 0.20305 0.18624 0.00155 ( 1)  0.007
  17 M   0.20485 0.20485 0.20485 0.20485 0.18016 0.00043 ( 1)  0.006
  18 C   0.20337 0.20337 0.20337 0.20337 0.18528 0.00125 ( 1)  0.007
  19 V   0.20251 0.20251 0.20251 0.20251 0.18782 0.00214 ( 1)  0.008
  20 L   0.20258 0.20258 0.20258 0.20258 0.18762 0.00206 ( 1)  0.008
  21 C   0.20337 0.20337 0.20337 0.20337 0.18528 0.00125 ( 1)  0.007
  22 G   0.00000 0.00000 0.00000 0.00000 0.04523 0.95477 ( 6)  0.956
  23 G   0.00000 0.00000 0.00000 0.00000 0.09968 0.90032 ( 6)  0.903
  24 Y   0.00000 0.00000 0.00000 0.00000 0.32900 0.67099 ( 6)  0.681
  25 F   0.20309 0.20309 0.20309 0.20309 0.18615 0.00149 ( 1)  0.007
  26 I   0.20341 0.20341 0.20341 0.20341 0.18510 0.00124 ( 1)  0.007
  27 D   0.20428 0.20428 0.20428 0.20428 0.18220 0.00069 ( 1)  0.006
  28 A   0.20337 0.20337 0.20337 0.20337 0.18524 0.00126 ( 1)  0.007
  29 T   0.20355 0.20355 0.20355 0.20355 0.18465 0.00114 ( 1)  0.007
  30 T   0.20356 0.20356 0.20356 0.20356 0.18462 0.00115 ( 1)  0.007
  31 I   0.20381 0.20381 0.20381 0.20381 0.18382 0.00094 ( 1)  0.007
  32 I   0.20422 0.20422 0.20422 0.20422 0.18239 0.00072 ( 1)  0.007
  33 E   0.20364 0.20364 0.20364 0.20364 0.18437 0.00106 ( 1)  0.007
  34 C   0.20337 0.20337 0.20337 0.20337 0.18528 0.00125 ( 1)  0.007
  35 L   0.20268 0.20268 0.20268 0.20268 0.18734 0.00196 ( 1)  0.008
  36 H   0.20467 0.20467 0.20467 0.20466 0.18082 0.00052 ( 1)  0.006
  37 S   0.20306 0.20306 0.20306 0.20306 0.18622 0.00154 ( 1)  0.007
  38 F   0.20331 0.20331 0.20331 0.20331 0.18546 0.00128 ( 1)  0.007
  39 C   0.20299 0.20299 0.20299 0.20299 0.18644 0.00161 ( 1)  0.008
  40 K   0.20403 0.20403 0.20403 0.20402 0.18307 0.00083 ( 1)  0.007
  41 T   0.20325 0.20325 0.20325 0.20325 0.18560 0.00139 ( 1)  0.007
  42 C   0.20272 0.20272 0.20272 0.20272 0.18721 0.00191 ( 1)  0.008
  43 I   0.20386 0.20386 0.20386 0.20386 0.18365 0.00091 ( 1)  0.007
  44 V   0.20255 0.20255 0.20255 0.20255 0.18771 0.00208 ( 1)  0.008
  45 R   0.20242 0.20242 0.20242 0.20242 0.18803 0.00228 ( 1)  0.008
  46 Y   0.20348 0.20348 0.20348 0.20348 0.18491 0.00118 ( 1)  0.007
  47 L   0.20126 0.20126 0.20126 0.20126 0.19081 0.00413 ( 1)  0.010
  48 E   0.20369 0.20369 0.20369 0.20369 0.18421 0.00102 ( 1)  0.007
  49 T   0.20337 0.20337 0.20337 0.20337 0.18522 0.00129 ( 1)  0.007
  50 S   0.20473 0.20473 0.20473 0.20473 0.18061 0.00049 ( 1)  0.006
  51 K   0.20408 0.20408 0.20408 0.20408 0.18289 0.00080 ( 1)  0.007
  52 Y   0.20307 0.20307 0.20307 0.20307 0.18618 0.00155 ( 1)  0.007
  53 C   0.20299 0.20299 0.20299 0.20299 0.18642 0.00161 ( 1)  0.008
  54 P   0.20281 0.20281 0.20281 0.20281 0.18692 0.00182 ( 1)  0.008
  55 I   0.20349 0.20349 0.20349 0.20349 0.18488 0.00118 ( 1)  0.007
  56 C   0.20309 0.20309 0.20309 0.20309 0.18614 0.00151 ( 1)  0.007
  57 D   0.20377 0.20377 0.20377 0.20377 0.18397 0.00096 ( 1)  0.007
  58 V   0.20311 0.20311 0.20311 0.20311 0.18608 0.00148 ( 1)  0.007
  59 Q   0.20393 0.20393 0.20393 0.20393 0.18340 0.00088 ( 1)  0.007
  60 V   0.20223 0.20223 0.20223 0.20223 0.18856 0.00252 ( 1)  0.009
  61 H   0.20472 0.20472 0.20472 0.20472 0.18062 0.00050 ( 1)  0.006
  62 K   0.20509 0.20509 0.20509 0.20509 0.17924 0.00040 ( 1)  0.006
  63 T   0.20296 0.20296 0.20296 0.20296 0.18648 0.00169 ( 1)  0.008
  64 R   0.20233 0.20233 0.20233 0.20233 0.18826 0.00241 ( 1)  0.008
  65 P   0.20275 0.20275 0.20275 0.20275 0.18712 0.00189 ( 1)  0.008
  66 L   0.20210 0.20210 0.20210 0.20210 0.18889 0.00272 ( 1)  0.009
  67 L   0.20105 0.20105 0.20105 0.20105 0.18945 0.00636 ( 1)  0.012
  68 N   0.20454 0.20454 0.20454 0.20454 0.18127 0.00059 ( 1)  0.006
  69 I   0.20470 0.20470 0.20470 0.20470 0.18067 0.00054 ( 1)  0.006
  70 -   0.19581 0.19581 0.19581 0.19581 0.19581 0.02097 ( 3)  0.027
  71 -   0.19581 0.19581 0.19581 0.19581 0.19581 0.02097 ( 4)  0.027
  72 -   0.19581 0.19581 0.19581 0.19581 0.19581 0.02097 ( 3)  0.027
  73 -   0.19581 0.19581 0.19581 0.19581 0.19581 0.02097 ( 3)  0.027
  74 -   0.20343 0.20343 0.20343 0.20343 0.18503 0.00125 ( 1)  0.007
  75 -   0.20244 0.20244 0.20244 0.20244 0.18792 0.00230 ( 1)  0.008
  76 -   0.20344 0.20344 0.20344 0.20344 0.18504 0.00122 ( 1)  0.007
  77 -   0.20479 0.20479 0.20479 0.20479 0.18033 0.00053 ( 1)  0.006
  78 -   0.20230 0.20230 0.20230 0.20230 0.18830 0.00249 ( 1)  0.008
  79 -   0.20279 0.20279 0.20279 0.20279 0.18699 0.00185 ( 1)  0.008
  80 -   0.20350 0.20350 0.20350 0.20350 0.18477 0.00123 ( 1)  0.007
  81 -   0.20344 0.20344 0.20344 0.20344 0.18504 0.00122 ( 1)  0.007
  82 -   0.20272 0.20272 0.20272 0.20272 0.18716 0.00195 ( 1)  0.008
  83 -   0.20323 0.20323 0.20323 0.20323 0.18568 0.00140 ( 1)  0.007
  84 -   0.20323 0.20323 0.20323 0.20323 0.18566 0.00142 ( 1)  0.007
  85 -   0.20381 0.20381 0.20381 0.20381 0.18376 0.00099 ( 1)  0.007
  86 -   0.20258 0.20258 0.20258 0.20258 0.18757 0.00212 ( 1)  0.008
  87 -   0.20297 0.20297 0.20297 0.20297 0.18647 0.00165 ( 1)  0.008
  88 -   0.20344 0.20344 0.20344 0.20344 0.18497 0.00126 ( 1)  0.007
  89 -   0.20319 0.20319 0.20319 0.20319 0.18579 0.00144 ( 1)  0.007
  90 -   0.20183 0.20183 0.20183 0.20183 0.18953 0.00315 ( 1)  0.009
  91 -   0.20316 0.20316 0.20316 0.20316 0.18591 0.00143 ( 1)  0.007
  92 R   0.00000 0.00000 0.00000 0.00000 0.26237 0.73763 ( 6)  0.746
  93 Y   0.00000 0.00000 0.00000 0.00000 0.14077 0.85923 ( 6)  0.864
  94 E   0.20470 0.20470 0.20470 0.20470 0.18068 0.00051 ( 1)  0.006
  95 M   0.20491 0.20491 0.20491 0.20491 0.17995 0.00041 ( 1)  0.006
  96 K   0.20509 0.20509 0.20509 0.20509 0.17924 0.00040 ( 1)  0.006
  97 R   0.20434 0.20434 0.20434 0.20434 0.18196 0.00067 ( 1)  0.006
  98 R   0.20434 0.20434 0.20434 0.20434 0.18196 0.00067 ( 1)  0.006
  99 R   0.20368 0.20368 0.20368 0.20368 0.18424 0.00103 ( 1)  0.007
 100 D   0.20369 0.20369 0.20369 0.20369 0.18425 0.00101 ( 1)  0.007
 101 F   0.20267 0.20267 0.20267 0.20267 0.18738 0.00196 ( 1)  0.008
 102 Y   0.20235 0.20235 0.20235 0.20235 0.18825 0.00235 ( 1)  0.008
 103 A   0.20230 0.20230 0.20230 0.20230 0.18837 0.00242 ( 1)  0.008
 104 A   0.20230 0.20230 0.20230 0.20230 0.18837 0.00242 ( 1)  0.008
 105 H   0.20372 0.20372 0.20372 0.20372 0.18413 0.00099 ( 1)  0.007
 106 P   0.20274 0.20274 0.20274 0.20274 0.18714 0.00189 ( 1)  0.008
 107 S   0.20217 0.20217 0.20217 0.20217 0.18870 0.00262 ( 1)  0.009
 108 A   0.20232 0.20232 0.20232 0.20232 0.18832 0.00240 ( 1)  0.008
 109 D   0.20369 0.20369 0.20369 0.20369 0.18425 0.00101 ( 1)  0.007
 110 -   0.20234 0.20234 0.20234 0.20234 0.18826 0.00239 ( 1)  0.008
 111 -   0.20346 0.20346 0.20346 0.20346 0.18494 0.00121 ( 1)  0.007
 112 -   0.20414 0.20414 0.20414 0.20414 0.18269 0.00076 ( 1)  0.007
 113 -   0.20348 0.20348 0.20348 0.20348 0.18491 0.00118 ( 1)  0.007
 114 -   0.20208 0.20208 0.20208 0.20208 0.18895 0.00274 ( 1)  0.009
 115 -   0.20414 0.20414 0.20414 0.20414 0.18269 0.00076 ( 1)  0.007
 116 -   0.20475 0.20475 0.20475 0.20475 0.18050 0.00050 ( 1)  0.006
 117 -   0.20477 0.20477 0.20477 0.20477 0.18043 0.00048 ( 1)  0.006
 118 -   0.20372 0.20372 0.20372 0.20372 0.18409 0.00101 ( 1)  0.007
 119 -   0.20365 0.20365 0.20365 0.20365 0.18432 0.00106 ( 1)  0.007
 120 -   0.20475 0.20475 0.20475 0.20475 0.18050 0.00050 ( 1)  0.006
 121 -   0.20259 0.20259 0.20259 0.20259 0.18760 0.00205 ( 1)  0.008
 122 -   0.20234 0.20234 0.20234 0.20234 0.18826 0.00239 ( 1)  0.008
 123 -   0.20461 0.20461 0.20461 0.20461 0.18103 0.00055 ( 1)  0.006
 124 -   0.20475 0.20475 0.20475 0.20475 0.18050 0.00050 ( 1)  0.006
 125 -   0.20477 0.20477 0.20477 0.20477 0.18043 0.00048 ( 1)  0.006
 126 -   0.20514 0.20514 0.20514 0.20514 0.17906 0.00039 ( 1)  0.006
 127 -   0.20439 0.20439 0.20439 0.20439 0.18180 0.00066 ( 1)  0.006
 128 -   0.20283 0.20283 0.20283 0.20283 0.18691 0.00177 ( 1)  0.008
 129 -   0.20499 0.20499 0.20499 0.20499 0.17962 0.00041 ( 1)  0.006
 130 -   0.20421 0.20421 0.20421 0.20421 0.18240 0.00076 ( 1)  0.007
 131 -   0.20477 0.20477 0.20477 0.20477 0.18043 0.00048 ( 1)  0.006
 132 -   0.20476 0.20476 0.20476 0.20476 0.18047 0.00048 ( 1)  0.006
 133 -   0.20373 0.20373 0.20373 0.20373 0.18407 0.00100 ( 1)  0.007
 134 -   0.20499 0.20499 0.20499 0.20499 0.17962 0.00041 ( 1)  0.006
 135 -   0.20499 0.20499 0.20499 0.20499 0.17962 0.00041 ( 1)  0.006
 136 -   0.20477 0.20477 0.20477 0.20477 0.18043 0.00048 ( 1)  0.006
 137 -   0.20154 0.20154 0.20154 0.20154 0.19019 0.00364 ( 1)  0.010
 138 -   0.20317 0.20317 0.20317 0.20317 0.18587 0.00144 ( 1)  0.007
 139 -   0.20283 0.20283 0.20283 0.20283 0.18691 0.00177 ( 1)  0.008
 140 -   0.20461 0.20461 0.20461 0.20461 0.18099 0.00056 ( 1)  0.006
 141 -   0.20345 0.20345 0.20345 0.20345 0.18504 0.00118 ( 1)  0.007
 142 -   0.20249 0.20249 0.20249 0.20249 0.18789 0.00214 ( 1)  0.008
 143 -   0.20477 0.20477 0.20477 0.20477 0.18043 0.00048 ( 1)  0.006
 144 -   0.20312 0.20312 0.20312 0.20312 0.18603 0.00150 ( 1)  0.007
 145 -   0.20428 0.20428 0.20428 0.20428 0.18217 0.00073 ( 1)  0.007
 146 -   0.20425 0.20425 0.20425 0.20425 0.18226 0.00073 ( 1)  0.007
 147 -   0.20156 0.20156 0.20156 0.20156 0.19013 0.00361 ( 1)  0.010
 148 -   0.20417 0.20417 0.20417 0.20417 0.18251 0.00080 ( 1)  0.007
 149 -   0.20209 0.20209 0.20209 0.20209 0.18881 0.00281 ( 1)  0.009
 150 -   0.20479 0.20479 0.20479 0.20479 0.18033 0.00053 ( 1)  0.006
 151 -   0.20336 0.20336 0.20336 0.20336 0.18524 0.00131 ( 1)  0.007
 152 -   0.20384 0.20384 0.20384 0.20384 0.18369 0.00095 ( 1)  0.007
 153 -   0.20399 0.20399 0.20399 0.20399 0.18311 0.00093 ( 1)  0.007
 154 -   0.20344 0.20344 0.20344 0.20344 0.18500 0.00124 ( 1)  0.007
 155 -   0.20479 0.20479 0.20479 0.20479 0.18033 0.00053 ( 1)  0.006
 156 -   0.20442 0.20442 0.20442 0.20442 0.18168 0.00065 ( 1)  0.006
 157 -   0.20465 0.20465 0.20465 0.20465 0.18083 0.00059 ( 1)  0.006
 158 -   0.20242 0.20242 0.20242 0.20242 0.18800 0.00232 ( 1)  0.008
 159 -   0.20382 0.20382 0.20382 0.20382 0.18372 0.00099 ( 1)  0.007
 160 -   0.20428 0.20428 0.20428 0.20428 0.18217 0.00073 ( 1)  0.007
 161 -   0.20344 0.20344 0.20344 0.20344 0.18500 0.00124 ( 1)  0.007
 162 -   0.20259 0.20259 0.20259 0.20259 0.18760 0.00205 ( 1)  0.008
 163 -   0.20428 0.20428 0.20428 0.20428 0.18217 0.00073 ( 1)  0.007
 164 -   0.20477 0.20477 0.20477 0.20477 0.18043 0.00048 ( 1)  0.006
 165 -   0.20514 0.20514 0.20514 0.20514 0.17906 0.00039 ( 1)  0.006
 166 -   0.20439 0.20439 0.20439 0.20439 0.18180 0.00066 ( 1)  0.006
 167 -   0.20334 0.20334 0.20334 0.20334 0.18535 0.00130 ( 1)  0.007
 168 -   0.20143 0.20143 0.20143 0.20143 0.19038 0.00388 ( 3)  0.010
 169 -   0.20346 0.20346 0.20346 0.20346 0.18494 0.00121 ( 1)  0.007
 170 -   0.20342 0.20342 0.20342 0.20342 0.18511 0.00122 ( 1)  0.007
 171 -   0.20374 0.20374 0.20374 0.20374 0.18401 0.00101 ( 1)  0.007
 172 -   0.20402 0.20402 0.20402 0.20402 0.18309 0.00084 ( 1)  0.007
 173 -   0.20385 0.20385 0.20385 0.20385 0.18368 0.00093 ( 1)  0.007
 174 -   0.20496 0.20496 0.20496 0.20496 0.17977 0.00040 ( 1)  0.006
 175 -   0.20389 0.20389 0.20389 0.20389 0.18349 0.00095 ( 1)  0.007
 176 -   0.20259 0.20259 0.20259 0.20259 0.18760 0.00205 ( 1)  0.008
 177 -   0.20496 0.20496 0.20496 0.20496 0.17977 0.00040 ( 1)  0.006
 178 -   0.20376 0.20376 0.20376 0.20376 0.18398 0.00098 ( 1)  0.007
 179 -   0.20280 0.20280 0.20280 0.20280 0.18696 0.00183 ( 1)  0.008
 180 -   0.20398 0.20398 0.20398 0.20398 0.18312 0.00095 ( 1)  0.007
 181 -   0.20412 0.20412 0.20412 0.20412 0.18273 0.00079 ( 1)  0.007
 182 -   0.20345 0.20345 0.20345 0.20345 0.18504 0.00118 ( 1)  0.007
 183 -   0.20180 0.20180 0.20180 0.20180 0.18960 0.00319 ( 1)  0.009
 184 -   0.20238 0.20238 0.20238 0.20238 0.18810 0.00238 ( 1)  0.008
 185 -   0.20374 0.20374 0.20374 0.20374 0.18405 0.00098 ( 1)  0.007
 186 -   0.20485 0.20485 0.20485 0.20485 0.18010 0.00050 ( 1)  0.006
 187 -   0.20496 0.20496 0.20496 0.20496 0.17977 0.00040 ( 1)  0.006
 188 -   0.20379 0.20379 0.20379 0.20379 0.18387 0.00096 ( 1)  0.007
 189 -   0.20454 0.20454 0.20454 0.20454 0.18123 0.00059 ( 1)  0.006
 190 -   0.20248 0.20248 0.20248 0.20248 0.18785 0.00222 ( 1)  0.008
 191 -   0.20497 0.20497 0.20497 0.20497 0.17968 0.00043 ( 1)  0.006
 192 -   0.20250 0.20250 0.20250 0.20250 0.18780 0.00221 ( 1)  0.008
 193 -   0.20343 0.20343 0.20343 0.20343 0.18508 0.00119 ( 1)  0.007
 194 -   0.20311 0.20311 0.20311 0.20311 0.18606 0.00150 ( 1)  0.007
 195 -   0.20355 0.20355 0.20355 0.20355 0.18464 0.00115 ( 1)  0.007
 196 -   0.20358 0.20358 0.20358 0.20358 0.18452 0.00116 ( 1)  0.007
 197 -   0.20233 0.20233 0.20233 0.20233 0.18828 0.00239 ( 1)  0.008
 198 -   0.20462 0.20462 0.20462 0.20462 0.18099 0.00053 ( 1)  0.006
 199 -   0.20294 0.20294 0.20294 0.20294 0.18652 0.00170 ( 1)  0.008
 200 -   0.20416 0.20416 0.20416 0.20416 0.18255 0.00080 ( 1)  0.007
 201 -   0.20344 0.20344 0.20344 0.20344 0.18500 0.00124 ( 1)  0.007
 202 -   0.20348 0.20348 0.20348 0.20348 0.18488 0.00122 ( 1)  0.007
 203 -   0.20223 0.20223 0.20223 0.20223 0.18849 0.00259 ( 1)  0.009
 204 -   0.20152 0.20152 0.20152 0.20152 0.19021 0.00372 ( 1)  0.010
 205 -   0.20381 0.20381 0.20381 0.20381 0.18376 0.00099 ( 1)  0.007
 206 -   0.20444 0.20444 0.20444 0.20444 0.18162 0.00063 ( 1)  0.006
 207 -   0.20322 0.20322 0.20322 0.20322 0.18569 0.00142 ( 1)  0.007
 208 -   0.20323 0.20323 0.20323 0.20323 0.18566 0.00142 ( 1)  0.007
 209 -   0.20332 0.20332 0.20332 0.20332 0.18535 0.00137 ( 1)  0.007
 210 -   0.20242 0.20242 0.20242 0.20241 0.18803 0.00231 ( 1)  0.008
 211 -   0.20462 0.20462 0.20462 0.20462 0.18099 0.00053 ( 1)  0.006
 212 -   0.20412 0.20412 0.20412 0.20412 0.18271 0.00080 ( 1)  0.007
 213 -   0.20298 0.20298 0.20298 0.20298 0.18639 0.00168 ( 1)  0.008
 214 -   0.20318 0.20318 0.20318 0.20318 0.18582 0.00147 ( 1)  0.007
 215 -   0.20323 0.20323 0.20323 0.20323 0.18566 0.00142 ( 1)  0.007
 216 -   0.20360 0.20360 0.20360 0.20360 0.18448 0.00111 ( 1)  0.007
 217 -   0.20281 0.20281 0.20281 0.20281 0.18690 0.00185 ( 1)  0.008
 218 -   0.20325 0.20325 0.20325 0.20325 0.18554 0.00144 ( 1)  0.007
 219 -   0.20187 0.20187 0.20187 0.20187 0.18945 0.00305 ( 1)  0.009
 220 -   0.20380 0.20380 0.20380 0.20380 0.18376 0.00102 ( 1)  0.007
 221 -   0.20217 0.20217 0.20217 0.20217 0.18863 0.00270 ( 1)  0.009
 222 N   0.20520 0.20520 0.20520 0.20520 0.17885 0.00036 ( 1)  0.006
 223 G   0.20334 0.20334 0.20334 0.20334 0.18536 0.00127 ( 1)  0.007
 224 P   0.20271 0.20271 0.20271 0.20271 0.18726 0.00192 ( 1)  0.008
 225 L   0.20245 0.20245 0.20245 0.20245 0.18800 0.00222 ( 1)  0.008
 226 P   0.20355 0.20355 0.20355 0.20355 0.18469 0.00113 ( 1)  0.007
 227 L   0.20291 0.20291 0.20291 0.20291 0.18665 0.00170 ( 1)  0.008
 228 K   0.20479 0.20479 0.20479 0.20479 0.18037 0.00048 ( 1)  0.006
 229 Y   0.20374 0.20374 0.20374 0.20374 0.18406 0.00097 ( 1)  0.007
 230 R   0.20287 0.20287 0.20287 0.20287 0.18671 0.00183 ( 3)  0.008
 231 V   0.20301 0.20301 0.20301 0.20301 0.18640 0.00156 ( 1)  0.007
 232 R   0.20263 0.20263 0.20263 0.20263 0.18742 0.00206 ( 1)  0.008
 233 P   0.20306 0.20306 0.20306 0.20306 0.18620 0.00155 ( 1)  0.007
 234 T   0.20297 0.20297 0.20297 0.20297 0.18647 0.00164 ( 1)  0.008
 235 C   0.20369 0.20369 0.20369 0.20369 0.18424 0.00099 ( 1)  0.007
 236 K   0.20437 0.20437 0.20437 0.20437 0.18187 0.00063 ( 1)  0.006
 237 R   0.20424 0.20424 0.20424 0.20424 0.18230 0.00073 ( 1)  0.007
 238 M   0.20524 0.20524 0.20524 0.20524 0.17873 0.00032 ( 1)  0.006
 239 K   0.20437 0.20437 0.20437 0.20437 0.18187 0.00063 ( 1)  0.006
 240 I   0.20415 0.20415 0.20415 0.20415 0.18267 0.00073 ( 1)  0.007
 241 G   0.00000 0.00000 0.00000 0.00000 0.11914 0.88086 ( 6)  0.885
 242 H   0.20505 0.20505 0.20505 0.20505 0.17944 0.00038 ( 1)  0.006
 243 Q   0.20334 0.20334 0.20334 0.20334 0.18538 0.00128 ( 1)  0.007
 244 R   0.20335 0.20335 0.20335 0.20335 0.18514 0.00145 ( 1)  0.007
 245 E   0.20497 0.20497 0.20497 0.20497 0.17971 0.00041 ( 1)  0.006
 246 G   0.20371 0.20371 0.20371 0.20371 0.18417 0.00099 ( 1)  0.007
 247 L   0.20131 0.20131 0.20131 0.20131 0.18904 0.00570 ( 1)  0.012
 248 S   0.00000 0.00000 0.00000 0.00002 0.90868 0.09130 ( 5)  0.120
 249 N   0.20519 0.20519 0.20519 0.20519 0.17889 0.00036 ( 1)  0.006
 250 S   0.20490 0.20490 0.20490 0.20490 0.17999 0.00043 ( 1)  0.006
 251 G   0.20325 0.20325 0.20325 0.20324 0.18566 0.00136 ( 1)  0.007
 252 E   0.20402 0.20402 0.20402 0.20402 0.18312 0.00081 ( 1)  0.007
 253 L   0.20221 0.20221 0.20221 0.20221 0.18860 0.00254 ( 1)  0.009
 254 E   0.20482 0.20482 0.20482 0.20482 0.18027 0.00046 ( 1)  0.006
 255 S   0.20419 0.20419 0.20419 0.20419 0.18251 0.00072 ( 1)  0.007
 256 D   0.20505 0.20505 0.20505 0.20505 0.17942 0.00037 ( 1)  0.006
 257 S   0.20236 0.20236 0.20236 0.20236 0.18823 0.00232 ( 1)  0.008
 258 G   0.20325 0.20325 0.20325 0.20324 0.18566 0.00136 ( 1)  0.007
 259 S   0.20505 0.20505 0.20505 0.20505 0.17942 0.00037 ( 1)  0.006
 260 D   0.20499 0.20499 0.20499 0.20499 0.17965 0.00040 ( 1)  0.006
 261 K   0.20442 0.20442 0.20442 0.20442 0.18171 0.00062 ( 1)  0.006
 262 A   0.20329 0.20329 0.20329 0.20329 0.18551 0.00132 ( 1)  0.007
 263 S   0.20505 0.20505 0.20505 0.20505 0.17942 0.00037 ( 1)  0.006
 264 S   0.20505 0.20505 0.20505 0.20505 0.17942 0.00037 ( 1)  0.006
 265 P   0.20382 0.20382 0.20382 0.20382 0.18377 0.00094 ( 1)  0.007
 266 A   0.20390 0.20390 0.20390 0.20390 0.18352 0.00089 ( 1)  0.007
 267 G   0.20370 0.20370 0.20370 0.20370 0.18420 0.00101 ( 1)  0.007
 268 G   0.20360 0.20360 0.20360 0.20360 0.18454 0.00107 ( 1)  0.007
 269 L   0.00000 0.00000 0.00000 0.00000 0.08002 0.91998 ( 6)  0.923
 270 P   0.20358 0.20358 0.20358 0.20358 0.18459 0.00110 ( 1)  0.007
 271 S   0.20340 0.20340 0.20340 0.20340 0.18518 0.00122 ( 1)  0.007
 272 T   0.20389 0.20389 0.20389 0.20389 0.18354 0.00090 ( 1)  0.007
 273 S   0.20340 0.20340 0.20340 0.20340 0.18518 0.00122 ( 1)  0.007
 274 S   0.20321 0.20321 0.20321 0.20321 0.18576 0.00138 ( 1)  0.007
 275 C   0.20291 0.20291 0.20291 0.20291 0.18667 0.00168 ( 1)  0.008
 276 L   0.20160 0.20160 0.20160 0.20160 0.19003 0.00358 ( 1)  0.010
 277 P   0.20358 0.20358 0.20358 0.20358 0.18457 0.00110 ( 1)  0.007
 278 S   0.20505 0.20505 0.20505 0.20505 0.17942 0.00037 ( 1)  0.006
 279 P   0.20358 0.20358 0.20358 0.20358 0.18457 0.00110 ( 1)  0.007
 280 S   0.20505 0.20505 0.20505 0.20505 0.17942 0.00037 ( 1)  0.006
 281 T   0.20360 0.20360 0.20360 0.20360 0.18450 0.00109 ( 1)  0.007
 282 P   0.20317 0.20317 0.20317 0.20317 0.18589 0.00143 ( 1)  0.007
 283 V   0.20327 0.20327 0.20327 0.20327 0.18560 0.00132 ( 1)  0.007
 284 Q   0.20334 0.20334 0.20334 0.20334 0.18538 0.00128 ( 1)  0.007
 285 S   0.20236 0.20236 0.20236 0.20236 0.18823 0.00232 ( 1)  0.008
 286 P   0.20287 0.20287 0.20287 0.20287 0.18678 0.00175 ( 1)  0.008
 287 H   0.20494 0.20494 0.20494 0.20493 0.17983 0.00042 ( 1)  0.006
 288 P   0.20343 0.20343 0.20343 0.20343 0.18508 0.00122 ( 1)  0.007
 289 Q   0.20334 0.20334 0.20334 0.20334 0.18538 0.00128 ( 1)  0.007
 290 F   0.20368 0.20368 0.20368 0.20368 0.18430 0.00099 ( 1)  0.007
 291 P   0.20344 0.20344 0.20344 0.20344 0.18503 0.00121 ( 1)  0.007
 292 H   0.20505 0.20505 0.20505 0.20505 0.17944 0.00038 ( 1)  0.006
 293 I   0.20415 0.20415 0.20415 0.20415 0.18267 0.00073 ( 1)  0.007
 294 S   0.20340 0.20340 0.20340 0.20340 0.18518 0.00122 ( 1)  0.007
 295 S   0.20501 0.20501 0.20501 0.20501 0.17958 0.00039 ( 1)  0.006
 296 T   0.20391 0.20391 0.20391 0.20391 0.18347 0.00089 ( 1)  0.007
 297 M   0.20524 0.20524 0.20524 0.20524 0.17873 0.00032 ( 1)  0.006
 298 N   0.20504 0.20504 0.20504 0.20504 0.17945 0.00040 ( 1)  0.006
 299 G   0.20371 0.20371 0.20371 0.20371 0.18415 0.00099 ( 1)  0.007
 300 T   0.20389 0.20389 0.20389 0.20389 0.18354 0.00090 ( 1)  0.007
 301 S   0.20505 0.20505 0.20505 0.20505 0.17942 0.00037 ( 1)  0.006
 302 S   0.20505 0.20505 0.20505 0.20505 0.17942 0.00037 ( 1)  0.006
 303 S   0.20505 0.20505 0.20505 0.20505 0.17942 0.00037 ( 1)  0.006
 304 P   0.20354 0.20354 0.20354 0.20354 0.18471 0.00113 ( 1)  0.007
 305 G   0.00000 0.00000 0.00000 0.00002 0.92493 0.07505 ( 5)  0.104
 306 S   0.20420 0.20420 0.20420 0.20420 0.18248 0.00072 ( 1)  0.007
 307 N   0.20547 0.20547 0.20547 0.20547 0.17783 0.00028 ( 1)  0.006
 308 H   0.20497 0.20497 0.20497 0.20497 0.17970 0.00041 ( 1)  0.006
 309 Q   0.20341 0.20341 0.20341 0.20341 0.18512 0.00124 ( 1)  0.007
 310 S   0.20340 0.20340 0.20340 0.20340 0.18518 0.00122 ( 1)  0.007
 311 S   0.20340 0.20340 0.20340 0.20340 0.18518 0.00122 ( 1)  0.007
 312 F   0.20335 0.20335 0.20335 0.20335 0.18536 0.00125 ( 1)  0.007
 313 T   0.00000 0.00000 0.00000 0.00001 0.85709 0.14289 ( 5)  0.170
 314 N   0.20547 0.20547 0.20547 0.20547 0.17783 0.00028 ( 1)  0.006
 315 R   0.20465 0.20465 0.20465 0.20465 0.18087 0.00052 ( 1)  0.006
 316 A   0.20317 0.20317 0.20317 0.20317 0.18590 0.00143 ( 1)  0.007
 317 R   0.20258 0.20258 0.20258 0.20258 0.18760 0.00207 ( 1)  0.008
 318 K   0.20543 0.20543 0.20543 0.20543 0.17797 0.00030 ( 1)  0.006
 319 S   0.00000 0.00000 0.00000 0.00001 0.85439 0.14559 ( 5)  0.173
 320 S   0.20313 0.20313 0.20313 0.20313 0.18600 0.00146 ( 1)  0.007
 321 I   0.00000 0.00000 0.00000 0.00002 0.94213 0.05786 ( 5)  0.088
 322 N   0.20462 0.20462 0.20462 0.20462 0.18097 0.00055 ( 1)  0.006
 323 G   0.20371 0.20371 0.20371 0.20371 0.18415 0.00099 ( 1)  0.007
 324 S   0.20340 0.20340 0.20340 0.20340 0.18518 0.00122 ( 1)  0.007
 325 S   0.20247 0.20247 0.20247 0.20247 0.18794 0.00219 ( 1)  0.008
 326 A   0.20368 0.20368 0.20368 0.20368 0.18426 0.00102 ( 1)  0.007
 327 T   0.20280 0.20280 0.20280 0.20280 0.18698 0.00181 ( 1)  0.008
 328 S   0.20265 0.20265 0.20265 0.20265 0.18743 0.00197 ( 1)  0.008
 329 S   0.20288 0.20288 0.20288 0.20288 0.18677 0.00172 ( 1)  0.008
 330 G   0.20288 0.20288 0.20288 0.20288 0.18678 0.00172 ( 1)  0.008

Positively selected sites

	Prob(w>1)  mean w



lnL = -2844.357582

