

TREE # 1

  0  0.0000   3344.982686  x:  0.07388   0.04708   0.01916   0.08357   0.09359   0.01538   0.06323   0.02946   0.04252   0.01857   0.09448   0.08510   0.06372   0.08765   0.09326   0.08734   0.04590   0.04007   0.06371   0.07806   0.07384   0.07449   0.05357   0.08036   0.02204   0.10925   0.09790   0.01446   0.07140   0.10031   0.05352   0.02679   0.10339   0.04986   0.06675   0.08072   0.10169   0.09126   2.00000   0.90000   1.01265   1.22339  
  1 99.0000   3229.224512  x:  0.06880   0.08268   0.06378   0.07849   0.10223   0.01299   0.04362   0.03015   0.03378   0.01768   0.08493   0.06058   0.04047   0.07350   0.07267   0.06747   0.02038   0.01956   0.05471   0.05330   0.05690   0.05070   0.03972   0.05770   0.02778   0.08887   0.08988   0.00000   0.07618   0.09197   0.05726   0.01224   0.08519   0.11911   0.06855   0.07381   0.09142   0.08938   2.00201   0.91549   0.99576   1.23259  
  2 1196.5828   3173.583300  x:  0.06393   0.09299   0.07121   0.07363   0.10673   0.01374   0.02922   0.02975   0.02961   0.01720   0.07787   0.04083   0.02231   0.06370   0.05686   0.05245   0.00000   0.00694   0.04935   0.03368   0.04504   0.03208   0.03138   0.04025   0.02843   0.07424   0.08421   0.02922   0.07820   0.08489   0.05656   0.00315   0.07121   0.13988   0.06641   0.06656   0.08298   0.08682   2.00369   0.92821   0.98327   1.23954  
  3 2382.1922   3119.474883  x:  0.05714   0.09458   0.06541   0.06683   0.11010   0.01459   0.01258   0.02881   0.02777   0.01662   0.06965   0.01492   0.00000   0.05351   0.03761   0.03446   0.00000   0.01040   0.04512   0.00855   0.03282   0.00896   0.02540   0.01913   0.02688   0.05425   0.07610   0.02963   0.07852   0.07578   0.05383   0.00741   0.05434   0.14500   0.06139   0.05629   0.07205   0.08274   2.00595   0.94536   0.96860   1.24803  
  4 2322.8847   3100.055509  x:  0.05362   0.09422   0.06167   0.06331   0.11095   0.01412   0.00737   0.02818   0.02822   0.01500   0.06575   0.00000   0.00557   0.05025   0.02894   0.02620   0.00000   0.00600   0.04458   0.00015   0.02940   0.00134   0.02523   0.01107   0.02789   0.04350   0.07139   0.02734   0.07790   0.07095   0.05166   0.00302   0.04560   0.14526   0.05876   0.05104   0.06617   0.08043   2.00726   0.95567   0.96137   1.25250  
  5 2052.8746   3099.814567  x:  0.05357   0.09422   0.06162   0.06326   0.11096   0.01412   0.00730   0.02817   0.02822   0.01498   0.06569   0.00000   0.00563   0.05020   0.02881   0.02608   0.00000   0.00596   0.04457   0.00000   0.02935   0.00141   0.02522   0.01097   0.02790   0.04333   0.07131   0.02732   0.07790   0.07088   0.05163   0.00298   0.04547   0.14528   0.05872   0.05096   0.06608   0.08039   2.00728   0.95583   0.96125   1.25257  
  6 3255.2566   3072.712455  x:  0.04166   0.09954   0.05991   0.05135   0.11280   0.01245   0.01369   0.02633   0.03017   0.00872   0.05818   0.00000   0.02474   0.04236   0.00493   0.00624   0.00000   0.01321   0.04392   0.00000   0.02557   0.00182   0.02651   0.01211   0.02396   0.00401   0.05197   0.03429   0.07542   0.05340   0.04618   0.01680   0.01579   0.15751   0.05165   0.03373   0.04372   0.07179   2.01278   0.99999   0.93399   1.27021  
  7 1692.0869   3070.488107  x:  0.04053   0.09987   0.05953   0.05023   0.11297   0.01239   0.01384   0.02619   0.03032   0.00899   0.05757   0.00000   0.02540   0.04174   0.00584   0.00718   0.00000   0.01321   0.04386   0.00000   0.02530   0.00183   0.02653   0.01201   0.02367   0.00000   0.04987   0.03460   0.07519   0.05173   0.04560   0.01733   0.01345   0.15839   0.05094   0.03215   0.04148   0.07093   2.01337   0.99999   0.93106   1.27209  
  8 970.2111   3064.464161  x:  0.02755   0.10182   0.05348   0.03724   0.11398   0.01333   0.01994   0.02549   0.03190   0.01882   0.05635   0.00000   0.01916   0.04063   0.00000   0.01219   0.00000   0.00434   0.04444   0.00000   0.03137   0.00142   0.02730   0.02044   0.02314   0.00000   0.01062   0.03468   0.07185   0.03067   0.03839   0.01602   0.02541   0.16559   0.04221   0.01716   0.00902   0.05808   2.02411   0.99999   0.87918   1.30582  
  9 556.7934   3063.309285  x:  0.02601   0.10207   0.05276   0.03570   0.11411   0.01343   0.02065   0.02541   0.03207   0.01976   0.05619   0.00000   0.01847   0.04049   0.00033   0.01170   0.00000   0.00341   0.04450   0.00000   0.03207   0.00137   0.02738   0.02137   0.02311   0.00000   0.00588   0.03472   0.07146   0.02818   0.03755   0.01590   0.02708   0.16647   0.04117   0.01543   0.00520   0.05654   2.02541   0.99999   0.87291   1.30989  
 10 11174.8090   3061.115905  x:  0.02463   0.10242   0.05207   0.03432   0.11437   0.01345   0.02099   0.02533   0.03200   0.02014   0.05591   0.00000   0.01807   0.04041   0.00036   0.01180   0.00000   0.00483   0.04457   0.00000   0.03256   0.00135   0.02744   0.02166   0.02335   0.00000   0.00000   0.03510   0.07105   0.02597   0.03684   0.01445   0.02823   0.16751   0.04020   0.01496   0.00549   0.05482   2.02701   0.99999   0.86509   1.31492  
 11 861.7334   3054.086870  x:  0.01775   0.10395   0.04668   0.02744   0.11622   0.01349   0.02488   0.02492   0.03115   0.01963   0.05431   0.00000   0.01329   0.03990   0.00063   0.01185   0.00000   0.00101   0.04508   0.00000   0.03480   0.00117   0.02800   0.02460   0.02261   0.00000   0.00000   0.03578   0.06838   0.01576   0.03410   0.01404   0.03085   0.17197   0.03470   0.01634   0.01303   0.04428   2.03778   0.99999   0.81238   1.34862  
 12 2021.5918   3019.478926  x:  0.01150   0.11035   0.03082   0.02119   0.12624   0.01313   0.03278   0.02481   0.02503   0.01133   0.04916   0.00000   0.00000   0.04002   0.00056   0.01574   0.00000   0.00165   0.04723   0.00000   0.03769   0.00081   0.02963   0.02662   0.02052   0.00000   0.00000   0.04132   0.06077   0.01719   0.03704   0.00845   0.03372   0.18303   0.02238   0.03933   0.00662   0.01282   2.08209   0.99999   0.59200   1.48723  
 13 2182.8383   3019.478926  x:  0.01150   0.11035   0.03082   0.02119   0.12624   0.01313   0.03278   0.02481   0.02503   0.01133   0.04916   0.00000   0.00000   0.04002   0.00056   0.01574   0.00000   0.00165   0.04723   0.00000   0.03769   0.00081   0.02963   0.02662   0.02052   0.00000   0.00000   0.04132   0.06077   0.01719   0.03704   0.00845   0.03372   0.18303   0.02238   0.03933   0.00662   0.01282   2.08209   0.99999   0.59200   1.48723  
 14 13097.1251   3010.242888  x:  0.01208   0.11061   0.03153   0.02177   0.12631   0.01313   0.03224   0.02488   0.02501   0.01166   0.04914   0.00000   0.01075   0.04000   0.01158   0.01584   0.00000   0.00454   0.04721   0.00314   0.03737   0.00239   0.02945   0.02610   0.02079   0.00000   0.00000   0.04090   0.06098   0.01784   0.03726   0.00831   0.03333   0.18335   0.02308   0.03924   0.00745   0.01413   2.08214   0.99999   0.59143   1.48742  
 15 5256.6939   3001.182179  x:  0.01479   0.11189   0.03495   0.02448   0.12670   0.01314   0.02960   0.02520   0.02497   0.01313   0.04919   0.00000   0.00938   0.03969   0.01319   0.01539   0.00000   0.00737   0.04663   0.00000   0.03569   0.00362   0.02850   0.02322   0.02185   0.00000   0.00000   0.03891   0.06200   0.02088   0.03832   0.00762   0.03147   0.18492   0.02629   0.03883   0.01085   0.01991   2.08240   0.99999   0.58861   1.48837  
 16 854.8619   2996.301753  x:  0.01717   0.11371   0.03894   0.02686   0.12722   0.01315   0.02538   0.02556   0.02483   0.01357   0.04935   0.00000   0.00914   0.03931   0.01531   0.01482   0.00000   0.00262   0.04580   0.00000   0.03314   0.00040   0.02711   0.01856   0.02255   0.00000   0.00000   0.03580   0.06353   0.02340   0.03956   0.00696   0.02857   0.18748   0.02847   0.03801   0.01005   0.02206   2.08286   0.99999   0.58352   1.49005  
 17 830.9095   2995.231562  x:  0.01777   0.11430   0.04014   0.02746   0.12739   0.01314   0.02393   0.02567   0.02479   0.01353   0.04942   0.00000   0.00902   0.03920   0.01575   0.01464   0.00000   0.00120   0.04553   0.00000   0.03228   0.00127   0.02669   0.01700   0.02269   0.00000   0.00000   0.03474   0.06405   0.02401   0.03993   0.00680   0.02758   0.18838   0.02893   0.03771   0.00928   0.02214   2.08302   0.99999   0.58168   1.49065  
 18 2044.2294   2989.033460  x:  0.02021   0.11768   0.04639   0.02990   0.12831   0.01311   0.01531   0.02618   0.02456   0.01227   0.04988   0.00000   0.00815   0.03856   0.01693   0.01368   0.00000   0.00223   0.04395   0.00000   0.02730   0.00201   0.02426   0.00782   0.02297   0.00000   0.00000   0.02854   0.06703   0.02629   0.04185   0.00613   0.02181   0.19372   0.03014   0.03587   0.00219   0.01905   2.08403   0.99999   0.57035   1.49433  
 19 1984.6176   2985.520255  x:  0.02073   0.12005   0.05000   0.03042   0.12892   0.01304   0.00897   0.02641   0.02462   0.01033   0.05037   0.00000   0.00814   0.03817   0.01700   0.01320   0.00000   0.00248   0.04287   0.00000   0.02391   0.00226   0.02274   0.00240   0.02264   0.00000   0.00000   0.02413   0.06917   0.02647   0.04294   0.00616   0.01777   0.19790   0.02979   0.03453   0.00477   0.01394   2.08486   0.99999   0.56093   1.49737  
 20 1383.1047   2982.310839  x:  0.02129   0.12294   0.05426   0.03099   0.12965   0.01291   0.00201   0.02663   0.02509   0.00840   0.05113   0.00000   0.00797   0.03772   0.01699   0.01282   0.00000   0.00269   0.04161   0.00000   0.02025   0.00234   0.02115   0.00598   0.02235   0.00000   0.00000   0.01924   0.07175   0.02665   0.04415   0.00641   0.01337   0.20321   0.03000   0.03287   0.00586   0.01018   2.08594   0.99999   0.54863   1.50131  
 21 1157.5883   2973.581684  x:  0.01949   0.13331   0.06638   0.02918   0.13205   0.01231   0.01271   0.02715   0.02983   0.00231   0.05556   0.00000   0.00844   0.03648   0.01466   0.01326   0.00000   0.00292   0.03775   0.00000   0.01250   0.00246   0.01841   0.00879   0.02063   0.00000   0.00000   0.00876   0.08112   0.02304   0.04706   0.00974   0.00442   0.22474   0.03155   0.02661   0.00706   0.00761   2.09059   0.99999   0.49491   1.51827  
 22 692.1682   2963.208162  x:  0.01605   0.14474   0.07829   0.02574   0.13473   0.01155   0.01677   0.02746   0.03520   0.00953   0.06070   0.00000   0.00926   0.03541   0.01147   0.01400   0.00000   0.00306   0.03412   0.00000   0.00929   0.00253   0.01690   0.00999   0.01878   0.00000   0.00000   0.00150   0.09137   0.01770   0.04988   0.01343   0.00716   0.24952   0.03214   0.02014   0.00770   0.00493   2.09608   0.99999   0.43063   1.53832  
 23 2737.1743   2940.957721  x:  0.00894   0.17116   0.10611   0.01863   0.14100   0.00993   0.02193   0.02806   0.04658   0.01915   0.07211   0.00000   0.01042   0.03300   0.00481   0.01540   0.00000   0.00333   0.02609   0.00000   0.00396   0.00268   0.01357   0.01195   0.01515   0.01221   0.00000   0.00299   0.11495   0.00650   0.05658   0.02089   0.01043   0.30660   0.03396   0.00595   0.00886   0.00000   2.10876   0.99999   0.28186   1.58457  
 24 13040.7310   2940.957721  x:  0.00894   0.17116   0.10611   0.01863   0.14100   0.00993   0.02193   0.02806   0.04658   0.01915   0.07211   0.00000   0.01042   0.03300   0.00481   0.01540   0.00000   0.00333   0.02609   0.00000   0.00396   0.00268   0.01357   0.01195   0.01515   0.01221   0.00000   0.00299   0.11495   0.00650   0.05658   0.02089   0.01043   0.30660   0.03396   0.00595   0.00886   0.00000   2.10876   0.99999   0.28186   1.58457  
 25 12008.4305   2910.892323  x:  0.01485   0.17080   0.10593   0.02454   0.14149   0.00912   0.01709   0.02730   0.04290   0.01545   0.06991   0.00000   0.00469   0.03411   0.01806   0.01506   0.00000   0.01508   0.03129   0.00000   0.04877   0.00570   0.01978   0.00820   0.02195   0.01050   0.00000   0.01329   0.11269   0.01541   0.05689   0.01656   0.01275   0.30705   0.04451   0.02937   0.01515   0.03821   2.10915   0.99999   0.27221   1.58593  
 26 1971.3003   2902.450754  x:  0.01994   0.17001   0.10540   0.02963   0.14200   0.00836   0.01001   0.02680   0.03800   0.01178   0.06685   0.00000   0.00060   0.03558   0.01543   0.01369   0.00000   0.00849   0.03587   0.00000   0.04473   0.00066   0.02217   0.00648   0.02517   0.00475   0.00000   0.01252   0.10934   0.02155   0.05596   0.01025   0.01409   0.30671   0.04537   0.03046   0.01741   0.04424   2.10971   0.99999   0.25759   1.58780  
 27 483.8623   2896.996718  x:  0.02413   0.16929   0.10490   0.03382   0.14241   0.00778   0.00418   0.02640   0.03387   0.00878   0.06424   0.00000   0.00113   0.03686   0.01328   0.01251   0.00000   0.00320   0.03967   0.00000   0.04088   0.00301   0.02406   0.00552   0.02771   0.00000   0.00000   0.01214   0.10643   0.02663   0.05510   0.00499   0.01518   0.30639   0.04599   0.03119   0.01922   0.04913   2.11020   0.99999   0.24471   1.58944  
 28 3524.6534   2896.996718  x:  0.02413   0.16929   0.10490   0.03382   0.14241   0.00778   0.00418   0.02640   0.03387   0.00878   0.06424   0.00000   0.00113   0.03686   0.01328   0.01251   0.00000   0.00320   0.03967   0.00000   0.04088   0.00301   0.02406   0.00552   0.02771   0.00000   0.00000   0.01214   0.10643   0.02663   0.05510   0.00499   0.01518   0.30639   0.04599   0.03119   0.01922   0.04913   2.11020   0.99999   0.24471   1.58944  
 29 1178.0194   2894.352688  x:  0.02455   0.16873   0.10446   0.03425   0.14238   0.00817   0.00718   0.02657   0.03332   0.00928   0.06357   0.00000   0.00911   0.03707   0.01339   0.01269   0.00000   0.01197   0.03993   0.00000   0.03775   0.00429   0.02351   0.00790   0.02722   0.00115   0.00000   0.01533   0.10526   0.02724   0.05449   0.00616   0.01530   0.30615   0.04555   0.03039   0.01903   0.04943   2.11044   0.99999   0.23814   1.59019  
 30 602.1602   2886.031926  x:  0.02607   0.16667   0.10283   0.03576   0.14224   0.00902   0.00955   0.02690   0.03108   0.01160   0.06090   0.00000   0.00600   0.03722   0.01253   0.01406   0.00000   0.01326   0.04035   0.00000   0.02669   0.00228   0.02184   0.00900   0.02561   0.00000   0.00000   0.02070   0.10088   0.02935   0.05215   0.00788   0.01533   0.30530   0.04398   0.02765   0.01845   0.05053   2.11134   0.99999   0.21340   1.59296  
 31 424.9292   2874.245368  x:  0.02892   0.16183   0.09905   0.03862   0.14165   0.00941   0.01019   0.02700   0.02623   0.01408   0.05484   0.00000   0.00179   0.03727   0.01166   0.01459   0.00000   0.01321   0.04089   0.00000   0.00674   0.01397   0.01965   0.00851   0.02312   0.00000   0.00000   0.02765   0.09101   0.03326   0.04661   0.00808   0.01464   0.30336   0.04054   0.02253   0.01756   0.05284   2.11339   0.99999   0.15561   1.59915  
 32 3278.0613   2853.523905  x:  0.03291   0.15382   0.09279   0.04260   0.14044   0.00935   0.00920   0.02675   0.01933   0.01704   0.04536   0.00000   0.00494   0.03711   0.01110   0.01434   0.00000   0.00890   0.04135   0.00000   0.00829   0.01515   0.01723   0.00650   0.02022   0.00000   0.00000   0.03541   0.07535   0.03878   0.03769   0.00772   0.01353   0.30019   0.03514   0.01584   0.01654   0.05630   2.11670   0.99999   0.06025   1.60896  
 33 1927.0316   2852.920187  x:  0.03272   0.15288   0.09199   0.04241   0.14006   0.00886   0.00923   0.02639   0.02030   0.01615   0.04510   0.00000   0.00228   0.03661   0.01114   0.01358   0.00000   0.01153   0.04080   0.00000   0.00899   0.01497   0.01818   0.00786   0.02105   0.00000   0.00000   0.03438   0.07447   0.03864   0.03697   0.00742   0.01345   0.29990   0.03480   0.01750   0.01692   0.05642   2.11701   0.99999   0.05590   1.60950  
 34 238.3049   2851.923076  x:  0.03192   0.14965   0.08917   0.04162   0.13869   0.00762   0.00817   0.02526   0.02333   0.01343   0.04474   0.00000   0.00203   0.03513   0.01178   0.01158   0.00000   0.01329   0.03902   0.00000   0.00651   0.01209   0.02028   0.00777   0.02321   0.00000   0.00000   0.02957   0.07206   0.03800   0.03484   0.00684   0.01335   0.29891   0.03377   0.02210   0.01785   0.05670   2.11807   0.99005   0.04979   1.61106  
 35 177.3912   2851.729055  x:  0.03167   0.14845   0.08815   0.04136   0.13815   0.00843   0.00880   0.02524   0.02381   0.01342   0.04526   0.00000   0.00118   0.03489   0.01151   0.01255   0.00000   0.01373   0.03864   0.00000   0.00709   0.01255   0.01965   0.00795   0.02284   0.00000   0.00000   0.02862   0.07186   0.03780   0.03454   0.00782   0.01361   0.29851   0.03353   0.02230   0.01757   0.05666   2.11851   0.98683   0.04892   1.61157  
 36 120.2297   2851.577192  x:  0.03102   0.14633   0.08637   0.04072   0.13701   0.00974   0.00933   0.02531   0.02498   0.01367   0.04698   0.00000   0.00160   0.03460   0.01093   0.01382   0.00000   0.01280   0.03802   0.00000   0.00668   0.01253   0.01907   0.00958   0.02245   0.00000   0.00000   0.02617   0.07248   0.03717   0.03466   0.00845   0.01387   0.29784   0.03347   0.02321   0.01708   0.05634   2.11935   0.98626   0.04770   1.61221  
 37 78.7569   2851.416368  x:  0.03034   0.14265   0.08336   0.04003   0.13486   0.01001   0.01028   0.02554   0.02506   0.01377   0.04951   0.00000   0.00135   0.03457   0.01094   0.01363   0.00000   0.01288   0.03767   0.00000   0.00628   0.01191   0.01863   0.00757   0.02183   0.00000   0.00000   0.02462   0.07382   0.03641   0.03554   0.00749   0.01357   0.29653   0.03361   0.02300   0.01623   0.05564   2.12104   0.98663   0.04686   1.61338  
 38 54.1554   2851.204196  x:  0.03033   0.13653   0.07846   0.04002   0.13126   0.00846   0.00969   0.02540   0.02367   0.01335   0.05110   0.00000   0.00105   0.03482   0.01143   0.01222   0.00000   0.01105   0.03798   0.00000   0.00624   0.01169   0.01936   0.00921   0.02197   0.00000   0.00000   0.02549   0.07514   0.03609   0.03731   0.00740   0.01376   0.29404   0.03388   0.02166   0.01601   0.05459   2.12442   0.98647   0.04696   1.61578  
 39 64.8067   2851.028873  x:  0.03153   0.13163   0.07469   0.04122   0.12850   0.00883   0.00779   0.02497   0.02465   0.01324   0.04954   0.00000   0.00107   0.03486   0.01094   0.01363   0.00000   0.00979   0.03839   0.00000   0.00625   0.01162   0.01980   0.00811   0.02313   0.00000   0.00000   0.02679   0.07542   0.03654   0.03819   0.00837   0.01387   0.29150   0.03424   0.02272   0.01744   0.05394   2.12816   0.98778   0.04750   1.61844  
 40 64.8475   2850.937970  x:  0.03286   0.12996   0.07363   0.04255   0.12766   0.00958   0.00807   0.02520   0.02532   0.01317   0.04768   0.00000   0.00100   0.03464   0.01088   0.01335   0.00000   0.00876   0.03830   0.00000   0.00637   0.01154   0.01893   0.00849   0.02239   0.00000   0.00000   0.02668   0.07471   0.03718   0.03753   0.00680   0.01324   0.28993   0.03445   0.02323   0.01743   0.05392   2.13084   0.98840   0.04827   1.62039  
 41 47.2491   2850.862207  x:  0.03406   0.12958   0.07376   0.04376   0.12755   0.00948   0.00818   0.02549   0.02497   0.01325   0.04657   0.00000   0.00093   0.03439   0.01134   0.01261   0.00000   0.00813   0.03791   0.00000   0.00629   0.01132   0.01901   0.00821   0.02173   0.00000   0.00000   0.02482   0.07343   0.03793   0.03635   0.00780   0.01413   0.28841   0.03464   0.02320   0.01655   0.05411   2.13395   0.98953   0.04892   1.62266  
 42 42.7667   2850.808772  x:  0.03450   0.13019   0.07474   0.04419   0.12802   0.00900   0.00796   0.02530   0.02411   0.01359   0.04713   0.00000   0.00089   0.03455   0.01070   0.01357   0.00000   0.00782   0.03781   0.00000   0.00625   0.01108   0.01961   0.00830   0.02248   0.00000   0.00000   0.02359   0.07244   0.03850   0.03521   0.00746   0.01351   0.28725   0.03465   0.02265   0.01627   0.05439   2.13703   0.98995   0.04936   1.62497  
 43 36.7701   2850.752167  x:  0.03395   0.13174   0.07657   0.04364   0.12915   0.00932   0.00818   0.02482   0.02453   0.01312   0.04896   0.00000   0.00080   0.03463   0.01138   0.01327   0.00000   0.00688   0.03787   0.00000   0.00626   0.01105   0.01938   0.00826   0.02300   0.00000   0.00000   0.02395   0.07212   0.03887   0.03437   0.00769   0.01332   0.28608   0.03449   0.02280   0.01734   0.05474   2.14157   0.99027   0.04949   1.62846  
 44 33.2492   2850.714461  x:  0.03321   0.13289   0.07776   0.04290   0.12993   0.00939   0.00694   0.02494   0.02499   0.01319   0.04961   0.00000   0.00073   0.03465   0.01068   0.01282   0.00000   0.00680   0.03801   0.00000   0.00622   0.01087   0.01911   0.00831   0.02231   0.00000   0.00000   0.02417   0.07244   0.03892   0.03443   0.00753   0.01373   0.28541   0.03434   0.02285   0.01757   0.05495   2.14521   0.99025   0.04954   1.63129  
 45 49.2183   2850.661556  x:  0.03182   0.13442   0.07897   0.04151   0.13082   0.00880   0.00669   0.02566   0.02549   0.01269   0.04879   0.00000   0.00067   0.03446   0.01132   0.01382   0.00000   0.00646   0.03819   0.00000   0.00616   0.01072   0.01976   0.00835   0.02166   0.00000   0.00000   0.02429   0.07350   0.03854   0.03565   0.00710   0.01400   0.28465   0.03413   0.02313   0.01680   0.05514   2.15173   0.99023   0.04956   1.63643  
 46 43.9567   2850.596703  x:  0.03051   0.13592   0.07976   0.04020   0.13154   0.00874   0.00757   0.02578   0.02535   0.01272   0.04727   0.00000   0.00068   0.03429   0.01032   0.01323   0.00000   0.00595   0.03810   0.00000   0.00619   0.01073   0.01978   0.00824   0.02257   0.00000   0.00000   0.02395   0.07477   0.03779   0.03741   0.00742   0.01362   0.28389   0.03394   0.02347   0.01620   0.05525   2.16052   0.99029   0.04974   1.64342  
 47 78.0806   2850.564094  x:  0.03004   0.13658   0.07997   0.03973   0.13180   0.00888   0.00759   0.02558   0.02506   0.01304   0.04663   0.00000   0.00066   0.03425   0.01043   0.01305   0.00000   0.00591   0.03800   0.00097   0.00618   0.01067   0.01951   0.00826   0.02297   0.00000   0.00000   0.02357   0.07531   0.03731   0.03823   0.00745   0.01344   0.28351   0.03386   0.02354   0.01618   0.05528   2.16567   0.99036   0.04992   1.64753  
 48 168.9710   2850.486174  x:  0.02944   0.13777   0.08015   0.03913   0.13216   0.00950   0.00703   0.02493   0.02425   0.01399   0.04557   0.00000   0.00056   0.03428   0.01151   0.01286   0.00000   0.00616   0.03778   0.00079   0.00613   0.01042   0.01857   0.00844   0.02389   0.00000   0.00000   0.02248   0.07632   0.03614   0.03976   0.00719   0.01334   0.28280   0.03383   0.02336   0.01655   0.05524   2.17710   0.99052   0.05037   1.65663  
 49 275.1569   2850.153874  x:  0.03060   0.14070   0.07873   0.04029   0.13197   0.00949   0.00829   0.02319   0.02397   0.01292   0.04598   0.00000   0.00070   0.03520   0.01069   0.01344   0.00000   0.00612   0.03700   0.00049   0.00637   0.01009   0.01964   0.00822   0.02313   0.00000   0.00000   0.02031   0.07694   0.03093   0.04226   0.00523   0.01686   0.28067   0.03447   0.02244   0.01991   0.05476   2.22891   0.99199   0.05319   1.69789  
 50 149.7658   2849.812514  x:  0.03144   0.14161   0.07768   0.04113   0.13167   0.00903   0.00779   0.02381   0.02486   0.01249   0.04729   0.00000   0.00081   0.03512   0.01080   0.01325   0.00000   0.00619   0.03686   0.00000   0.00660   0.01002   0.02000   0.00813   0.02252   0.00000   0.00000   0.01981   0.07661   0.02898   0.04285   0.00576   0.01559   0.27967   0.03481   0.02250   0.01993   0.05455   2.25910   0.99303   0.05504   1.72194  
 51 502.6529   2849.256570  x:  0.03126   0.14019   0.07501   0.04095   0.13109   0.00918   0.00617   0.02262   0.02449   0.01033   0.05160   0.00000   0.00131   0.03324   0.01082   0.01338   0.00000   0.00626   0.03756   0.00000   0.00753   0.01006   0.01915   0.00760   0.02400   0.00000   0.00000   0.02047   0.07596   0.03192   0.04081   0.00445   0.01752   0.27787   0.03462   0.02625   0.01470   0.05443   2.34578   0.99663   0.06122   1.79098  
 52 497.8770   2848.986199  x:  0.02929   0.13713   0.07450   0.03898   0.13063   0.00884   0.00685   0.02355   0.02530   0.01273   0.05226   0.00000   0.00151   0.03410   0.01124   0.01274   0.00000   0.00628   0.03811   0.00000   0.00818   0.01036   0.02139   0.00732   0.02304   0.00000   0.00000   0.01903   0.07688   0.03777   0.03815   0.00410   0.01752   0.27817   0.03450   0.02661   0.01649   0.05424   2.39022   0.99834   0.06459   1.82623  
 53 323.4861   2848.879711  x:  0.02822   0.13544   0.07483   0.03791   0.13022   0.00871   0.00659   0.02372   0.02513   0.01052   0.05183   0.00000   0.00159   0.03482   0.01103   0.01292   0.00000   0.00659   0.03792   0.00000   0.00818   0.01006   0.02090   0.00730   0.02242   0.00000   0.00000   0.01772   0.07781   0.04040   0.03676   0.00458   0.01673   0.27893   0.03471   0.02549   0.01779   0.05409   2.40663   0.99933   0.06575   1.83913  
 54 232.2670   2848.853995  x:  0.02824   0.13470   0.07580   0.03793   0.12960   0.00819   0.00652   0.02357   0.02634   0.01051   0.05164   0.00000   0.00159   0.03464   0.01105   0.01292   0.00000   0.00660   0.03718   0.00000   0.00819   0.01003   0.02056   0.00731   0.02308   0.00000   0.00000   0.01766   0.07866   0.04063   0.03602   0.00453   0.01699   0.28035   0.03526   0.02432   0.01754   0.05399   2.41063   0.99944   0.06589   1.84202  
 55 33.3098   2848.829290  x:  0.02872   0.13372   0.07772   0.03841   0.12857   0.00889   0.00637   0.02347   0.02600   0.01042   0.05166   0.00000   0.00157   0.03421   0.01107   0.01279   0.00000   0.00656   0.03685   0.00000   0.00818   0.00996   0.02130   0.00733   0.02302   0.00000   0.00000   0.01775   0.08006   0.04034   0.03540   0.00459   0.01682   0.28345   0.03606   0.02442   0.01735   0.05372   2.41451   0.99925   0.06584   1.84444  
 56 23.2483   2848.811708  x:  0.02905   0.13295   0.07918   0.03874   0.12781   0.00809   0.00652   0.02349   0.02564   0.01061   0.05175   0.00000   0.00157   0.03425   0.01103   0.01293   0.00000   0.00647   0.03719   0.00000   0.00820   0.00997   0.02075   0.00733   0.02286   0.00000   0.00000   0.01760   0.08053   0.04007   0.03534   0.00468   0.01681   0.28632   0.03630   0.02525   0.01753   0.05334   2.41724   0.99916   0.06579   1.84591  
 57 31.1004   2848.798066  x:  0.02909   0.13232   0.07982   0.03878   0.12778   0.00849   0.00647   0.02363   0.02595   0.01049   0.05180   0.00000   0.00153   0.03497   0.01109   0.01281   0.00000   0.00644   0.03778   0.00000   0.00819   0.00990   0.02081   0.00735   0.02311   0.00000   0.00000   0.01735   0.07962   0.03988   0.03602   0.00457   0.01693   0.28940   0.03534   0.02506   0.01728   0.05279   2.41926   0.99919   0.06584   1.84646  
 58 12.3436   2848.789118  x:  0.02879   0.13202   0.07961   0.03848   0.12811   0.00848   0.00644   0.02327   0.02587   0.01058   0.05174   0.00000   0.00156   0.03434   0.01105   0.01288   0.00000   0.00636   0.03717   0.00000   0.00821   0.00989   0.02088   0.00731   0.02284   0.00000   0.00000   0.01743   0.07870   0.03969   0.03635   0.00457   0.01680   0.29159   0.03472   0.02490   0.01742   0.05290   2.42058   0.99937   0.06597   1.84640  
 59 11.1448   2848.781863  x:  0.02862   0.13210   0.07882   0.03831   0.12865   0.00855   0.00637   0.02399   0.02565   0.01056   0.05173   0.00000   0.00156   0.03423   0.01105   0.01289   0.00000   0.00631   0.03699   0.00000   0.00822   0.00987   0.02076   0.00732   0.02311   0.00000   0.00000   0.01748   0.07848   0.03944   0.03613   0.00450   0.01698   0.29319   0.03477   0.02486   0.01762   0.05372   2.42154   0.99940   0.06597   1.84577  
 60  7.8169   2848.769173  x:  0.02860   0.13259   0.07721   0.03829   0.12963   0.00840   0.00636   0.02338   0.02581   0.01059   0.05163   0.00000   0.00154   0.03470   0.01108   0.01285   0.00000   0.00624   0.03746   0.00000   0.00823   0.00983   0.02083   0.00732   0.02295   0.00000   0.00000   0.01739   0.07889   0.03932   0.03564   0.00462   0.01682   0.29547   0.03493   0.02481   0.01740   0.05529   2.42320   0.99934   0.06583   1.84417  
 61 12.8628   2848.746999  x:  0.02951   0.13395   0.07554   0.03920   0.13032   0.00808   0.00634   0.02350   0.02593   0.01044   0.05191   0.00000   0.00154   0.03411   0.01105   0.01286   0.00000   0.00623   0.03735   0.00000   0.00823   0.00975   0.02081   0.00734   0.02304   0.00000   0.00000   0.01710   0.08062   0.04041   0.03558   0.00466   0.01678   0.29722   0.03315   0.02469   0.01759   0.05541   2.42590   0.99891   0.06528   1.84005  
 62  8.2324   2848.652449  x:  0.02894   0.13714   0.07353   0.03863   0.12795   0.00801   0.00610   0.02355   0.02548   0.01062   0.05130   0.00000   0.00154   0.03655   0.01113   0.01289   0.00000   0.00606   0.03491   0.00000   0.00824   0.00952   0.02074   0.00727   0.02286   0.00000   0.00000   0.01803   0.08089   0.04065   0.03341   0.00489   0.01661   0.29856   0.03188   0.02553   0.01705   0.05320   2.43712   0.99739   0.06328   1.81986  
 63 13.7396   2848.162302  x:  0.02570   0.14916   0.06790   0.03540   0.11633   0.00915   0.00616   0.02344   0.02569   0.01057   0.04912   0.00000   0.00151   0.03293   0.01092   0.01282   0.00000   0.00605   0.03897   0.00000   0.00800   0.00783   0.02039   0.00721   0.02310   0.00000   0.00000   0.01832   0.07707   0.04347   0.02933   0.00528   0.01643   0.30215   0.03517   0.02407   0.01733   0.04553   2.49384   0.98922   0.05264   1.71548  
 64 136.7057   2847.650302  x:  0.02592   0.15437   0.06715   0.03561   0.11138   0.00995   0.00619   0.02333   0.02625   0.01007   0.04956   0.00000   0.00146   0.03376   0.01085   0.01283   0.00000   0.00625   0.03605   0.00000   0.00787   0.00629   0.02004   0.00728   0.02315   0.00000   0.00000   0.01842   0.07303   0.04980   0.03471   0.00510   0.01622   0.30327   0.04153   0.02447   0.01717   0.04469   2.54890   0.98027   0.04177   1.61356  
 65 298.8948   2847.278313  x:  0.02600   0.14980   0.07022   0.03569   0.11438   0.00976   0.00632   0.02328   0.02602   0.01024   0.04829   0.00000   0.00151   0.03316   0.01079   0.01279   0.00000   0.00636   0.03672   0.00000   0.00783   0.00526   0.01986   0.00718   0.02313   0.00000   0.00000   0.01900   0.07262   0.04648   0.03320   0.00548   0.01601   0.30068   0.03853   0.02417   0.01725   0.04583   2.58723   0.97489   0.03488   1.54192  
 66 177.9161   2847.250140  x:  0.02591   0.15018   0.07116   0.03560   0.11113   0.00992   0.00629   0.02332   0.02611   0.01017   0.04842   0.00000   0.00155   0.03317   0.01082   0.01276   0.00000   0.00636   0.03682   0.00000   0.00791   0.00517   0.01992   0.00712   0.02306   0.00000   0.00000   0.01885   0.07242   0.04625   0.03358   0.00546   0.01598   0.30018   0.03622   0.02401   0.01740   0.04957   2.58311   0.97501   0.03505   1.54383  
 67  1.8689   2846.452660  x:  0.02625   0.14912   0.07267   0.03594   0.11570   0.00887   0.00492   0.02392   0.02743   0.00927   0.05025   0.00000   0.00204   0.03333   0.01140   0.01205   0.00000   0.00569   0.03660   0.00000   0.00933   0.00240   0.02074   0.00638   0.02274   0.00000   0.00000   0.01661   0.07380   0.04036   0.03443   0.00558   0.01507   0.29623   0.03829   0.02427   0.01772   0.04620   2.44364   0.97461   0.03712   1.62811  
 68  9.0810   2845.462322  x:  0.02898   0.13509   0.08313   0.03867   0.13277   0.00794   0.00631   0.02483   0.02685   0.01066   0.04911   0.00000   0.00245   0.03347   0.01157   0.01198   0.00000   0.00697   0.03741   0.00000   0.01122   0.00263   0.02027   0.00630   0.02301   0.00000   0.00000   0.01961   0.07464   0.03193   0.03636   0.00718   0.01340   0.29118   0.03335   0.02332   0.01788   0.05335   2.59832   0.97722   0.04141   1.60473  
 69  0.3470   2844.858745  x:  0.02982   0.14026   0.08149   0.03951   0.13255   0.00811   0.00654   0.02531   0.02692   0.01132   0.05090   0.00000   0.00277   0.03420   0.01197   0.01205   0.00000   0.00678   0.03688   0.00000   0.01452   0.00487   0.02040   0.00687   0.02354   0.00000   0.00000   0.01799   0.07819   0.03108   0.03951   0.00745   0.01299   0.29124   0.03699   0.02443   0.01687   0.05161   2.47900   0.97742   0.03938   1.64899  
 70  0.1527   2844.541276  x:  0.03027   0.14079   0.07974   0.03996   0.13057   0.00860   0.00683   0.02470   0.02551   0.01147   0.05000   0.00000   0.00284   0.03449   0.01175   0.01223   0.00000   0.00676   0.03704   0.00000   0.01651   0.00311   0.01970   0.00704   0.02400   0.00000   0.00000   0.01805   0.07906   0.03468   0.03989   0.00661   0.01345   0.29349   0.03691   0.02439   0.01632   0.05255   2.56463   0.97901   0.03699   1.58940  
 71  0.1226   2844.391629  x:  0.02985   0.13564   0.08077   0.03953   0.13012   0.00852   0.00606   0.02421   0.02573   0.01047   0.04972   0.00000   0.00321   0.03388   0.01144   0.01231   0.00000   0.00628   0.03710   0.00000   0.01833   0.00316   0.01973   0.00674   0.02323   0.00000   0.00000   0.01781   0.07667   0.03246   0.03852   0.00600   0.01400   0.28907   0.03562   0.02364   0.01690   0.05114   2.58398   0.97888   0.03785   1.61622  
 72  0.0309   2844.369176  x:  0.02913   0.13779   0.08084   0.03882   0.12981   0.00838   0.00622   0.02438   0.02617   0.01048   0.05004   0.00000   0.00324   0.03369   0.01147   0.01203   0.00000   0.00669   0.03684   0.00000   0.01916   0.00314   0.02010   0.00653   0.02323   0.00000   0.00000   0.01776   0.07622   0.03285   0.03816   0.00617   0.01373   0.29027   0.03573   0.02398   0.01676   0.05126   2.57437   0.97922   0.03811   1.62890  
 73  0.0152   2844.363143  x:  0.02943   0.13789   0.08053   0.03912   0.12947   0.00837   0.00610   0.02454   0.02623   0.01061   0.05017   0.00000   0.00323   0.03382   0.01153   0.01215   0.00000   0.00652   0.03687   0.00000   0.01963   0.00320   0.02009   0.00676   0.02321   0.00000   0.00000   0.01790   0.07633   0.03319   0.03814   0.00632   0.01361   0.29013   0.03608   0.02378   0.01685   0.05135   2.57407   0.97918   0.03816   1.62947  
 74  0.0011   2844.361038  x:  0.02940   0.13770   0.08051   0.03909   0.12951   0.00842   0.00621   0.02445   0.02607   0.01066   0.04997   0.00000   0.00314   0.03383   0.01154   0.01217   0.00000   0.00651   0.03688   0.00000   0.01986   0.00319   0.02000   0.00670   0.02337   0.00000   0.00000   0.01781   0.07661   0.03314   0.03818   0.00631   0.01370   0.29001   0.03596   0.02392   0.01680   0.05143   2.57176   0.97903   0.03824   1.63354  
 75  0.0045   2844.359816  x:  0.02958   0.13789   0.08051   0.03927   0.12960   0.00841   0.00619   0.02449   0.02612   0.01058   0.05005   0.00000   0.00306   0.03389   0.01151   0.01218   0.00000   0.00654   0.03699   0.00000   0.01993   0.00317   0.02001   0.00667   0.02322   0.00000   0.00000   0.01794   0.07659   0.03291   0.03821   0.00625   0.01370   0.29046   0.03595   0.02383   0.01687   0.05139   2.57317   0.97892   0.03821   1.63277  
 76  0.0014   2844.359200  x:  0.02954   0.13790   0.08057   0.03923   0.12970   0.00840   0.00615   0.02450   0.02615   0.01060   0.05009   0.00000   0.00298   0.03383   0.01150   0.01215   0.00000   0.00655   0.03695   0.00000   0.01988   0.00318   0.02006   0.00671   0.02322   0.00000   0.00000   0.01788   0.07642   0.03301   0.03816   0.00627   0.01370   0.29037   0.03592   0.02385   0.01684   0.05139   2.57447   0.97892   0.03825   1.63275  
 77  0.0009   2844.359082  x:  0.02953   0.13783   0.08052   0.03922   0.12962   0.00838   0.00616   0.02451   0.02616   0.01060   0.05010   0.00000   0.00296   0.03385   0.01151   0.01216   0.00000   0.00653   0.03693   0.00000   0.01986   0.00318   0.02007   0.00669   0.02323   0.00000   0.00000   0.01789   0.07645   0.03301   0.03815   0.00628   0.01368   0.29023   0.03596   0.02383   0.01686   0.05137   2.57415   0.97899   0.03821   1.63175  
 78  0.0009   2844.359076  x:  0.02952   0.13782   0.08053   0.03921   0.12961   0.00838   0.00616   0.02451   0.02616   0.01059   0.05010   0.00000   0.00296   0.03385   0.01151   0.01216   0.00000   0.00653   0.03693   0.00000   0.01986   0.00318   0.02006   0.00670   0.02322   0.00000   0.00000   0.01788   0.07645   0.03299   0.03815   0.00628   0.01368   0.29020   0.03596   0.02383   0.01686   0.05137   2.57412   0.97900   0.03821   1.63160  
 79  0.0002   2844.359075  x:  0.02952   0.13781   0.08054   0.03922   0.12961   0.00838   0.00616   0.02450   0.02616   0.01059   0.05010   0.00000   0.00296   0.03385   0.01151   0.01216   0.00000   0.00653   0.03693   0.00000   0.01986   0.00318   0.02006   0.00669   0.02322   0.00000   0.00000   0.01788   0.07645   0.03299   0.03816   0.00628   0.01369   0.29020   0.03596   0.02384   0.01686   0.05137   2.57415   0.97900   0.03820   1.63138  
 80  0.0002   2844.359071  x:  0.02952   0.13779   0.08054   0.03922   0.12962   0.00839   0.00616   0.02450   0.02616   0.01059   0.05010   0.00000   0.00296   0.03384   0.01151   0.01216   0.00000   0.00653   0.03693   0.00000   0.01987   0.00318   0.02007   0.00669   0.02322   0.00000   0.00000   0.01788   0.07645   0.03298   0.03817   0.00628   0.01368   0.29020   0.03596   0.02383   0.01685   0.05137   2.57425   0.97900   0.03818   1.62940  
 81  0.0002   2844.359035  x:  0.02949   0.13774   0.08060   0.03925   0.12967   0.00839   0.00617   0.02449   0.02615   0.01060   0.05010   0.00000   0.00296   0.03383   0.01151   0.01216   0.00000   0.00653   0.03694   0.00000   0.01990   0.00318   0.02008   0.00669   0.02321   0.00000   0.00000   0.01787   0.07643   0.03296   0.03823   0.00628   0.01367   0.29021   0.03592   0.02382   0.01684   0.05138   2.57465   0.97902   0.03784   1.59849  
 82  0.0045   2844.358625  x:  0.02932   0.13774   0.08058   0.03946   0.12969   0.00839   0.00617   0.02450   0.02615   0.01061   0.05010   0.00000   0.00296   0.03384   0.01151   0.01216   0.00000   0.00653   0.03692   0.00000   0.01989   0.00317   0.02007   0.00669   0.02320   0.00000   0.00000   0.01785   0.07642   0.03296   0.03821   0.00628   0.01367   0.29018   0.03595   0.02382   0.01684   0.05138   2.57491   0.97903   0.03592   1.42207  
 83  0.0221   2844.358477  x:  0.02921   0.13776   0.08056   0.03956   0.12967   0.00839   0.00617   0.02450   0.02616   0.01060   0.05010   0.00000   0.00296   0.03384   0.01151   0.01216   0.00000   0.00653   0.03692   0.00000   0.01988   0.00317   0.02007   0.00669   0.02321   0.00000   0.00000   0.01786   0.07643   0.03296   0.03819   0.00628   0.01367   0.29018   0.03595   0.02383   0.01685   0.05138   2.57469   0.97902   0.03476   1.31952  
 84  0.3741   2844.358235  x:  0.02909   0.13785   0.08049   0.03966   0.12958   0.00838   0.00615   0.02451   0.02617   0.01058   0.05010   0.00000   0.00296   0.03385   0.01151   0.01217   0.00000   0.00653   0.03692   0.00000   0.01984   0.00318   0.02005   0.00669   0.02323   0.00000   0.00000   0.01787   0.07646   0.03298   0.03813   0.00628   0.01370   0.29018   0.03598   0.02385   0.01687   0.05137   2.57371   0.97899   0.03345   1.21698  
 85  0.0988   2844.357917  x:  0.02884   0.13785   0.08053   0.03984   0.12955   0.00838   0.00615   0.02449   0.02616   0.01056   0.05009   0.00000   0.00296   0.03384   0.01151   0.01216   0.00000   0.00653   0.03695   0.00000   0.01986   0.00319   0.02007   0.00670   0.02323   0.00000   0.00000   0.01790   0.07649   0.03304   0.03815   0.00628   0.01369   0.29026   0.03595   0.02384   0.01687   0.05137   2.57344   0.97902   0.03060   1.00601  
 86  0.0532   2844.357881  x:  0.02881   0.13785   0.08053   0.03987   0.12955   0.00838   0.00616   0.02449   0.02616   0.01056   0.05009   0.00000   0.00296   0.03384   0.01151   0.01216   0.00000   0.00653   0.03695   0.00000   0.01986   0.00319   0.02007   0.00670   0.02323   0.00000   0.00000   0.01791   0.07649   0.03304   0.03815   0.00628   0.01369   0.29027   0.03595   0.02384   0.01687   0.05137   2.57345   0.97903   0.03026   0.97890  
 87  0.9208   2844.357822  x:  0.02879   0.13783   0.08053   0.03992   0.12957   0.00838   0.00616   0.02450   0.02616   0.01058   0.05010   0.00000   0.00296   0.03384   0.01151   0.01216   0.00000   0.00653   0.03694   0.00000   0.01986   0.00318   0.02007   0.00670   0.02322   0.00000   0.00000   0.01789   0.07646   0.03300   0.03815   0.00628   0.01369   0.29023   0.03595   0.02384   0.01686   0.05138   2.57378   0.97902   0.02971   0.93966  
 88  0.0654   2844.357793  x:  0.02880   0.13780   0.08053   0.03996   0.12962   0.00838   0.00616   0.02451   0.02616   0.01060   0.05010   0.00000   0.00296   0.03385   0.01151   0.01216   0.00000   0.00653   0.03692   0.00000   0.01986   0.00318   0.02006   0.00669   0.02322   0.00000   0.00000   0.01787   0.07644   0.03297   0.03816   0.00628   0.01369   0.29018   0.03596   0.02384   0.01685   0.05138   2.57420   0.97902   0.02950   0.92621  
 89  0.0135   2844.357777  x:  0.02877   0.13780   0.08053   0.03999   0.12964   0.00838   0.00616   0.02451   0.02616   0.01060   0.05010   0.00000   0.00296   0.03385   0.01151   0.01216   0.00000   0.00653   0.03692   0.00000   0.01986   0.00318   0.02006   0.00669   0.02322   0.00000   0.00000   0.01787   0.07644   0.03297   0.03816   0.00628   0.01368   0.29018   0.03596   0.02384   0.01685   0.05138   2.57424   0.97902   0.02904   0.89402  
 90  0.0380   2844.357743  x:  0.02872   0.13781   0.08053   0.04002   0.12964   0.00838   0.00616   0.02451   0.02616   0.01059   0.05010   0.00000   0.00296   0.03385   0.01151   0.01216   0.00000   0.00653   0.03693   0.00000   0.01986   0.00318   0.02006   0.00669   0.02322   0.00000   0.00000   0.01788   0.07646   0.03298   0.03816   0.00628   0.01368   0.29019   0.03596   0.02384   0.01686   0.05137   2.57409   0.97903   0.02849   0.85736  
 91  0.0253   2844.357720  x:  0.02867   0.13783   0.08053   0.04004   0.12961   0.00838   0.00616   0.02450   0.02616   0.01057   0.05010   0.00000   0.00296   0.03384   0.01151   0.01216   0.00000   0.00653   0.03694   0.00000   0.01986   0.00318   0.02007   0.00670   0.02323   0.00000   0.00000   0.01789   0.07647   0.03301   0.03816   0.00628   0.01369   0.29023   0.03595   0.02384   0.01686   0.05137   2.57379   0.97903   0.02788   0.82095  
 92  0.0228   2844.357688  x:  0.02863   0.13783   0.08053   0.04008   0.12960   0.00838   0.00616   0.02450   0.02616   0.01057   0.05010   0.00000   0.00296   0.03384   0.01151   0.01216   0.00000   0.00653   0.03694   0.00000   0.01986   0.00318   0.02007   0.00670   0.02323   0.00000   0.00000   0.01789   0.07647   0.03301   0.03816   0.00628   0.01369   0.29023   0.03595   0.02384   0.01686   0.05137   2.57377   0.97903   0.02733   0.78454  
 93  0.1090   2844.357679  x:  0.02862   0.13782   0.08053   0.04010   0.12960   0.00838   0.00616   0.02450   0.02616   0.01058   0.05010   0.00000   0.00296   0.03384   0.01151   0.01216   0.00000   0.00653   0.03694   0.00000   0.01986   0.00318   0.02007   0.00670   0.02322   0.00000   0.00000   0.01789   0.07647   0.03300   0.03816   0.00628   0.01369   0.29023   0.03595   0.02384   0.01686   0.05137   2.57383   0.97903   0.02706   0.76725  
 94  0.0489   2844.357670  x:  0.02863   0.13781   0.08053   0.04012   0.12962   0.00838   0.00616   0.02451   0.02616   0.01059   0.05010   0.00000   0.00296   0.03385   0.01151   0.01216   0.00000   0.00653   0.03693   0.00000   0.01986   0.00318   0.02006   0.00669   0.02322   0.00000   0.00000   0.01788   0.07645   0.03298   0.03816   0.00628   0.01369   0.29020   0.03596   0.02384   0.01686   0.05138   2.57406   0.97903   0.02704   0.76671  
 95  0.0008   2844.357660  x:  0.02860   0.13781   0.08053   0.04014   0.12961   0.00838   0.00616   0.02451   0.02616   0.01059   0.05010   0.00000   0.00296   0.03385   0.01151   0.01216   0.00000   0.00653   0.03693   0.00000   0.01986   0.00318   0.02006   0.00669   0.02322   0.00000   0.00000   0.01787   0.07645   0.03298   0.03816   0.00628   0.01369   0.29020   0.03596   0.02384   0.01686   0.05138   2.57406   0.97903   0.02662   0.74086  
 96  0.0110   2844.357643  x:  0.02857   0.13781   0.08053   0.04017   0.12961   0.00838   0.00616   0.02450   0.02616   0.01059   0.05010   0.00000   0.00296   0.03385   0.01151   0.01216   0.00000   0.00653   0.03693   0.00000   0.01986   0.00318   0.02006   0.00669   0.02322   0.00000   0.00000   0.01788   0.07646   0.03299   0.03816   0.00628   0.01369   0.29020   0.03596   0.02384   0.01686   0.05138   2.57400   0.97903   0.02616   0.71426  
 97  0.0190   2844.357635  x:  0.02854   0.13782   0.08053   0.04019   0.12961   0.00838   0.00616   0.02450   0.02616   0.01058   0.05010   0.00000   0.00296   0.03385   0.01151   0.01216   0.00000   0.00653   0.03693   0.00000   0.01986   0.00318   0.02006   0.00669   0.02322   0.00000   0.00000   0.01788   0.07646   0.03299   0.03816   0.00628   0.01369   0.29021   0.03596   0.02384   0.01686   0.05137   2.57398   0.97903   0.02578   0.69366  
 98  0.0129   2844.357623  x:  0.02852   0.13781   0.08053   0.04022   0.12961   0.00838   0.00616   0.02450   0.02616   0.01058   0.05010   0.00000   0.00296   0.03385   0.01151   0.01216   0.00000   0.00653   0.03693   0.00000   0.01986   0.00318   0.02006   0.00669   0.02322   0.00000   0.00000   0.01788   0.07646   0.03299   0.03816   0.00628   0.01369   0.29021   0.03596   0.02384   0.01686   0.05137   2.57399   0.97903   0.02543   0.67307  
 99  0.0984   2844.357619  x:  0.02851   0.13781   0.08053   0.04023   0.12962   0.00838   0.00616   0.02450   0.02616   0.01058   0.05010   0.00000   0.00296   0.03385   0.01151   0.01216   0.00000   0.00653   0.03693   0.00000   0.01986   0.00318   0.02006   0.00669   0.02322   0.00000   0.00000   0.01788   0.07646   0.03299   0.03816   0.00628   0.01369   0.29021   0.03596   0.02384   0.01686   0.05137   2.57399   0.97903   0.02523   0.66191  
100  0.6256   2844.357617  x:  0.02850   0.13781   0.08053   0.04024   0.12961   0.00838   0.00616   0.02450   0.02616   0.01059   0.05010   0.00000   0.00296   0.03385   0.01151   0.01216   0.00000   0.00653   0.03693   0.00000   0.01986   0.00318   0.02006   0.00669   0.02322   0.00000   0.00000   0.01788   0.07645   0.03298   0.03816   0.00628   0.01369   0.29020   0.03596   0.02384   0.01686   0.05138   2.57402   0.97903   0.02510   0.65406  
101  0.0049   2844.357616  x:  0.02850   0.13781   0.08053   0.04024   0.12961   0.00838   0.00616   0.02450   0.02616   0.01059   0.05010   0.00000   0.00296   0.03385   0.01151   0.01216   0.00000   0.00653   0.03693   0.00000   0.01986   0.00318   0.02006   0.00669   0.02322   0.00000   0.00000   0.01788   0.07645   0.03298   0.03816   0.00628   0.01369   0.29020   0.03596   0.02384   0.01686   0.05138   2.57403   0.97903   0.02513   0.65622  
102  0.0010   2844.357608  x:  0.02847   0.13781   0.08053   0.04027   0.12961   0.00838   0.00616   0.02450   0.02616   0.01059   0.05010   0.00000   0.00296   0.03385   0.01151   0.01216   0.00000   0.00653   0.03693   0.00000   0.01986   0.00318   0.02006   0.00669   0.02322   0.00000   0.00000   0.01788   0.07645   0.03299   0.03816   0.00628   0.01369   0.29021   0.03596   0.02383   0.01686   0.05137   2.57400   0.97903   0.02465   0.62975  
103  0.0055   2844.357603  x:  0.02844   0.13782   0.08053   0.04030   0.12961   0.00838   0.00616   0.02450   0.02616   0.01059   0.05010   0.00000   0.00296   0.03385   0.01151   0.01216   0.00000   0.00653   0.03693   0.00000   0.01986   0.00318   0.02006   0.00669   0.02322   0.00000   0.00000   0.01788   0.07646   0.03299   0.03816   0.00628   0.01368   0.29021   0.03596   0.02384   0.01686   0.05137   2.57399   0.97903   0.02428   0.61050  
104  0.0120   2844.357601  x:  0.02843   0.13782   0.08053   0.04030   0.12961   0.00838   0.00616   0.02450   0.02616   0.01059   0.05010   0.00000   0.00296   0.03385   0.01151   0.01216   0.00000   0.00653   0.03693   0.00000   0.01986   0.00318   0.02006   0.00669   0.02322   0.00000   0.00000   0.01788   0.07646   0.03299   0.03816   0.00628   0.01368   0.29020   0.03596   0.02384   0.01686   0.05137   2.57398   0.97903   0.02425   0.60930  
105  0.0032   2844.357596  x:  0.02841   0.13781   0.08053   0.04033   0.12962   0.00838   0.00616   0.02450   0.02616   0.01059   0.05010   0.00000   0.00296   0.03385   0.01151   0.01216   0.00000   0.00653   0.03693   0.00000   0.01986   0.00318   0.02006   0.00669   0.02322   0.00000   0.00000   0.01788   0.07645   0.03299   0.03816   0.00628   0.01369   0.29020   0.03596   0.02384   0.01686   0.05137   2.57401   0.97903   0.02389   0.59006  
106  0.0133   2844.357595  x:  0.02840   0.13781   0.08053   0.04034   0.12961   0.00838   0.00616   0.02450   0.02616   0.01059   0.05010   0.00000   0.00296   0.03385   0.01151   0.01216   0.00000   0.00653   0.03693   0.00000   0.01986   0.00318   0.02006   0.00669   0.02322   0.00000   0.00000   0.01788   0.07645   0.03299   0.03816   0.00628   0.01369   0.29020   0.03596   0.02384   0.01686   0.05138   2.57402   0.97903   0.02381   0.58643  
107  0.0017   2844.357591  x:  0.02837   0.13781   0.08053   0.04037   0.12961   0.00838   0.00616   0.02450   0.02616   0.01059   0.05010   0.00000   0.00296   0.03385   0.01151   0.01216   0.00000   0.00653   0.03693   0.00000   0.01986   0.00318   0.02006   0.00669   0.02322   0.00000   0.00000   0.01788   0.07645   0.03299   0.03816   0.00628   0.01369   0.29020   0.03596   0.02384   0.01686   0.05138   2.57401   0.97903   0.02353   0.57189  
108  0.0231   2844.357590  x:  0.02835   0.13781   0.08053   0.04039   0.12961   0.00838   0.00616   0.02450   0.02616   0.01059   0.05010   0.00000   0.00296   0.03385   0.01151   0.01216   0.00000   0.00653   0.03693   0.00000   0.01986   0.00318   0.02006   0.00669   0.02322   0.00000   0.00000   0.01788   0.07646   0.03299   0.03816   0.00628   0.01368   0.29020   0.03596   0.02384   0.01686   0.05138   2.57400   0.97903   0.02330   0.56055  
109  0.0071   2844.357589  x:  0.02835   0.13782   0.08053   0.04038   0.12962   0.00838   0.00616   0.02450   0.02616   0.01059   0.05010   0.00000   0.00296   0.03385   0.01151   0.01216   0.00000   0.00653   0.03693   0.00000   0.01986   0.00318   0.02006   0.00669   0.02322   0.00000   0.00000   0.01788   0.07646   0.03299   0.03816   0.00628   0.01368   0.29021   0.03596   0.02384   0.01686   0.05137   2.57399   0.97903   0.02333   0.56212  
110  0.0027   2844.357588  x:  0.02835   0.13781   0.08053   0.04039   0.12961   0.00838   0.00616   0.02450   0.02616   0.01059   0.05010   0.00000   0.00296   0.03385   0.01151   0.01216   0.00000   0.00653   0.03693   0.00000   0.01986   0.00318   0.02006   0.00669   0.02322   0.00000   0.00000   0.01788   0.07645   0.03299   0.03816   0.00628   0.01369   0.29020   0.03596   0.02384   0.01686   0.05138   2.57402   0.97903   0.02327   0.55910  
111  0.0015   2844.357586  x:  0.02832   0.13781   0.08053   0.04042   0.12961   0.00838   0.00616   0.02450   0.02616   0.01059   0.05010   0.00000   0.00296   0.03385   0.01151   0.01216   0.00000   0.00653   0.03693   0.00000   0.01986   0.00318   0.02006   0.00669   0.02322   0.00000   0.00000   0.01788   0.07646   0.03299   0.03816   0.00628   0.01369   0.29020   0.03596   0.02384   0.01686   0.05137   2.57400   0.97903   0.02302   0.54699  
112  0.0057   2844.357586  x:  0.02832   0.13781   0.08053   0.04042   0.12961   0.00838   0.00616   0.02450   0.02616   0.01059   0.05010   0.00000   0.00296   0.03385   0.01151   0.01216   0.00000   0.00653   0.03693   0.00000   0.01986   0.00318   0.02006   0.00669   0.02322   0.00000   0.00000   0.01788   0.07646   0.03299   0.03816   0.00628   0.01369   0.29020   0.03596   0.02384   0.01686   0.05137   2.57400   0.97903   0.02304   0.54783  
113  0.0025   2844.357586  x:  0.02832   0.13781   0.08053   0.04041   0.12961   0.00838   0.00616   0.02450   0.02616   0.01059   0.05010   0.00000   0.00296   0.03385   0.01151   0.01216   0.00000   0.00653   0.03693   0.00000   0.01986   0.00318   0.02006   0.00669   0.02322   0.00000   0.00000   0.01788   0.07646   0.03299   0.03816   0.00628   0.01369   0.29020   0.03596   0.02384   0.01686   0.05137   2.57400   0.97903   0.02304   0.54807  
114  0.0015   2844.357585  x:  0.02830   0.13781   0.08053   0.04044   0.12961   0.00838   0.00616   0.02451   0.02616   0.01059   0.05010   0.00000   0.00296   0.03385   0.01151   0.01216   0.00000   0.00653   0.03693   0.00000   0.01986   0.00318   0.02006   0.00669   0.02322   0.00000   0.00000   0.01788   0.07645   0.03299   0.03816   0.00628   0.01369   0.29020   0.03596   0.02384   0.01686   0.05138   2.57403   0.97903   0.02285   0.53909  
115  0.0050   2844.357584  x:  0.02830   0.13781   0.08053   0.04043   0.12961   0.00838   0.00616   0.02450   0.02616   0.01059   0.05010   0.00000   0.00296   0.03385   0.01151   0.01216   0.00000   0.00653   0.03693   0.00000   0.01986   0.00318   0.02006   0.00669   0.02322   0.00000   0.00000   0.01788   0.07645   0.03299   0.03816   0.00628   0.01369   0.29020   0.03596   0.02384   0.01686   0.05138   2.57401   0.97903   0.02288   0.54047  
116  0.0013   2844.357583  x:  0.02829   0.13781   0.08053   0.04045   0.12961   0.00838   0.00616   0.02450   0.02616   0.01059   0.05010   0.00000   0.00296   0.03385   0.01151   0.01216   0.00000   0.00653   0.03693   0.00000   0.01986   0.00318   0.02006   0.00669   0.02322   0.00000   0.00000   0.01788   0.07646   0.03299   0.03816   0.00628   0.01369   0.29020   0.03596   0.02384   0.01686   0.05137   2.57400   0.97903   0.02276   0.53435  
117  0.0023   2844.357583  x:  0.02829   0.13781   0.08053   0.04045   0.12961   0.00838   0.00616   0.02450   0.02616   0.01059   0.05010   0.00000   0.00296   0.03385   0.01151   0.01216   0.00000   0.00653   0.03693   0.00000   0.01986   0.00318   0.02006   0.00669   0.02322   0.00000   0.00000   0.01788   0.07646   0.03299   0.03816   0.00628   0.01369   0.29020   0.03596   0.02384   0.01686   0.05138   2.57400   0.97903   0.02277   0.53471  
118  0.0016   2844.357583  x:  0.02829   0.13781   0.08053   0.04045   0.12961   0.00838   0.00616   0.02450   0.02616   0.01059   0.05010   0.00000   0.00296   0.03385   0.01151   0.01216   0.00000   0.00653   0.03693   0.00000   0.01986   0.00318   0.02006   0.00669   0.02322   0.00000   0.00000   0.01788   0.07645   0.03299   0.03816   0.00628   0.01369   0.29020   0.03596   0.02384   0.01686   0.05138   2.57402   0.97903   0.02274   0.53343  
119  0.0007   2844.357582  x:  0.02827   0.13781   0.08053   0.04046   0.12961   0.00838   0.00616   0.02450   0.02616   0.01059   0.05010   0.00000   0.00296   0.03385   0.01151   0.01216   0.00000   0.00653   0.03693   0.00000   0.01986   0.00318   0.02006   0.00669   0.02322   0.00000   0.00000   0.01788   0.07646   0.03299   0.03816   0.00628   0.01369   0.29020   0.03596   0.02384   0.01686   0.05138   2.57399   0.97903   0.02263   0.52831  
120  0.0021   2844.357582  x:  0.02827   0.13781   0.08053   0.04046   0.12961   0.00838   0.00616   0.02450   0.02616   0.01059   0.05010   0.00000   0.00296   0.03385   0.01151   0.01216   0.00000   0.00653   0.03693   0.00000   0.01986   0.00318   0.02006   0.00669   0.02322   0.00000   0.00000   0.01788   0.07646   0.03299   0.03816   0.00628   0.01369   0.29020   0.03596   0.02384   0.01686   0.05138   2.57399   0.97903   0.02263   0.52831  
121  0.0028   2844.357582  x:  0.02827   0.13781   0.08053   0.04047   0.12961   0.00838   0.00616   0.02450   0.02616   0.01059   0.05010   0.00000   0.00296   0.03385   0.01151   0.01216   0.00000   0.00653   0.03693   0.00000   0.01986   0.00318   0.02006   0.00669   0.02322   0.00000   0.00000   0.01788   0.07646   0.03299   0.03816   0.00628   0.01369   0.29020   0.03596   0.02384   0.01686   0.05138   2.57401   0.97903   0.02263   0.52834  
122  0.0002   2844.357582  x:  0.02827   0.13781   0.08053   0.04047   0.12961   0.00838   0.00616   0.02450   0.02616   0.01059   0.05010   0.00000   0.00296   0.03385   0.01151   0.01216   0.00000   0.00653   0.03693   0.00000   0.01986   0.00318   0.02006   0.00669   0.02322   0.00000   0.00000   0.01788   0.07646   0.03299   0.03816   0.00628   0.01369   0.29020   0.03596   0.02384   0.01686   0.05138   2.57401   0.97903   0.02263   0.52834  
123  0.0000   2844.357582  x:  0.02827   0.13781   0.08053   0.04047   0.12961   0.00838   0.00616   0.02450   0.02616   0.01059   0.05010   0.00000   0.00296   0.03385   0.01151   0.01216   0.00000   0.00653   0.03693   0.00000   0.01986   0.00318   0.02006   0.00669   0.02322   0.00000   0.00000   0.01788   0.07646   0.03299   0.03816   0.00628   0.01369   0.29020   0.03596   0.02384   0.01686   0.05138   2.57401   0.97903   0.02263   0.52834  