Supplemental results for CODEML (seqf: ptch1.fasta  treef: ptch1_tree.txt)


MLEs of dN/dS (w) for site classes (K=6)

p:   0.17271  0.17271  0.17271  0.17271  0.17271  0.13643
w:   0.00017  0.00378  0.01695  0.05031  0.14665  1.00000

Naive Empirical Bayes (NEB) probabilities for 6 classes & postmean_w
(amino acids refer to 1st sequence: Lonchura_striata_domestica)

   1 I   0.00327 0.06907 0.23809 0.38179 0.28469 0.02310 ( 4)  0.088
   2 Q   0.00000 0.00137 0.02315 0.13412 0.39131 0.45005 ( 6)  0.515
   3 T   0.30965 0.28991 0.22941 0.13247 0.03801 0.00055 ( 1)  0.018
   4 P   0.00000 0.00216 0.03453 0.17603 0.43315 0.35412 ( 5)  0.427
   5 K   0.00000 0.00002 0.00164 0.02877 0.25175 0.71782 ( 6)  0.756
   6 K   0.00000 0.00009 0.00659 0.09544 0.53562 0.36226 ( 5)  0.446
   7 D   0.32430 0.30048 0.22880 0.11974 0.02649 0.00018 ( 1)  0.015
   8 G   0.00280 0.05973 0.21354 0.37190 0.32040 0.03163 ( 4)  0.101
   9 D   0.00000 0.00003 0.00194 0.03274 0.28312 0.68218 ( 6)  0.725
  10 N   0.32382 0.29994 0.22838 0.12022 0.02745 0.00019 ( 1)  0.015
  11 I   0.00300 0.06411 0.22868 0.39217 0.30230 0.00973 ( 4)  0.078
  12 L   0.28256 0.26942 0.22761 0.15363 0.06346 0.00332 ( 1)  0.025
  13 T   0.30696 0.28795 0.22942 0.13461 0.04024 0.00081 ( 1)  0.019
  14 Q   0.00000 0.00000 0.00006 0.00331 0.10029 0.89634 ( 6)  0.911
  15 E   0.31321 0.29279 0.23016 0.12987 0.03363 0.00034 ( 1)  0.017
  16 A   0.30680 0.28790 0.22964 0.13490 0.03998 0.00079 ( 1)  0.018
  17 L   0.29377 0.27793 0.22851 0.14529 0.05318 0.00133 ( 1)  0.021
  18 Q   0.00000 0.00142 0.02450 0.14851 0.47462 0.35096 ( 5)  0.428
  19 L   0.00141 0.03149 0.13016 0.30928 0.46584 0.06181 ( 5)  0.148
  20 H   0.32192 0.29873 0.22879 0.12161 0.02867 0.00029 ( 1)  0.016
  21 L   0.30037 0.28258 0.22798 0.13969 0.04839 0.00099 ( 1)  0.020
  22 E   0.00310 0.06589 0.23229 0.38852 0.29141 0.01880 ( 4)  0.085
  23 A   0.00219 0.04755 0.18028 0.35749 0.38970 0.02279 ( 5)  0.101
  24 A   0.30681 0.28791 0.22964 0.13488 0.03997 0.00079 ( 1)  0.018
  25 L   0.29436 0.27843 0.22869 0.14491 0.05254 0.00108 ( 1)  0.021
  26 A   0.00000 0.00089 0.01687 0.12466 0.60076 0.25682 ( 5)  0.351
  27 A   0.30635 0.28756 0.22959 0.13522 0.04044 0.00085 ( 1)  0.019
  28 S   0.32109 0.29830 0.22931 0.12263 0.02837 0.00030 ( 1)  0.016
  29 K   0.00302 0.06439 0.22966 0.39366 0.30129 0.00799 ( 4)  0.076
  30 V   0.30764 0.28836 0.22916 0.13390 0.04011 0.00083 ( 1)  0.018
  31 Q   0.00296 0.06348 0.22876 0.39875 0.30072 0.00533 ( 4)  0.074
  32 V   0.30712 0.28796 0.22913 0.13434 0.04061 0.00084 ( 1)  0.019
  33 S   0.00216 0.04697 0.17767 0.35185 0.39344 0.02791 ( 5)  0.107
  34 L   0.00295 0.06285 0.22392 0.38676 0.31830 0.00522 ( 4)  0.075
  35 Y   0.30844 0.28905 0.22958 0.13388 0.03857 0.00048 ( 1)  0.018
  36 G   0.00001 0.00321 0.05290 0.28311 0.63378 0.02700 ( 5)  0.135
  37 K   0.00302 0.06451 0.22998 0.39375 0.30074 0.00799 ( 4)  0.076
  38 S   0.00000 0.00174 0.03049 0.19054 0.64269 0.13454 ( 5)  0.239
  39 W   0.29771 0.28239 0.23329 0.14542 0.04092 0.00028 ( 1)  0.019
  40 D   0.00001 0.00398 0.06302 0.31004 0.59660 0.02636 ( 5)  0.131
  41 L   0.28379 0.27047 0.22809 0.15321 0.06213 0.00231 ( 1)  0.024
  42 N   0.00001 0.00393 0.06235 0.30823 0.59864 0.02685 ( 5)  0.131
  43 K   0.00000 0.00008 0.00617 0.09691 0.65079 0.24605 ( 5)  0.346
  44 I   0.00000 0.00006 0.00163 0.01913 0.17146 0.80772 ( 6)  0.834
  45 C   0.31903 0.29677 0.22929 0.12446 0.03023 0.00023 ( 1)  0.016
  46 Y   0.00001 0.00256 0.04086 0.20860 0.50118 0.24679 ( 5)  0.331
  47 K   0.00314 0.06669 0.23416 0.38873 0.28950 0.01778 ( 4)  0.084
  48 S   0.00000 0.00131 0.02142 0.11655 0.33788 0.52284 ( 6)  0.579
  49 G   0.00000 0.00185 0.02998 0.15755 0.40606 0.40455 ( 5)  0.473
  50 V   0.00202 0.04412 0.17076 0.35309 0.40934 0.02067 ( 5)  0.102
  51 P   0.00000 0.00005 0.00333 0.05227 0.37710 0.56725 ( 6)  0.625
  52 I   0.00001 0.00250 0.03890 0.18811 0.42790 0.34259 ( 5)  0.415
  53 I   0.00001 0.00322 0.05134 0.25948 0.57305 0.11290 ( 5)  0.211
  54 E   0.00313 0.06659 0.23428 0.38989 0.28890 0.01719 ( 4)  0.083
  55 N   0.00000 0.00000 0.00012 0.00652 0.16782 0.82554 ( 6)  0.850
  56 G   0.30553 0.28693 0.22956 0.13604 0.04122 0.00072 ( 1)  0.019
  57 M   0.00000 0.00007 0.00497 0.08474 0.67544 0.23479 ( 5)  0.338
  58 I   0.00393 0.08269 0.27847 0.41375 0.21956 0.00160 ( 4)  0.060
  59 E   0.00305 0.06513 0.23182 0.39545 0.29774 0.00681 ( 4)  0.075
  60 R   0.00216 0.04704 0.17926 0.35877 0.38782 0.02494 ( 5)  0.103
  61 M   0.00369 0.07791 0.26601 0.40913 0.23929 0.00396 ( 4)  0.064
  62 I   0.32975 0.30332 0.22573 0.11427 0.02676 0.00018 ( 1)  0.015
  63 E   0.31460 0.29380 0.23014 0.12871 0.03248 0.00027 ( 1)  0.017
  64 K   0.00000 0.00004 0.00316 0.05688 0.52911 0.41081 ( 5)  0.491
  65 L   0.29744 0.28076 0.22893 0.14263 0.04944 0.00080 ( 1)  0.020
  66 F   0.00268 0.05768 0.21063 0.38197 0.33586 0.01117 ( 4)  0.083
  67 P   0.31099 0.29099 0.22961 0.13123 0.03666 0.00052 ( 1)  0.018
  68 C   0.31809 0.29609 0.22933 0.12525 0.03097 0.00027 ( 1)  0.016
  69 V   0.00194 0.04235 0.16332 0.33750 0.40827 0.04662 ( 5)  0.126
  70 I   0.32081 0.29762 0.22801 0.12237 0.03085 0.00033 ( 1)  0.016
  71 L   0.00191 0.04191 0.16484 0.35075 0.42019 0.02040 ( 5)  0.103
  72 T   0.30980 0.29006 0.22952 0.13237 0.03770 0.00054 ( 1)  0.018
  73 P   0.31082 0.29089 0.22968 0.13136 0.03673 0.00052 ( 1)  0.018
  74 L   0.28562 0.27194 0.22848 0.15198 0.06001 0.00198 ( 1)  0.023
  75 D   0.32227 0.29909 0.22911 0.12158 0.02772 0.00023 ( 1)  0.015
  76 C   0.31729 0.29555 0.22944 0.12597 0.03147 0.00029 ( 1)  0.016
  77 F   0.32778 0.30276 0.22795 0.11618 0.02512 0.00021 ( 1)  0.015
  78 W   0.29771 0.28239 0.23329 0.14542 0.04092 0.00028 ( 1)  0.019
  79 E   0.31409 0.29343 0.23015 0.12913 0.03290 0.00029 ( 1)  0.017
  80 G   0.30449 0.28633 0.22999 0.13696 0.04137 0.00085 ( 1)  0.019
  81 S   0.00219 0.04758 0.18043 0.35788 0.38982 0.02210 ( 5)  0.101
  82 K   0.31447 0.29362 0.22991 0.12875 0.03295 0.00029 ( 1)  0.017
  83 L   0.28361 0.27029 0.22788 0.15304 0.06230 0.00287 ( 1)  0.025
  84 Q   0.29535 0.28028 0.23211 0.14655 0.04512 0.00058 ( 1)  0.020
  85 G   0.00000 0.00001 0.00102 0.02165 0.28869 0.68863 ( 6)  0.732
  86 G   0.30409 0.28606 0.23004 0.13734 0.04163 0.00085 ( 1)  0.019
  87 S   0.00221 0.04789 0.18138 0.35921 0.39058 0.01874 ( 5)  0.097
  88 A   0.30772 0.28858 0.22967 0.13417 0.03919 0.00067 ( 1)  0.018
  89 Y   0.31199 0.29162 0.22949 0.13091 0.03568 0.00030 ( 1)  0.017
  90 L   0.28911 0.27423 0.22761 0.14823 0.05818 0.00264 ( 1)  0.024
  91 P   0.00209 0.04550 0.17452 0.35495 0.39658 0.02637 ( 5)  0.106
  92 G   0.30535 0.28701 0.23010 0.13633 0.04048 0.00073 ( 1)  0.019
  93 R   0.00244 0.05236 0.19140 0.35575 0.37620 0.02186 ( 5)  0.098
  94 P   0.31098 0.29100 0.22964 0.13119 0.03667 0.00052 ( 1)  0.018
  95 D   0.00000 0.00159 0.02820 0.18292 0.68426 0.10303 ( 5)  0.213
  96 I   0.00162 0.03578 0.14448 0.32555 0.44373 0.04883 ( 5)  0.133
  97 Q   0.29533 0.28026 0.23211 0.14657 0.04514 0.00058 ( 1)  0.020
  98 W   0.29771 0.28239 0.23329 0.14542 0.04092 0.00028 ( 1)  0.019
  99 S   0.00000 0.00241 0.03970 0.21654 0.58202 0.15932 ( 5)  0.256
 100 N   0.32227 0.29887 0.22857 0.12158 0.02848 0.00023 ( 1)  0.016
 101 L   0.00312 0.06647 0.23608 0.39960 0.29095 0.00379 ( 4)  0.071
 102 D   0.32227 0.29909 0.22911 0.12158 0.02772 0.00023 ( 1)  0.015
 103 P   0.30964 0.28998 0.22957 0.13230 0.03785 0.00065 ( 1)  0.018
 104 L   0.28393 0.27060 0.22813 0.15305 0.06187 0.00242 ( 1)  0.024
 105 Q   0.00254 0.05492 0.20355 0.38073 0.34785 0.01040 ( 4)  0.084
 106 L   0.00305 0.06507 0.23214 0.39727 0.29771 0.00476 ( 4)  0.073
 107 M   0.00254 0.05444 0.19806 0.36134 0.35328 0.03034 ( 4)  0.104
 108 E   0.31461 0.29381 0.23015 0.12870 0.03247 0.00027 ( 1)  0.017
 109 E   0.31385 0.29327 0.23019 0.12936 0.03303 0.00029 ( 1)  0.017
 110 L   0.28393 0.27060 0.22813 0.15305 0.06187 0.00242 ( 1)  0.024
 111 G   0.00001 0.00371 0.05982 0.30520 0.61224 0.01902 ( 5)  0.125
 112 Q   0.00242 0.05255 0.19793 0.38143 0.35612 0.00955 ( 4)  0.085
 113 -   0.23570 0.23192 0.21868 0.18845 0.12283 0.00243 ( 1)  0.035
 114 -   0.22964 0.22656 0.21568 0.19041 0.13301 0.00469 ( 1)  0.038
 115 -   0.22524 0.22260 0.21327 0.19136 0.14007 0.00746 ( 1)  0.042
 116 -   0.21985 0.21771 0.21010 0.19200 0.14812 0.01222 ( 1)  0.048
 117 -   0.22483 0.22224 0.21304 0.19143 0.14071 0.00775 ( 1)  0.043
 118 -   0.00093 0.02095 0.08985 0.23778 0.49800 0.15249 ( 5)  0.239
 119 -   0.22931 0.22626 0.21550 0.19051 0.13357 0.00485 ( 1)  0.039
 120 -   0.21952 0.21741 0.20990 0.19203 0.14860 0.01255 ( 1)  0.048
 121 -   0.22761 0.22475 0.21459 0.19090 0.13632 0.00583 ( 1)  0.040
 122 -   0.22761 0.22475 0.21459 0.19090 0.13632 0.00583 ( 1)  0.040
 123 -   0.24103 0.23659 0.22110 0.18628 0.11375 0.00126 ( 1)  0.032
 124 -   0.21367 0.21202 0.20609 0.19181 0.15597 0.02044 ( 1)  0.057
 125 -   0.23285 0.22941 0.21731 0.18946 0.12766 0.00331 ( 1)  0.036
 126 -   0.22896 0.22595 0.21532 0.19058 0.13413 0.00506 ( 1)  0.039
 127 -   0.22632 0.22358 0.21388 0.19117 0.13838 0.00666 ( 1)  0.041
 128 -   0.22762 0.22475 0.21460 0.19091 0.13632 0.00580 ( 1)  0.040
 129 -   0.22841 0.22546 0.21502 0.19070 0.13501 0.00540 ( 1)  0.039
 130 -   0.22749 0.22463 0.21452 0.19093 0.13651 0.00591 ( 1)  0.040
 131 -   0.23300 0.22955 0.21738 0.18941 0.12741 0.00325 ( 1)  0.036
 132 -   0.22746 0.22461 0.21451 0.19093 0.13656 0.00593 ( 1)  0.040
 133 -   0.22857 0.22560 0.21510 0.19066 0.13474 0.00532 ( 1)  0.039
 134 -   0.24103 0.23659 0.22110 0.18628 0.11375 0.00126 ( 1)  0.032
 135 -   0.23250 0.22911 0.21714 0.18958 0.12824 0.00343 ( 1)  0.036
 136 -   0.21116 0.20968 0.20435 0.19147 0.15873 0.02462 ( 1)  0.062
 137 -   0.22706 0.22425 0.21429 0.19102 0.13720 0.00619 ( 1)  0.040
 138 -   0.22862 0.22564 0.21513 0.19067 0.13469 0.00524 ( 1)  0.039
 139 -   0.21367 0.21202 0.20609 0.19181 0.15597 0.02044 ( 1)  0.057
 140 -   0.23285 0.22941 0.21731 0.18946 0.12766 0.00331 ( 1)  0.036
 141 -   0.22846 0.22550 0.21504 0.19070 0.13494 0.00536 ( 1)  0.039
 142 -   0.22797 0.22507 0.21478 0.19081 0.13573 0.00563 ( 1)  0.040
 143 -   0.23250 0.22911 0.21714 0.18958 0.12824 0.00343 ( 1)  0.036
 144 -   0.22698 0.22417 0.21424 0.19103 0.13733 0.00624 ( 1)  0.041
 145 -   0.23228 0.22891 0.21702 0.18963 0.12862 0.00355 ( 1)  0.037
 146 -   0.22865 0.22567 0.21515 0.19066 0.13464 0.00523 ( 1)  0.039
 147 -   0.22696 0.22416 0.21423 0.19104 0.13736 0.00625 ( 1)  0.041
 148 F   0.00270 0.05782 0.20949 0.37600 0.34115 0.01284 ( 4)  0.086
 149 T   0.30881 0.28933 0.22952 0.13319 0.03857 0.00059 ( 1)  0.018
 150 A   0.31046 0.29057 0.22961 0.13189 0.03699 0.00048 ( 1)  0.018
 151 P   0.30981 0.29014 0.22966 0.13223 0.03757 0.00059 ( 1)  0.018
 152 N   0.32426 0.30025 0.22835 0.11984 0.02713 0.00017 ( 1)  0.015
 153 K   0.31598 0.29470 0.22982 0.12743 0.03183 0.00024 ( 1)  0.016
 154 Q   0.00001 0.00278 0.04648 0.25940 0.66092 0.03042 ( 5)  0.141
 155 S   0.00000 0.00153 0.02740 0.18078 0.68269 0.10760 ( 5)  0.217
 156 Q   0.00000 0.00002 0.00174 0.03476 0.40886 0.55462 ( 6)  0.616
 157 Q   0.00245 0.05301 0.19938 0.38283 0.35368 0.00865 ( 4)  0.083
 158 S   0.00000 0.00164 0.02913 0.18801 0.68831 0.09290 ( 5)  0.204
 159 P   0.00001 0.00297 0.04791 0.24957 0.59647 0.10307 ( 5)  0.204
 160 D   0.32449 0.30063 0.22886 0.11962 0.02624 0.00016 ( 1)  0.015
 161 I   0.00308 0.06567 0.23321 0.39553 0.29531 0.00720 ( 4)  0.075
 162 P   0.00220 0.04767 0.18064 0.35782 0.38958 0.02210 ( 5)  0.100
 163 A   0.00000 0.00000 0.00021 0.01084 0.25265 0.73630 ( 6)  0.774
 164 E   0.00233 0.05035 0.18886 0.36581 0.37747 0.01518 ( 5)  0.092
 165 L   0.29041 0.27532 0.22801 0.14753 0.05679 0.00194 ( 1)  0.023
 166 S   0.00000 0.00149 0.02705 0.18280 0.70794 0.08072 ( 5)  0.194
 167 G   0.30785 0.28886 0.23016 0.13431 0.03831 0.00051 ( 1)  0.018
 168 G   0.30461 0.28645 0.23008 0.13694 0.04114 0.00078 ( 1)  0.019
 169 C   0.31785 0.29595 0.22942 0.12550 0.03102 0.00026 ( 1)  0.016
 170 H   0.00345 0.07310 0.25424 0.40802 0.25785 0.00336 ( 4)  0.066
 171 G   0.30461 0.28645 0.23008 0.13694 0.04114 0.00078 ( 1)  0.019
 172 F   0.00264 0.05676 0.20731 0.37644 0.33415 0.02271 ( 4)  0.094
 173 S   0.30319 0.28521 0.22947 0.13768 0.04348 0.00096 ( 1)  0.019
 174 R   0.30690 0.28770 0.22885 0.13447 0.04146 0.00062 ( 1)  0.018
 175 K   0.31578 0.29456 0.22986 0.12763 0.03194 0.00024 ( 1)  0.016
 176 F   0.00264 0.05676 0.20790 0.37982 0.34018 0.01271 ( 4)  0.085
 177 M   0.35142 0.31827 0.22296 0.09456 0.01276 0.00003 ( 1)  0.012
 178 R   0.00327 0.06939 0.24293 0.39956 0.28150 0.00334 ( 4)  0.069
 179 W   0.29817 0.28274 0.23332 0.14503 0.04048 0.00026 ( 1)  0.019
 180 Q   0.29580 0.28063 0.23216 0.14620 0.04467 0.00053 ( 1)  0.019
 181 Q   0.00254 0.05490 0.20351 0.38081 0.34800 0.01024 ( 4)  0.084
 182 E   0.31467 0.29386 0.23014 0.12864 0.03242 0.00026 ( 1)  0.017
 183 L   0.28515 0.27153 0.22824 0.15213 0.06059 0.00236 ( 1)  0.024
 184 I   0.32189 0.29837 0.22788 0.12142 0.03013 0.00030 ( 1)  0.016
 185 L   0.00000 0.00230 0.03890 0.22395 0.65134 0.08350 ( 5)  0.191
 186 G   0.30761 0.28850 0.22968 0.13442 0.03929 0.00050 ( 1)  0.018
 187 G   0.30756 0.28846 0.22968 0.13446 0.03934 0.00051 ( 1)  0.018
 188 T   0.30872 0.28928 0.22954 0.13327 0.03861 0.00058 ( 1)  0.018
 189 T   0.00000 0.00000 0.00046 0.02042 0.33999 0.63912 ( 6)  0.690
 190 K   0.31522 0.29415 0.22987 0.12810 0.03239 0.00026 ( 1)  0.017
 191 D   0.00363 0.07679 0.26376 0.41070 0.24236 0.00276 ( 4)  0.064
 192 S   0.00000 0.00004 0.00291 0.05566 0.57553 0.36587 ( 5)  0.453
 193 Q   0.00000 0.00194 0.03396 0.21167 0.68969 0.06275 ( 5)  0.175
 194 G   0.30741 0.28835 0.22967 0.13458 0.03947 0.00052 ( 1)  0.018
 195 K   0.31579 0.29457 0.22986 0.12762 0.03193 0.00024 ( 1)  0.016
 196 L   0.29810 0.28127 0.22901 0.14216 0.04875 0.00071 ( 1)  0.020
 197 L   0.00211 0.04588 0.17547 0.35470 0.39990 0.02194 ( 5)  0.102
 198 R   0.00268 0.05752 0.21039 0.38287 0.33874 0.00780 ( 4)  0.081
 199 A   0.30829 0.28901 0.22969 0.13373 0.03867 0.00061 ( 1)  0.018
 200 E   0.00237 0.05120 0.19187 0.36897 0.36469 0.02091 ( 4)  0.096
 201 A   0.31007 0.29031 0.22968 0.13225 0.03721 0.00048 ( 1)  0.018
 202 L   0.28616 0.27238 0.22860 0.15164 0.05940 0.00183 ( 1)  0.023
 203 Q   0.29642 0.28109 0.23220 0.14568 0.04411 0.00050 ( 1)  0.019
 204 T   0.30848 0.28906 0.22945 0.13345 0.03894 0.00062 ( 1)  0.018
 205 M   0.35142 0.31827 0.22296 0.09456 0.01276 0.00003 ( 1)  0.012
 206 F   0.33005 0.30430 0.22762 0.11418 0.02369 0.00015 ( 1)  0.014
 207 L   0.00147 0.03273 0.13480 0.31729 0.46506 0.04865 ( 5)  0.135
 208 L   0.28862 0.27390 0.22766 0.14868 0.05874 0.00240 ( 1)  0.023
 209 M   0.35142 0.31827 0.22296 0.09456 0.01276 0.00003 ( 1)  0.012
 210 S   0.00235 0.05084 0.19096 0.36883 0.37106 0.01597 ( 5)  0.092
 211 P   0.31129 0.29121 0.22962 0.13099 0.03640 0.00049 ( 1)  0.017
 212 R   0.00262 0.05636 0.20542 0.37446 0.34909 0.01205 ( 4)  0.086
 213 Q   0.29642 0.28109 0.23220 0.14568 0.04411 0.00050 ( 1)  0.019
 214 L   0.00251 0.05431 0.20187 0.38074 0.35616 0.00440 ( 4)  0.079
 215 Y   0.31257 0.29205 0.22949 0.13043 0.03518 0.00027 ( 1)  0.017
 216 E   0.31445 0.29371 0.23019 0.12886 0.03254 0.00026 ( 1)  0.017
 217 H   0.32464 0.30063 0.22851 0.11925 0.02679 0.00018 ( 1)  0.015
 218 F   0.32837 0.30317 0.22789 0.11567 0.02471 0.00019 ( 1)  0.015
 219 K   0.31500 0.29401 0.22990 0.12831 0.03251 0.00026 ( 1)  0.017
 220 D   0.00280 0.06003 0.21804 0.38862 0.32065 0.00986 ( 4)  0.080
 221 D   0.00258 0.05566 0.20602 0.38312 0.34290 0.00972 ( 4)  0.083
 222 Y   0.00000 0.00198 0.03448 0.21247 0.68203 0.06904 ( 5)  0.180
 223 E   0.00000 0.00198 0.03448 0.21230 0.68081 0.07042 ( 5)  0.182
 224 I   0.00319 0.06789 0.23935 0.39876 0.28510 0.00571 ( 4)  0.072
 225 H   0.00000 0.00230 0.03910 0.22680 0.64511 0.08667 ( 5)  0.193
 226 D   0.00280 0.06021 0.21878 0.39000 0.32164 0.00658 ( 4)  0.077
 227 I   0.31973 0.29688 0.22813 0.12330 0.03159 0.00038 ( 1)  0.016
 228 S   0.00366 0.07721 0.26487 0.41104 0.24045 0.00277 ( 4)  0.063
 229 W   0.29817 0.28274 0.23332 0.14503 0.04048 0.00026 ( 1)  0.019
 230 S   0.00370 0.07810 0.26713 0.41163 0.23688 0.00257 ( 4)  0.063
 231 E   0.31442 0.29369 0.23019 0.12888 0.03256 0.00026 ( 1)  0.017
 232 E   0.00318 0.06777 0.23937 0.40049 0.28515 0.00404 ( 4)  0.070
 233 K   0.31507 0.29406 0.22990 0.12825 0.03246 0.00026 ( 1)  0.017
 234 A   0.30864 0.28928 0.22972 0.13345 0.03835 0.00056 ( 1)  0.018
 235 G   0.00215 0.04686 0.17869 0.35822 0.39424 0.01983 ( 5)  0.099
 236 A   0.30875 0.28937 0.22974 0.13337 0.03821 0.00056 ( 1)  0.018
 237 I   0.32141 0.29806 0.22799 0.12187 0.03038 0.00030 ( 1)  0.016
 238 L   0.28357 0.27025 0.22788 0.15308 0.06234 0.00288 ( 1)  0.025
 239 E   0.31517 0.29422 0.23013 0.12822 0.03201 0.00024 ( 1)  0.016
 240 A   0.30827 0.28900 0.22969 0.13374 0.03869 0.00061 ( 1)  0.018
 241 W   0.29817 0.28274 0.23332 0.14503 0.04048 0.00026 ( 1)  0.019
 242 Q   0.29580 0.28062 0.23216 0.14621 0.04468 0.00053 ( 1)  0.019
 243 R   0.30816 0.28861 0.22882 0.13343 0.04046 0.00052 ( 1)  0.018
 244 K   0.00304 0.06480 0.23108 0.39574 0.30245 0.00290 ( 4)  0.071
 245 F   0.00271 0.05819 0.21216 0.38333 0.33351 0.01010 ( 4)  0.082
 246 V   0.31048 0.29048 0.22928 0.13169 0.03756 0.00051 ( 1)  0.018
 247 E   0.31441 0.29368 0.23019 0.12889 0.03257 0.00026 ( 1)  0.017
 248 L   0.00217 0.04722 0.17967 0.35908 0.39423 0.01762 ( 5)  0.097
 249 A   0.00310 0.06617 0.23493 0.39760 0.29223 0.00597 ( 4)  0.073
 250 Q   0.00307 0.06558 0.23487 0.40298 0.29006 0.00343 ( 4)  0.070
 251 D   0.00000 0.00222 0.03788 0.22204 0.64890 0.08895 ( 5)  0.196
 252 S   0.00000 0.00174 0.03091 0.19924 0.70439 0.06372 ( 5)  0.178
 253 I   0.00001 0.00356 0.05631 0.27858 0.58112 0.08042 ( 5)  0.181
 254 P   0.00223 0.04829 0.18256 0.35979 0.38697 0.02016 ( 5)  0.098
 255 P   0.00000 0.00125 0.02210 0.14098 0.51905 0.31662 ( 5)  0.400
 256 N   0.32287 0.29930 0.22853 0.12107 0.02802 0.00020 ( 1)  0.015
 257 A   0.00228 0.04932 0.18582 0.36332 0.38321 0.01605 ( 5)  0.094
 258 T   0.31033 0.29045 0.22954 0.13196 0.03723 0.00049 ( 1)  0.018
 259 Q   0.29580 0.28063 0.23216 0.14620 0.04467 0.00053 ( 1)  0.019
 260 S   0.00001 0.00402 0.06367 0.31252 0.59807 0.02171 ( 5)  0.126
 261 V   0.30859 0.28912 0.22935 0.13324 0.03905 0.00065 ( 1)  0.018
 262 H   0.00238 0.05121 0.18949 0.35999 0.38002 0.01692 ( 5)  0.094
 263 A   0.00222 0.04824 0.18235 0.35942 0.38798 0.01978 ( 5)  0.098
 264 F   0.32997 0.30424 0.22764 0.11425 0.02375 0.00015 ( 1)  0.014
 265 S   0.00226 0.04907 0.18484 0.36169 0.38488 0.01726 ( 5)  0.095
 266 T   0.30869 0.28929 0.22962 0.13331 0.03849 0.00061 ( 1)  0.018
 267 T   0.30896 0.28942 0.22947 0.13307 0.03850 0.00057 ( 1)  0.018
 268 T   0.30862 0.28921 0.22955 0.13336 0.03863 0.00062 ( 1)  0.018
 269 L   0.28831 0.27360 0.22745 0.14872 0.05900 0.00293 ( 1)  0.024
 270 N   0.00372 0.07850 0.26812 0.41192 0.23547 0.00227 ( 4)  0.062
 271 D   0.32284 0.29950 0.22907 0.12108 0.02730 0.00020 ( 1)  0.015
 272 I   0.31976 0.29689 0.22813 0.12328 0.03157 0.00038 ( 1)  0.016
 273 M   0.00248 0.05322 0.19418 0.35689 0.35640 0.03683 ( 4)  0.111
 274 K   0.31500 0.29401 0.22990 0.12831 0.03251 0.00026 ( 1)  0.017
 275 S   0.30294 0.28502 0.22945 0.13787 0.04373 0.00100 ( 1)  0.019
 276 F   0.33005 0.30430 0.22762 0.11418 0.02369 0.00015 ( 1)  0.014
 277 S   0.30934 0.28960 0.22917 0.13266 0.03875 0.00048 ( 1)  0.018
 278 D   0.32445 0.30060 0.22886 0.11965 0.02627 0.00016 ( 1)  0.015
 279 V   0.30874 0.28918 0.22922 0.13310 0.03913 0.00063 ( 1)  0.018
 280 S   0.32466 0.30079 0.22897 0.11951 0.02592 0.00016 ( 1)  0.015
 281 V   0.00001 0.00334 0.05332 0.26910 0.58492 0.08932 ( 5)  0.190
 282 I   0.31969 0.29685 0.22813 0.12333 0.03162 0.00038 ( 1)  0.016
 283 R   0.29445 0.27851 0.22867 0.14465 0.05261 0.00112 ( 1)  0.021
 284 V   0.30898 0.28938 0.22928 0.13291 0.03886 0.00059 ( 1)  0.018
 285 A   0.31046 0.29057 0.22961 0.13189 0.03699 0.00048 ( 1)  0.018
 286 G   0.00304 0.06492 0.23196 0.39745 0.29808 0.00455 ( 4)  0.072
 287 G   0.30582 0.28718 0.22967 0.13588 0.04082 0.00064 ( 1)  0.018
 288 Y   0.31036 0.29048 0.22963 0.13234 0.03685 0.00034 ( 1)  0.017
 289 L   0.28898 0.27419 0.22774 0.14846 0.05835 0.00229 ( 1)  0.023
 290 L   0.28908 0.27421 0.22761 0.14826 0.05822 0.00263 ( 1)  0.024
 291 M   0.35142 0.31827 0.22296 0.09456 0.01276 0.00003 ( 1)  0.012
 292 L   0.29810 0.28127 0.22901 0.14216 0.04875 0.00071 ( 1)  0.020
 293 A   0.30827 0.28900 0.22969 0.13374 0.03869 0.00061 ( 1)  0.018
 294 Y   0.31206 0.29168 0.22949 0.13085 0.03562 0.00030 ( 1)  0.017
 295 A   0.30827 0.28900 0.22969 0.13374 0.03869 0.00061 ( 1)  0.018
 296 C   0.32006 0.29749 0.22917 0.12353 0.02955 0.00020 ( 1)  0.016
 297 V   0.00187 0.04096 0.15896 0.33342 0.41645 0.04834 ( 5)  0.129
 298 T   0.30878 0.28935 0.22962 0.13325 0.03841 0.00060 ( 1)  0.018
 299 M   0.35142 0.31827 0.22296 0.09456 0.01276 0.00003 ( 1)  0.012
 300 L   0.28362 0.27029 0.22789 0.15305 0.06229 0.00287 ( 1)  0.025
 301 R   0.00232 0.04998 0.18341 0.34254 0.36677 0.05498 ( 5)  0.129
 302 W   0.29817 0.28274 0.23332 0.14503 0.04048 0.00026 ( 1)  0.019
 303 D   0.32301 0.29962 0.22906 0.12094 0.02718 0.00020 ( 1)  0.015
 304 C   0.31951 0.29712 0.22927 0.12404 0.02985 0.00021 ( 1)  0.016
 305 S   0.00219 0.04756 0.18018 0.35719 0.39102 0.02186 ( 5)  0.100
 306 R   0.00315 0.06709 0.23744 0.39898 0.28846 0.00488 ( 4)  0.072
 307 S   0.30899 0.28936 0.22924 0.13299 0.03894 0.00048 ( 1)  0.018
 308 Q   0.29597 0.28075 0.23215 0.14604 0.04456 0.00053 ( 1)  0.019
 309 G   0.30788 0.28888 0.23016 0.13429 0.03829 0.00050 ( 1)  0.018
 310 A   0.30959 0.28993 0.22958 0.13258 0.03776 0.00056 ( 1)  0.018
 311 V   0.30800 0.28864 0.22924 0.13374 0.03973 0.00066 ( 1)  0.018
 312 G   0.30591 0.28743 0.23014 0.13590 0.03996 0.00066 ( 1)  0.018
 313 L   0.28356 0.27024 0.22787 0.15308 0.06235 0.00288 ( 1)  0.025
 314 A   0.30913 0.28963 0.22967 0.13301 0.03799 0.00056 ( 1)  0.018
 315 G   0.30324 0.28532 0.22972 0.13793 0.04300 0.00078 ( 1)  0.019
 316 V   0.30875 0.28919 0.22922 0.13309 0.03912 0.00063 ( 1)  0.018
 317 L   0.28513 0.27139 0.22780 0.15142 0.06051 0.00375 ( 1)  0.025
 318 L   0.29030 0.27520 0.22788 0.14749 0.05705 0.00209 ( 1)  0.023
 319 V   0.31053 0.29054 0.22935 0.13165 0.03743 0.00050 ( 1)  0.018
 320 A   0.30915 0.28964 0.22967 0.13300 0.03798 0.00056 ( 1)  0.018
 321 L   0.30016 0.28245 0.22806 0.13991 0.04846 0.00096 ( 1)  0.020
 322 S   0.30573 0.28691 0.22906 0.13550 0.04196 0.00084 ( 1)  0.019
 323 V   0.30859 0.28912 0.22935 0.13324 0.03905 0.00065 ( 1)  0.018
 324 A   0.31007 0.29031 0.22968 0.13225 0.03721 0.00048 ( 1)  0.018
 325 S   0.00222 0.04820 0.18240 0.35994 0.38713 0.02010 ( 5)  0.098
 326 G   0.30473 0.28654 0.23009 0.13685 0.04103 0.00076 ( 1)  0.019
 327 L   0.28619 0.27240 0.22860 0.15162 0.05936 0.00181 ( 1)  0.023
 328 G   0.30622 0.28766 0.23016 0.13566 0.03968 0.00062 ( 1)  0.018
 329 L   0.28872 0.27390 0.22743 0.14836 0.05868 0.00291 ( 1)  0.024
 330 C   0.31785 0.29595 0.22942 0.12550 0.03102 0.00026 ( 1)  0.016
 331 S   0.30112 0.28370 0.22949 0.13940 0.04534 0.00096 ( 1)  0.020
 332 L   0.28602 0.27226 0.22857 0.15173 0.05956 0.00186 ( 1)  0.023
 333 L   0.00199 0.04354 0.17031 0.35740 0.41205 0.01471 ( 5)  0.096
 334 G   0.30464 0.28647 0.23008 0.13692 0.04111 0.00078 ( 1)  0.019
 335 I   0.32141 0.29806 0.22799 0.12187 0.03038 0.00030 ( 1)  0.016
 336 S   0.30716 0.28802 0.22924 0.13448 0.04049 0.00061 ( 1)  0.018
 337 F   0.33005 0.30430 0.22762 0.11418 0.02369 0.00015 ( 1)  0.014
 338 N   0.32496 0.30071 0.22822 0.11921 0.02675 0.00016 ( 1)  0.015
 339 A   0.30995 0.29024 0.22970 0.13236 0.03727 0.00049 ( 1)  0.018
 340 A   0.30827 0.28900 0.22969 0.13374 0.03869 0.00061 ( 1)  0.018
 341 T   0.30912 0.28958 0.22957 0.13297 0.03819 0.00057 ( 1)  0.018
 342 T   0.31028 0.29038 0.22943 0.13197 0.03745 0.00049 ( 1)  0.018
 343 Q   0.29580 0.28062 0.23216 0.14621 0.04468 0.00053 ( 1)  0.019
 344 V   0.31016 0.29021 0.22919 0.13193 0.03797 0.00053 ( 1)  0.018
 345 L   0.28554 0.27188 0.22846 0.15203 0.06010 0.00200 ( 1)  0.023
 346 P   0.31121 0.29115 0.22962 0.13105 0.03647 0.00050 ( 1)  0.017
 347 F   0.32961 0.30400 0.22768 0.11456 0.02399 0.00016 ( 1)  0.015
 348 L   0.29769 0.28095 0.22896 0.14245 0.04918 0.00076 ( 1)  0.020
 349 A   0.30971 0.29004 0.22966 0.13254 0.03753 0.00051 ( 1)  0.018
 350 L   0.30208 0.28389 0.22817 0.13846 0.04666 0.00075 ( 1)  0.020
 351 G   0.30429 0.28620 0.23005 0.13719 0.04144 0.00083 ( 1)  0.019
 352 I   0.00319 0.06784 0.23910 0.39828 0.28551 0.00609 ( 4)  0.072
 353 G   0.30747 0.28858 0.23014 0.13461 0.03866 0.00054 ( 1)  0.018
 354 V   0.30862 0.28911 0.22926 0.13319 0.03919 0.00062 ( 1)  0.018
 355 D   0.32459 0.30068 0.22878 0.11949 0.02628 0.00017 ( 1)  0.015
 356 D   0.32417 0.30041 0.22889 0.11990 0.02647 0.00017 ( 1)  0.015
 357 M   0.00280 0.06010 0.21928 0.39285 0.31759 0.00738 ( 4)  0.078
 358 F   0.32801 0.30291 0.22793 0.11599 0.02496 0.00020 ( 1)  0.015
 359 L   0.30239 0.28413 0.22820 0.13823 0.04634 0.00071 ( 1)  0.019
 360 L   0.28371 0.27040 0.22803 0.15311 0.06212 0.00263 ( 1)  0.024
 361 A   0.30875 0.28934 0.22966 0.13332 0.03834 0.00060 ( 1)  0.018
 362 H   0.32518 0.30101 0.22846 0.11878 0.02640 0.00017 ( 1)  0.015
 363 A   0.30839 0.28909 0.22972 0.13366 0.03854 0.00060 ( 1)  0.018
 364 F   0.32964 0.30402 0.22767 0.11453 0.02397 0.00016 ( 1)  0.014
 365 T   0.00245 0.05305 0.19788 0.37565 0.36042 0.01055 ( 4)  0.086
 366 E   0.31482 0.29397 0.23014 0.12852 0.03230 0.00025 ( 1)  0.017
 367 -   0.22600 0.22329 0.21370 0.19123 0.13888 0.00690 ( 1)  0.041
 368 -   0.22328 0.22083 0.21214 0.19166 0.14308 0.00901 ( 1)  0.044
 369 -   0.21937 0.21727 0.20980 0.19202 0.14878 0.01274 ( 1)  0.049
 370 -   0.23219 0.22883 0.21698 0.18967 0.12877 0.00357 ( 1)  0.037
 371 -   0.22738 0.22454 0.21446 0.19095 0.13669 0.00598 ( 1)  0.040
 372 -   0.22563 0.22296 0.21349 0.19130 0.13946 0.00716 ( 1)  0.042
 373 I   0.32104 0.29779 0.22801 0.12218 0.03067 0.00032 ( 1)  0.016
 374 P   0.30966 0.29005 0.22972 0.13234 0.03763 0.00059 ( 1)  0.018
 375 F   0.32940 0.30385 0.22770 0.11474 0.02413 0.00017 ( 1)  0.015
 376 K   0.00331 0.07033 0.24731 0.40665 0.26859 0.00381 ( 4)  0.068
 377 E   0.00314 0.06693 0.23700 0.39899 0.28919 0.00475 ( 4)  0.072
 378 R   0.30200 0.28421 0.22911 0.13846 0.04526 0.00096 ( 1)  0.020
 379 T   0.30889 0.28939 0.22952 0.13313 0.03849 0.00058 ( 1)  0.018
 380 G   0.30786 0.28886 0.23016 0.13431 0.03831 0.00051 ( 1)  0.018
 381 E   0.31517 0.29422 0.23013 0.12822 0.03201 0.00024 ( 1)  0.016
 382 C   0.31995 0.29741 0.22917 0.12363 0.02963 0.00021 ( 1)  0.016
 383 L   0.28603 0.27223 0.22845 0.15161 0.05963 0.00204 ( 1)  0.023
 384 K   0.31500 0.29401 0.22990 0.12831 0.03251 0.00026 ( 1)  0.017
 385 R   0.29091 0.27578 0.22822 0.14680 0.05532 0.00297 ( 1)  0.023
 386 T   0.30876 0.28931 0.22954 0.13324 0.03857 0.00057 ( 1)  0.018
 387 G   0.30324 0.28532 0.22972 0.13793 0.04300 0.00078 ( 1)  0.019
 388 T   0.00303 0.06472 0.23094 0.39546 0.29862 0.00722 ( 4)  0.075
 389 S   0.32516 0.30112 0.22885 0.11903 0.02568 0.00016 ( 1)  0.015
 390 V   0.30898 0.28938 0.22928 0.13291 0.03886 0.00059 ( 1)  0.018
 391 A   0.30866 0.28926 0.22963 0.13338 0.03847 0.00061 ( 1)  0.018
 392 L   0.30280 0.28444 0.22824 0.13793 0.04593 0.00067 ( 1)  0.019
 393 T   0.30912 0.28958 0.22957 0.13297 0.03819 0.00057 ( 1)  0.018
 394 S   0.30934 0.28960 0.22917 0.13266 0.03875 0.00048 ( 1)  0.018
 395 V   0.00319 0.06782 0.23924 0.39904 0.28527 0.00544 ( 4)  0.072
 396 S   0.32306 0.29970 0.22918 0.12093 0.02693 0.00020 ( 1)  0.015
 397 N   0.32451 0.30043 0.22833 0.11962 0.02694 0.00016 ( 1)  0.015
 398 M   0.00281 0.06040 0.22019 0.39358 0.31609 0.00692 ( 4)  0.077
 399 I   0.00318 0.06770 0.23884 0.39859 0.28590 0.00580 ( 4)  0.072
 400 A   0.30992 0.29020 0.22967 0.13238 0.03734 0.00049 ( 1)  0.018
 401 F   0.32837 0.30317 0.22789 0.11567 0.02471 0.00019 ( 1)  0.015
 402 F   0.33005 0.30430 0.22762 0.11418 0.02369 0.00015 ( 1)  0.014
 403 M   0.35395 0.31983 0.22220 0.09228 0.01173 0.00002 ( 1)  0.011
 404 A   0.31231 0.29198 0.22973 0.13045 0.03521 0.00032 ( 1)  0.017
 405 A   0.31057 0.29071 0.22976 0.13191 0.03665 0.00041 ( 1)  0.017
 406 L   0.28637 0.27255 0.22867 0.15155 0.05915 0.00172 ( 1)  0.023
 407 V   0.00312 0.06648 0.23652 0.40087 0.28914 0.00388 ( 4)  0.071
 408 P   0.31389 0.29312 0.22963 0.12887 0.03417 0.00031 ( 1)  0.017
 409 I   0.32381 0.29976 0.22784 0.11986 0.02854 0.00019 ( 1)  0.015
 410 P   0.31354 0.29288 0.22966 0.12912 0.03447 0.00033 ( 1)  0.017
 411 A   0.31239 0.29203 0.22971 0.13037 0.03518 0.00032 ( 1)  0.017
 412 L   0.28670 0.27281 0.22870 0.15129 0.05880 0.00171 ( 1)  0.023
 413 R   0.29846 0.28146 0.22854 0.14045 0.04852 0.00257 ( 1)  0.022
 414 A   0.31098 0.29102 0.22979 0.13158 0.03624 0.00038 ( 1)  0.017
 415 F   0.33252 0.30599 0.22729 0.11202 0.02210 0.00009 ( 1)  0.014
 416 S   0.30506 0.28662 0.22961 0.13628 0.04172 0.00071 ( 1)  0.019
 417 L   0.30280 0.28447 0.22833 0.13799 0.04578 0.00063 ( 1)  0.019
 418 Q   0.29834 0.28256 0.23236 0.14414 0.04224 0.00036 ( 1)  0.019
 419 A   0.30919 0.28967 0.22967 0.13297 0.03794 0.00056 ( 1)  0.018
 420 A   0.30864 0.28928 0.22972 0.13345 0.03835 0.00056 ( 1)  0.018
 421 V   0.00304 0.06458 0.22742 0.38191 0.30358 0.01948 ( 4)  0.087
 422 V   0.31116 0.29101 0.22936 0.13115 0.03687 0.00045 ( 1)  0.017
 423 V   0.31122 0.29105 0.22936 0.13110 0.03682 0.00044 ( 1)  0.017
 424 V   0.31072 0.29066 0.22933 0.13160 0.03728 0.00041 ( 1)  0.018
 425 F   0.33072 0.30478 0.22761 0.11363 0.02315 0.00012 ( 1)  0.014
 426 N   0.32591 0.30141 0.22820 0.11841 0.02594 0.00012 ( 1)  0.015
 427 F   0.33250 0.30598 0.22729 0.11203 0.02211 0.00009 ( 1)  0.014
 428 A   0.31217 0.29186 0.22971 0.13055 0.03538 0.00033 ( 1)  0.017
 429 M   0.35395 0.31983 0.22220 0.09228 0.01173 0.00002 ( 1)  0.011
 430 V   0.00304 0.06461 0.22751 0.38203 0.30357 0.01924 ( 4)  0.087
 431 L   0.29019 0.27510 0.22785 0.14760 0.05701 0.00225 ( 1)  0.023
 432 F   0.00272 0.05843 0.21233 0.38085 0.32768 0.01798 ( 4)  0.089
 433 V   0.00339 0.07183 0.25025 0.40483 0.26686 0.00285 ( 4)  0.067
 434 F   0.33166 0.30543 0.22748 0.11280 0.02254 0.00010 ( 1)  0.014
 435 P   0.31430 0.29340 0.22956 0.12849 0.03395 0.00031 ( 1)  0.017
 436 A   0.31271 0.29224 0.22964 0.13006 0.03503 0.00032 ( 1)  0.017
 437 I   0.32251 0.29886 0.22800 0.12099 0.02941 0.00023 ( 1)  0.016
 438 L   0.28536 0.27169 0.22830 0.15202 0.06037 0.00225 ( 1)  0.024
 439 S   0.32566 0.30152 0.22894 0.11866 0.02510 0.00012 ( 1)  0.015
 440 L   0.00320 0.06803 0.23867 0.39650 0.29176 0.00184 ( 4)  0.069
 441 D   0.32517 0.30113 0.22887 0.11906 0.02564 0.00013 ( 1)  0.015
 442 L   0.29954 0.28241 0.22924 0.14108 0.04722 0.00051 ( 1)  0.020
 443 H   0.00353 0.07478 0.25890 0.41057 0.24994 0.00227 ( 4)  0.064
 444 R   0.30680 0.28770 0.22914 0.13495 0.04101 0.00039 ( 1)  0.018
 445 R   0.29591 0.27945 0.22827 0.14319 0.05213 0.00104 ( 1)  0.021
 446 E   0.31738 0.29582 0.23005 0.12633 0.03026 0.00016 ( 1)  0.016
 447 K   0.00001 0.00445 0.06967 0.33219 0.58262 0.01106 ( 5)  0.114
 448 R   0.30669 0.28774 0.22930 0.13455 0.04103 0.00069 ( 1)  0.018
 449 R   0.30475 0.28631 0.22934 0.13640 0.04259 0.00061 ( 1)  0.019
 450 L   0.29110 0.27583 0.22803 0.14703 0.05603 0.00198 ( 1)  0.023
 451 D   0.32604 0.30174 0.22878 0.11830 0.02504 0.00011 ( 1)  0.015
 452 I   0.33021 0.30397 0.22657 0.11413 0.02503 0.00009 ( 1)  0.015
 453 L   0.00355 0.07518 0.25918 0.40830 0.25175 0.00204 ( 4)  0.064
 454 C   0.32008 0.29755 0.22932 0.12360 0.02928 0.00017 ( 1)  0.016
 455 C   0.32198 0.29888 0.22912 0.12192 0.02797 0.00013 ( 1)  0.015
 456 F   0.33244 0.30593 0.22730 0.11208 0.02215 0.00009 ( 1)  0.014
 457 Y   0.00000 0.00145 0.02619 0.17651 0.69936 0.09649 ( 5)  0.208
 458 S   0.32620 0.30190 0.22888 0.11818 0.02473 0.00011 ( 1)  0.015
 459 P   0.31254 0.29216 0.22970 0.12997 0.03524 0.00038 ( 1)  0.017
 460 C   0.32198 0.29888 0.22912 0.12192 0.02797 0.00013 ( 1)  0.015
 461 S   0.00000 0.00000 0.00023 0.01157 0.26042 0.72777 ( 6)  0.767
 462 S   0.00231 0.05010 0.18848 0.36701 0.38007 0.01204 ( 5)  0.090
 463 R   0.30909 0.28934 0.22896 0.13277 0.03942 0.00043 ( 1)  0.018
 464 V   0.31080 0.29076 0.22943 0.13149 0.03707 0.00045 ( 1)  0.018
 465 I   0.32370 0.29968 0.22785 0.11995 0.02862 0.00019 ( 1)  0.015
 466 Q   0.29768 0.28207 0.23234 0.14470 0.04283 0.00039 ( 1)  0.019
 467 I   0.00001 0.00388 0.06100 0.29635 0.58679 0.05197 ( 5)  0.154
 468 -   0.23139 0.22812 0.21657 0.18990 0.13010 0.00391 ( 1)  0.037
 469 -   0.23216 0.22880 0.21695 0.18966 0.12881 0.00362 ( 1)  0.037
 470 -   0.22394 0.22144 0.21253 0.19156 0.14206 0.00847 ( 1)  0.043
 471 -   0.00000 0.00040 0.00762 0.05929 0.35173 0.58096 ( 6)  0.636
 472 -   0.23231 0.22893 0.21703 0.18960 0.12854 0.00359 ( 1)  0.037
 473 -   0.00000 0.00000 0.00000 0.00000 0.00027 0.99973 ( 6)  1.000
 474 -   0.23236 0.22898 0.21706 0.18960 0.12847 0.00353 ( 1)  0.036
 475 -   0.00114 0.02543 0.10755 0.27500 0.52177 0.06912 ( 5)  0.161
 476 -   0.00112 0.02499 0.10585 0.27167 0.52097 0.07540 ( 5)  0.167
 477 -   0.00000 0.00000 0.00041 0.00924 0.14768 0.84266 ( 6)  0.865
 478 -   0.00000 0.00037 0.00713 0.05568 0.33426 0.60255 ( 6)  0.654
 479 -   0.23266 0.22924 0.21721 0.18951 0.12798 0.00341 ( 1)  0.036
 480 -   0.22988 0.22677 0.21579 0.19032 0.13260 0.00465 ( 1)  0.038
 481 -   0.23629 0.23245 0.21896 0.18822 0.12181 0.00227 ( 1)  0.034
 482 -   0.00105 0.02355 0.10021 0.26011 0.51542 0.09966 ( 5)  0.190
 483 -   0.23064 0.22745 0.21618 0.19012 0.13134 0.00427 ( 1)  0.038
 484 -   0.22987 0.22676 0.21579 0.19033 0.13262 0.00462 ( 1)  0.038
 485 -   0.00100 0.02241 0.09567 0.25049 0.50883 0.12160 ( 5)  0.211
 486 -   0.22986 0.22675 0.21577 0.19032 0.13264 0.00466 ( 1)  0.038
 487 -   0.00109 0.02446 0.10381 0.26761 0.51974 0.08328 ( 5)  0.175
 488 -   0.23562 0.23186 0.21864 0.18848 0.12295 0.00244 ( 1)  0.035
 489 -   0.23477 0.23111 0.21825 0.18880 0.12440 0.00266 ( 1)  0.035
 490 -   0.00114 0.02563 0.10833 0.27651 0.52197 0.06642 ( 5)  0.159
 491 -   0.23881 0.23466 0.22011 0.18722 0.11751 0.00169 ( 1)  0.033
 492 -   0.23014 0.22700 0.21593 0.19026 0.13218 0.00450 ( 1)  0.038
 493 -   0.23698 0.23305 0.21928 0.18796 0.12064 0.00209 ( 1)  0.034
 494 -   0.23236 0.22898 0.21706 0.18960 0.12847 0.00353 ( 1)  0.036
 495 -   0.23182 0.22850 0.21678 0.18976 0.12937 0.00376 ( 1)  0.037
 496 -   0.00084 0.01899 0.08186 0.21952 0.47752 0.20127 ( 5)  0.284
 497 -   0.23503 0.23133 0.21836 0.18869 0.12396 0.00264 ( 1)  0.035
 498 -   0.23028 0.22713 0.21600 0.19022 0.13194 0.00444 ( 1)  0.038
 499 -   0.24575 0.24067 0.22305 0.18402 0.10580 0.00071 ( 1)  0.030
 500 -   0.22325 0.22081 0.21214 0.19170 0.14317 0.00893 ( 1)  0.044
 501 -   0.23159 0.22829 0.21666 0.18982 0.12975 0.00387 ( 1)  0.037
 502 -   0.23033 0.22717 0.21602 0.19020 0.13186 0.00442 ( 1)  0.038
 503 -   0.22942 0.22636 0.21555 0.19044 0.13336 0.00487 ( 1)  0.039
 504 -   0.22324 0.22081 0.21214 0.19170 0.14318 0.00893 ( 1)  0.044
 505 -   0.22122 0.21896 0.21091 0.19185 0.14608 0.01097 ( 1)  0.046
 506 -   0.22924 0.22620 0.21546 0.19050 0.13367 0.00494 ( 1)  0.039
 507 -   0.23043 0.22726 0.21608 0.19017 0.13169 0.00437 ( 1)  0.038
 508 -   0.23225 0.22888 0.21700 0.18962 0.12864 0.00361 ( 1)  0.037
 509 -   0.23099 0.22776 0.21636 0.19001 0.13076 0.00412 ( 1)  0.037
 510 -   0.23629 0.23245 0.21896 0.18822 0.12181 0.00227 ( 1)  0.034
 511 -   0.23213 0.22877 0.21694 0.18967 0.12886 0.00363 ( 1)  0.037
 512 -   0.23573 0.23195 0.21869 0.18844 0.12277 0.00241 ( 1)  0.035
 513 -   0.22932 0.22627 0.21550 0.19048 0.13353 0.00491 ( 1)  0.039
 514 -   0.22331 0.22087 0.21218 0.19169 0.14307 0.00888 ( 1)  0.044
 515 -   0.00099 0.02214 0.09459 0.24815 0.50694 0.12720 ( 5)  0.216
 516 -   0.00098 0.02208 0.09438 0.24768 0.50654 0.12833 ( 5)  0.217
 517 -   0.22986 0.22675 0.21577 0.19032 0.13264 0.00466 ( 1)  0.038
 518 -   0.22946 0.22640 0.21557 0.19044 0.13329 0.00484 ( 1)  0.039
 519 -   0.23044 0.22727 0.21608 0.19017 0.13168 0.00436 ( 1)  0.038
 520 -   0.23013 0.22700 0.21592 0.19026 0.13219 0.00450 ( 1)  0.038
 521 -   0.23138 0.22811 0.21657 0.18991 0.13012 0.00391 ( 1)  0.037
 522 -   0.23169 0.22839 0.21672 0.18980 0.12959 0.00381 ( 1)  0.037
 523 -   0.00097 0.02174 0.09302 0.24473 0.50409 0.13545 ( 5)  0.223
 524 -   0.22532 0.22267 0.21330 0.19130 0.13989 0.00752 ( 1)  0.042
 525 -   0.23236 0.22898 0.21706 0.18960 0.12847 0.00353 ( 1)  0.036
 526 -   0.24106 0.23661 0.22109 0.18622 0.11371 0.00132 ( 1)  0.032
 527 -   0.23200 0.22866 0.21687 0.18969 0.12907 0.00372 ( 1)  0.037
 528 -   0.22959 0.22651 0.21563 0.19040 0.13309 0.00478 ( 1)  0.038
 529 -   0.22324 0.22080 0.21214 0.19170 0.14319 0.00893 ( 1)  0.044
 530 -   0.23079 0.22758 0.21626 0.19007 0.13110 0.00420 ( 1)  0.038
 531 -   0.22942 0.22636 0.21555 0.19044 0.13336 0.00487 ( 1)  0.039
 532 -   0.23040 0.22723 0.21606 0.19018 0.13175 0.00438 ( 1)  0.038
 533 -   0.22979 0.22669 0.21574 0.19034 0.13275 0.00469 ( 1)  0.038
 534 -   0.00000 0.00000 0.00020 0.00467 0.08077 0.91436 ( 6)  0.926
 535 -   0.00083 0.01865 0.08046 0.21618 0.47288 0.21099 ( 5)  0.293
 536 -   0.23640 0.23254 0.21901 0.18819 0.12163 0.00223 ( 1)  0.034
 537 -   0.00111 0.02477 0.10499 0.26996 0.52051 0.07867 ( 5)  0.170
 538 -   0.00092 0.02077 0.08908 0.23592 0.49535 0.15797 ( 5)  0.244
 539 -   0.00109 0.02450 0.10394 0.26788 0.51983 0.08276 ( 5)  0.174
 540 -   0.23243 0.22904 0.21709 0.18958 0.12836 0.00349 ( 1)  0.036
 541 -   0.22324 0.22081 0.21214 0.19170 0.14318 0.00893 ( 1)  0.044
 542 -   0.23424 0.23065 0.21799 0.18899 0.12530 0.00282 ( 1)  0.035
 543 -   0.23059 0.22740 0.21616 0.19013 0.13143 0.00429 ( 1)  0.038
 544 -   0.23236 0.22898 0.21706 0.18960 0.12847 0.00353 ( 1)  0.036
 545 -   0.23424 0.23065 0.21799 0.18899 0.12530 0.00282 ( 1)  0.035
 546 -   0.00000 0.00041 0.00784 0.06086 0.35933 0.57156 ( 6)  0.627
 547 -   0.23424 0.23065 0.21799 0.18899 0.12530 0.00282 ( 1)  0.035
 548 -   0.22680 0.22401 0.21413 0.19104 0.13758 0.00644 ( 1)  0.041
 549 -   0.22935 0.22630 0.21551 0.19047 0.13348 0.00489 ( 1)  0.039
 550 -   0.23164 0.22834 0.21670 0.18983 0.12969 0.00380 ( 1)  0.037
 551 -   0.23658 0.23270 0.21910 0.18813 0.12133 0.00217 ( 1)  0.034
 552 -   0.22183 0.21952 0.21129 0.19181 0.14522 0.01033 ( 1)  0.046
 553 -   0.23246 0.22906 0.21710 0.18956 0.12831 0.00352 ( 1)  0.036
 554 -   0.23020 0.22706 0.21595 0.19023 0.13207 0.00449 ( 1)  0.038
 555 -   0.22393 0.22142 0.21252 0.19157 0.14210 0.00845 ( 1)  0.043
 556 -   0.23652 0.23265 0.21907 0.18814 0.12142 0.00220 ( 1)  0.034
 557 -   0.00089 0.02009 0.08634 0.22968 0.48847 0.17453 ( 5)  0.259
 558 -   0.23424 0.23065 0.21799 0.18899 0.12530 0.00282 ( 1)  0.035
 559 -   0.00000 0.00039 0.00750 0.05837 0.34707 0.58667 ( 6)  0.641
 560 -   0.00000 0.00000 0.00001 0.00048 0.02263 0.97688 ( 6)  0.980
 561 -   0.00000 0.00001 0.00070 0.01528 0.22887 0.75515 ( 6)  0.789
 562 -   0.23693 0.23301 0.21926 0.18798 0.12072 0.00210 ( 1)  0.034
 563 -   0.23256 0.22915 0.21715 0.18954 0.12814 0.00346 ( 1)  0.036
 564 -   0.23218 0.22882 0.21696 0.18964 0.12876 0.00364 ( 1)  0.037
 565 -   0.00104 0.02330 0.09921 0.25812 0.51473 0.10360 ( 5)  0.194
 566 -   0.00000 0.00036 0.00692 0.05407 0.32527 0.61337 ( 6)  0.664
 567 -   0.22977 0.22667 0.21573 0.19036 0.13279 0.00467 ( 1)  0.038
 568 -   0.23468 0.23103 0.21819 0.18881 0.12454 0.00273 ( 1)  0.035
 569 -   0.00100 0.02243 0.09574 0.25062 0.50879 0.12142 ( 5)  0.210
 570 -   0.00000 0.00044 0.00843 0.06520 0.38068 0.54525 ( 6)  0.605
 571 -   0.22375 0.22126 0.21244 0.19164 0.14242 0.00849 ( 1)  0.043
 572 -   0.23028 0.22713 0.21600 0.19022 0.13194 0.00444 ( 1)  0.038
 573 -   0.23023 0.22708 0.21597 0.19022 0.13202 0.00447 ( 1)  0.038
 574 -   0.22576 0.22307 0.21354 0.19123 0.13921 0.00720 ( 1)  0.042
 575 -   0.00105 0.02358 0.10032 0.26028 0.51520 0.09957 ( 5)  0.190
 576 -   0.23878 0.23463 0.22010 0.18723 0.11757 0.00170 ( 1)  0.033
 577 -   0.23017 0.22703 0.21594 0.19025 0.13212 0.00448 ( 1)  0.038
 578 -   0.23234 0.22896 0.21705 0.18960 0.12850 0.00355 ( 1)  0.037
 579 -   0.23189 0.22856 0.21683 0.18975 0.12926 0.00370 ( 1)  0.037
 580 -   0.23710 0.23316 0.21934 0.18792 0.12043 0.00204 ( 1)  0.034
 581 -   0.23235 0.22897 0.21704 0.18959 0.12848 0.00357 ( 1)  0.037
 582 -   0.23175 0.22843 0.21675 0.18979 0.12950 0.00379 ( 1)  0.037
 583 -   0.23044 0.22727 0.21608 0.19017 0.13167 0.00436 ( 1)  0.038
 584 L   0.00001 0.00436 0.06755 0.31742 0.57665 0.03401 ( 5)  0.136
 585 L   0.30121 0.28322 0.22808 0.13909 0.04753 0.00085 ( 1)  0.020
 586 L   0.28595 0.27217 0.22842 0.15164 0.05972 0.00209 ( 1)  0.023
 587 R   0.00259 0.05552 0.20118 0.36572 0.36261 0.01238 ( 4)  0.088
 588 T   0.00233 0.05036 0.18918 0.36683 0.37772 0.01358 ( 5)  0.091
 589 R   0.00001 0.00279 0.04530 0.24042 0.61800 0.09348 ( 5)  0.197
 590 T   0.00318 0.06766 0.23922 0.40056 0.28516 0.00421 ( 4)  0.070
 591 K   0.31722 0.29561 0.22984 0.12642 0.03073 0.00018 ( 1)  0.016
 592 V   0.00000 0.00000 0.00016 0.00712 0.13386 0.85886 ( 6)  0.879
 593 V   0.30800 0.28864 0.22924 0.13374 0.03973 0.00066 ( 1)  0.018
 594 V   0.31053 0.29054 0.22935 0.13165 0.03743 0.00050 ( 1)  0.018
 595 V   0.00306 0.06526 0.23305 0.39863 0.29515 0.00485 ( 4)  0.072
 596 V   0.00000 0.00207 0.03521 0.20675 0.64018 0.11579 ( 5)  0.221
 597 L   0.29810 0.28127 0.22901 0.14216 0.04875 0.00071 ( 1)  0.020
 598 F   0.32991 0.30420 0.22764 0.11431 0.02379 0.00015 ( 1)  0.014
 599 L   0.28363 0.27030 0.22789 0.15304 0.06227 0.00286 ( 1)  0.025
 600 A   0.00000 0.00003 0.00203 0.03514 0.31345 0.64935 ( 6)  0.697
 601 L   0.28449 0.27104 0.22826 0.15272 0.06125 0.00225 ( 1)  0.024
 602 L   0.29807 0.28124 0.22899 0.14217 0.04881 0.00071 ( 1)  0.020
 603 G   0.30447 0.28624 0.22978 0.13695 0.04189 0.00067 ( 1)  0.019
 604 L   0.29617 0.27981 0.22886 0.14362 0.05063 0.00091 ( 1)  0.021
 605 S   0.32308 0.29971 0.22917 0.12092 0.02692 0.00020 ( 1)  0.015
 606 L   0.30254 0.28424 0.22821 0.13812 0.04620 0.00070 ( 1)  0.019
 607 Y   0.31261 0.29208 0.22949 0.13040 0.03514 0.00027 ( 1)  0.017
 608 G   0.30461 0.28645 0.23008 0.13694 0.04114 0.00078 ( 1)  0.019
 609 T   0.31028 0.29038 0.22943 0.13197 0.03745 0.00049 ( 1)  0.018
 610 T   0.30887 0.28933 0.22939 0.13309 0.03871 0.00062 ( 1)  0.018
 611 M   0.00000 0.00106 0.01805 0.11037 0.44405 0.42647 ( 5)  0.497
 612 V   0.30834 0.28890 0.22925 0.13341 0.03944 0.00065 ( 1)  0.018
 613 H   0.00242 0.05191 0.18999 0.35398 0.37770 0.02401 ( 5)  0.101
 614 D   0.32495 0.30093 0.22875 0.11918 0.02603 0.00016 ( 1)  0.015
 615 G   0.30499 0.28673 0.23008 0.13661 0.04082 0.00078 ( 1)  0.019
 616 L   0.28866 0.27387 0.22751 0.14851 0.05867 0.00278 ( 1)  0.024
 617 Y   0.00268 0.05765 0.21211 0.38851 0.33274 0.00633 ( 4)  0.078
 618 L   0.29615 0.27979 0.22886 0.14364 0.05065 0.00091 ( 1)  0.021
 619 T   0.30876 0.28931 0.22954 0.13324 0.03857 0.00057 ( 1)  0.018
 620 D   0.32286 0.29951 0.22907 0.12107 0.02729 0.00020 ( 1)  0.015
 621 I   0.32177 0.29829 0.22790 0.12153 0.03022 0.00030 ( 1)  0.016
 622 V   0.30898 0.28938 0.22928 0.13291 0.03886 0.00059 ( 1)  0.018
 623 P   0.31020 0.29044 0.22965 0.13178 0.03737 0.00055 ( 1)  0.018
 624 R   0.29509 0.27881 0.22816 0.14376 0.05301 0.00117 ( 1)  0.021
 625 D   0.00001 0.00341 0.05427 0.27300 0.58876 0.08056 ( 5)  0.182
 626 T   0.30900 0.28949 0.22957 0.13306 0.03829 0.00058 ( 1)  0.018
 627 K   0.00249 0.05363 0.19698 0.36603 0.36065 0.02023 ( 4)  0.095
 628 A   0.00233 0.05037 0.18923 0.36714 0.37672 0.01421 ( 5)  0.091
 629 H   0.00343 0.07279 0.25349 0.40793 0.25901 0.00335 ( 4)  0.066
 630 A   0.00247 0.05325 0.19745 0.37215 0.36251 0.01217 ( 4)  0.088
 631 F   0.32986 0.30417 0.22764 0.11434 0.02382 0.00015 ( 1)  0.014
 632 I   0.32140 0.29805 0.22799 0.12188 0.03039 0.00030 ( 1)  0.016
 633 S   0.00220 0.04788 0.18148 0.35969 0.39005 0.01871 ( 5)  0.097
 634 A   0.30874 0.28936 0.22973 0.13338 0.03822 0.00056 ( 1)  0.018
 635 Q   0.29582 0.28064 0.23216 0.14618 0.04466 0.00054 ( 1)  0.019
 636 F   0.32837 0.30317 0.22789 0.11567 0.02471 0.00019 ( 1)  0.015
 637 K   0.31502 0.29402 0.22990 0.12829 0.03250 0.00026 ( 1)  0.017
 638 Y   0.31034 0.29046 0.22963 0.13236 0.03687 0.00034 ( 1)  0.017
 639 F   0.32968 0.30405 0.22767 0.11450 0.02394 0.00016 ( 1)  0.014
 640 S   0.30408 0.28589 0.22954 0.13702 0.04264 0.00083 ( 1)  0.019
 641 F   0.32840 0.30318 0.22789 0.11565 0.02470 0.00019 ( 1)  0.015
 642 Y   0.31034 0.29046 0.22963 0.13236 0.03687 0.00034 ( 1)  0.017
 643 N   0.32298 0.29938 0.22853 0.12098 0.02794 0.00020 ( 1)  0.015
 644 M   0.35450 0.32017 0.22203 0.09178 0.01151 0.00002 ( 1)  0.011
 645 F   0.00281 0.06033 0.21859 0.38869 0.32299 0.00659 ( 4)  0.077
 646 I   0.32543 0.30087 0.22764 0.11844 0.02746 0.00016 ( 1)  0.015
 647 V   0.31128 0.29112 0.22944 0.13111 0.03665 0.00041 ( 1)  0.017
 648 T   0.31222 0.29185 0.22957 0.13043 0.03558 0.00035 ( 1)  0.017
 649 K   0.00233 0.05062 0.19183 0.37537 0.36599 0.01386 ( 4)  0.090
 650 G   0.00001 0.00322 0.05350 0.28987 0.63882 0.01459 ( 5)  0.124
 651 G   0.00000 0.00208 0.03518 0.20460 0.61696 0.14118 ( 5)  0.243
 652 H   0.00286 0.06138 0.22233 0.39300 0.31550 0.00493 ( 4)  0.075
 653 Y   0.31498 0.29383 0.22955 0.12847 0.03301 0.00016 ( 1)  0.017
 654 P   0.31262 0.29224 0.22974 0.12987 0.03519 0.00034 ( 1)  0.017
 655 G   0.00001 0.00488 0.07570 0.35203 0.56141 0.00597 ( 5)  0.107
 656 A   0.00314 0.06690 0.23710 0.39930 0.28879 0.00476 ( 4)  0.071
 657 Q   0.29808 0.28238 0.23237 0.14438 0.04244 0.00036 ( 1)  0.019
 658 A   0.00000 0.00000 0.00014 0.00764 0.22518 0.76704 ( 6)  0.800
 659 A   0.00000 0.00207 0.03578 0.21561 0.65785 0.08869 ( 5)  0.197
 660 L   0.30094 0.28345 0.22930 0.14004 0.04583 0.00045 ( 1)  0.019
 661 L   0.00001 0.00259 0.04370 0.24924 0.66946 0.03500 ( 5)  0.146
 662 S   0.00000 0.00223 0.04002 0.25077 0.68741 0.01956 ( 5)  0.134
 663 L   0.30114 0.28360 0.22932 0.13988 0.04562 0.00043 ( 1)  0.019
 664 H   0.32669 0.30209 0.22839 0.11750 0.02521 0.00011 ( 1)  0.015
 665 Q   0.00000 0.00005 0.00340 0.05759 0.46621 0.47276 ( 6)  0.544
 666 A   0.00001 0.00289 0.04844 0.27042 0.66062 0.01762 ( 5)  0.129
 667 F   0.33123 0.30513 0.22754 0.11318 0.02281 0.00010 ( 1)  0.014
 668 S   0.32585 0.30165 0.22892 0.11850 0.02497 0.00012 ( 1)  0.015
 669 T   0.00258 0.05563 0.20570 0.38271 0.34744 0.00595 ( 4)  0.080
 670 V   0.31128 0.29112 0.22944 0.13111 0.03665 0.00041 ( 1)  0.017
 671 K   0.00000 0.00007 0.00513 0.08646 0.66383 0.24451 ( 5)  0.346
 672 Y   0.31426 0.29331 0.22956 0.12907 0.03361 0.00018 ( 1)  0.017
 673 V   0.00306 0.06510 0.22895 0.38330 0.30190 0.01769 ( 4)  0.085
 674 V   0.00210 0.04567 0.17472 0.35321 0.39853 0.02578 ( 5)  0.105
 675 R   0.00145 0.03217 0.13123 0.30828 0.47977 0.04709 ( 5)  0.135
 676 E   0.31791 0.29620 0.23003 0.12587 0.02984 0.00014 ( 1)  0.016
 677 G   0.00001 0.00310 0.05064 0.26725 0.61677 0.06222 ( 5)  0.167
 678 N   0.00001 0.00507 0.07720 0.34640 0.54900 0.02232 ( 5)  0.122
 679 R   0.00000 0.00215 0.03446 0.17774 0.45713 0.32852 ( 5)  0.405
 680 D   0.00000 0.00236 0.03999 0.23193 0.65708 0.06864 ( 5)  0.177
 681 L   0.30022 0.28293 0.22932 0.14064 0.04641 0.00048 ( 1)  0.019
 682 P   0.31285 0.29236 0.22964 0.12974 0.03505 0.00037 ( 1)  0.017
 683 K   0.00344 0.07276 0.25136 0.40058 0.26576 0.00611 ( 4)  0.070
 684 M   0.00529 0.10853 0.33586 0.40653 0.14287 0.00093 ( 4)  0.048
 685 W   0.30220 0.28580 0.23352 0.14158 0.03677 0.00013 ( 1)  0.018
 686 L   0.29463 0.27864 0.22873 0.14472 0.05224 0.00104 ( 1)  0.021
 687 H   0.00001 0.00451 0.06830 0.30529 0.53714 0.08475 ( 5)  0.180
 688 Y   0.00315 0.06700 0.23510 0.39142 0.29382 0.00951 ( 4)  0.077
 689 F   0.33546 0.30798 0.22683 0.10940 0.02028 0.00005 ( 1)  0.014
 690 Q   0.00228 0.04961 0.18855 0.37198 0.36959 0.01798 ( 4)  0.094
 691 D   0.32561 0.30144 0.22883 0.11868 0.02533 0.00012 ( 1)  0.015
 692 W   0.30040 0.28444 0.23345 0.14313 0.03840 0.00018 ( 1)  0.018
 693 L   0.28575 0.27201 0.22839 0.15179 0.05994 0.00212 ( 1)  0.023
 694 R   0.00248 0.05375 0.20172 0.38546 0.34902 0.00757 ( 4)  0.082
 695 G   0.30590 0.28733 0.22990 0.13589 0.04049 0.00050 ( 1)  0.018
 696 L   0.30554 0.28651 0.22845 0.13587 0.04321 0.00042 ( 1)  0.019
 697 Q   0.29808 0.28238 0.23237 0.14437 0.04243 0.00036 ( 1)  0.019
 698 A   0.00001 0.00273 0.04493 0.24382 0.63616 0.07235 ( 5)  0.179
 699 T   0.00315 0.06704 0.23760 0.40001 0.28765 0.00456 ( 4)  0.071
 700 F   0.33306 0.30635 0.22721 0.11154 0.02175 0.00008 ( 1)  0.014
 701 D   0.32561 0.30144 0.22883 0.11868 0.02533 0.00012 ( 1)  0.015
 702 R   0.00313 0.06676 0.23623 0.39807 0.29247 0.00332 ( 4)  0.070
 703 D   0.32571 0.30151 0.22882 0.11859 0.02526 0.00011 ( 1)  0.015
 704 W   0.30040 0.28444 0.23345 0.14313 0.03840 0.00018 ( 1)  0.018
 705 Q   0.00268 0.05768 0.21199 0.38816 0.33357 0.00592 ( 4)  0.078
 706 A   0.00001 0.00370 0.05857 0.28989 0.59431 0.05352 ( 5)  0.156
 707 G   0.30722 0.28831 0.22994 0.13480 0.03932 0.00042 ( 1)  0.018
 708 R   0.00259 0.05547 0.20104 0.36559 0.36303 0.01229 ( 4)  0.088
 709 I   0.32253 0.29887 0.22800 0.12098 0.02940 0.00023 ( 1)  0.016
 710 T   0.31304 0.29242 0.22947 0.12973 0.03503 0.00030 ( 1)  0.017
 711 H   0.00001 0.00418 0.06533 0.31183 0.57374 0.04491 ( 5)  0.146
 712 D   0.00001 0.00490 0.07500 0.34005 0.55340 0.02663 ( 5)  0.126
 713 S   0.00000 0.00000 0.00000 0.00034 0.01515 0.98451 ( 6)  0.987
 714 Y   0.31427 0.29334 0.22964 0.12911 0.03348 0.00017 ( 1)  0.017
 715 R   0.00261 0.05598 0.20260 0.36710 0.36048 0.01123 ( 4)  0.086
 716 N   0.32777 0.30267 0.22794 0.11676 0.02477 0.00009 ( 1)  0.015
 717 G   0.30827 0.28899 0.22971 0.13390 0.03869 0.00045 ( 1)  0.018
 718 S   0.31188 0.29150 0.22931 0.13068 0.03635 0.00029 ( 1)  0.017
 719 E   0.00333 0.07063 0.24729 0.40482 0.27154 0.00240 ( 4)  0.067
 720 D   0.32789 0.30298 0.22844 0.11660 0.02400 0.00009 ( 1)  0.015
 721 G   0.00236 0.05120 0.19220 0.37113 0.37211 0.01099 ( 5)  0.088
 722 A   0.00322 0.06858 0.24179 0.40199 0.28072 0.00369 ( 4)  0.069
 723 L   0.28724 0.27324 0.22882 0.15095 0.05819 0.00155 ( 1)  0.023
 724 A   0.31285 0.29238 0.22974 0.13000 0.03474 0.00029 ( 1)  0.017
 725 Y   0.31301 0.29243 0.22965 0.13016 0.03454 0.00021 ( 1)  0.017
 726 K   0.31853 0.29654 0.22975 0.12528 0.02976 0.00014 ( 1)  0.016
 727 L   0.30378 0.28521 0.22842 0.13726 0.04479 0.00053 ( 1)  0.019
 728 L   0.29237 0.27687 0.22837 0.14625 0.05467 0.00146 ( 1)  0.022
 729 I   0.00319 0.06800 0.23988 0.39999 0.28439 0.00455 ( 4)  0.071
 730 Q   0.29876 0.28288 0.23240 0.14380 0.04183 0.00033 ( 1)  0.019
 731 T   0.31246 0.29203 0.22957 0.13024 0.03537 0.00034 ( 1)  0.017
 732 G   0.30848 0.28918 0.22980 0.13378 0.03836 0.00040 ( 1)  0.018
 733 N   0.32566 0.30126 0.22830 0.11866 0.02600 0.00012 ( 1)  0.015
 734 K   0.00000 0.00000 0.00000 0.00044 0.02705 0.97250 ( 6)  0.976
 735 K   0.00001 0.00268 0.04504 0.25479 0.66475 0.03274 ( 5)  0.144
 736 E   0.00345 0.07322 0.25530 0.41083 0.25506 0.00214 ( 4)  0.065
 737 P   0.31245 0.29209 0.22971 0.13011 0.03526 0.00037 ( 1)  0.017
 738 F   0.00001 0.00305 0.04893 0.25294 0.61545 0.07963 ( 5)  0.183
 739 N   0.00376 0.07923 0.27022 0.41335 0.23175 0.00169 ( 4)  0.061
 740 F   0.00001 0.00287 0.04629 0.24223 0.60853 0.10007 ( 5)  0.202
 741 N   0.00380 0.08018 0.27262 0.41380 0.22795 0.00165 ( 4)  0.061
 742 Q   0.29808 0.28238 0.23237 0.14438 0.04244 0.00036 ( 1)  0.019
 743 L   0.28872 0.27442 0.22910 0.14997 0.05654 0.00125 ( 1)  0.022
 744 T   0.31298 0.29237 0.22947 0.12979 0.03508 0.00030 ( 1)  0.017
 745 T   0.00243 0.05260 0.19643 0.37486 0.36504 0.00864 ( 4)  0.085
 746 R   0.00250 0.05409 0.20246 0.38485 0.34771 0.00838 ( 4)  0.082
 747 R   0.30404 0.28595 0.22988 0.13751 0.04220 0.00040 ( 1)  0.019
 748 L   0.28575 0.27201 0.22839 0.15179 0.05994 0.00212 ( 1)  0.023
 749 V   0.31071 0.29066 0.22934 0.13161 0.03728 0.00041 ( 1)  0.018
 750 D   0.32774 0.30287 0.22846 0.11673 0.02411 0.00009 ( 1)  0.015
 751 E   0.00236 0.05111 0.19167 0.36997 0.37307 0.01182 ( 5)  0.089
 752 N   0.00385 0.08111 0.27496 0.41443 0.22429 0.00136 ( 4)  0.060
 753 G   0.30718 0.28838 0.23022 0.13494 0.03878 0.00050 ( 1)  0.018
 754 I   0.32246 0.29882 0.22801 0.12104 0.02945 0.00023 ( 1)  0.016
 755 I   0.32423 0.30005 0.22782 0.11951 0.02822 0.00017 ( 1)  0.015
 756 P   0.00000 0.00185 0.03260 0.20691 0.71044 0.04820 ( 5)  0.163
 757 P   0.31297 0.29249 0.22974 0.12964 0.03482 0.00034 ( 1)  0.017
 758 D   0.00000 0.00016 0.01086 0.14445 0.66540 0.17914 ( 5)  0.284
 759 T   0.00319 0.06798 0.24013 0.40115 0.28365 0.00391 ( 4)  0.070
 760 F   0.33352 0.30669 0.22721 0.11116 0.02136 0.00007 ( 1)  0.014
 761 Y   0.00001 0.00336 0.05280 0.26034 0.56591 0.11759 ( 5)  0.215
 762 I   0.00353 0.07425 0.25276 0.39260 0.26708 0.00978 ( 4)  0.073
 763 C   0.00347 0.07365 0.25634 0.41116 0.25354 0.00183 ( 4)  0.064
 764 L   0.28766 0.27353 0.22878 0.15058 0.05782 0.00163 ( 1)  0.023
 765 T   0.31171 0.29149 0.22959 0.13087 0.03599 0.00035 ( 1)  0.017
 766 V   0.00313 0.06665 0.23646 0.39907 0.28968 0.00503 ( 4)  0.072
 767 W   0.30040 0.28444 0.23345 0.14313 0.03840 0.00018 ( 1)  0.018
 768 A   0.00321 0.06839 0.24123 0.40161 0.28181 0.00373 ( 4)  0.070
 769 S   0.32581 0.30163 0.22893 0.11853 0.02499 0.00012 ( 1)  0.015
 770 N   0.32729 0.30237 0.22806 0.11721 0.02498 0.00009 ( 1)  0.015
 771 D   0.32561 0.30144 0.22883 0.11868 0.02533 0.00012 ( 1)  0.015
 772 P   0.31425 0.29339 0.22963 0.12858 0.03386 0.00029 ( 1)  0.017
 773 L   0.00228 0.04949 0.18704 0.36677 0.38121 0.01321 ( 5)  0.091
 774 G   0.00230 0.04990 0.18808 0.36701 0.37874 0.01397 ( 5)  0.091
 775 F   0.00281 0.06030 0.21852 0.38870 0.32314 0.00652 ( 4)  0.077
 776 A   0.31270 0.29226 0.22971 0.13011 0.03491 0.00030 ( 1)  0.017
 777 A   0.31094 0.29098 0.22977 0.13161 0.03632 0.00038 ( 1)  0.017
 778 S   0.30706 0.28813 0.22972 0.13471 0.03986 0.00052 ( 1)  0.018
 779 Q   0.29865 0.28280 0.23238 0.14388 0.04194 0.00034 ( 1)  0.019
 780 A   0.31096 0.29100 0.22977 0.13159 0.03630 0.00038 ( 1)  0.017
 781 N   0.32566 0.30126 0.22830 0.11866 0.02600 0.00012 ( 1)  0.015
 782 F   0.00282 0.06032 0.21698 0.38249 0.32948 0.00791 ( 4)  0.079
 783 Y   0.00001 0.00408 0.06482 0.31960 0.59503 0.01646 ( 5)  0.121
 784 P   0.31335 0.29278 0.22978 0.12936 0.03443 0.00031 ( 1)  0.017
 785 P   0.00231 0.05012 0.18873 0.36807 0.38163 0.00914 ( 5)  0.087
 786 P   0.00000 0.00192 0.03266 0.19162 0.60835 0.16545 ( 5)  0.265
 787 P   0.31252 0.29217 0.22978 0.13004 0.03513 0.00035 ( 1)  0.017
 788 E   0.31731 0.29577 0.23009 0.12642 0.03025 0.00015 ( 1)  0.016
 789 W   0.30040 0.28444 0.23345 0.14313 0.03840 0.00018 ( 1)  0.018
 790 I   0.00324 0.06893 0.24231 0.40067 0.28024 0.00460 ( 4)  0.070
 791 H   0.32868 0.30341 0.22803 0.11569 0.02410 0.00009 ( 1)  0.015
 792 D   0.32561 0.30144 0.22883 0.11868 0.02533 0.00012 ( 1)  0.015
 793 K   0.31848 0.29651 0.22975 0.12532 0.02980 0.00015 ( 1)  0.016
 794 Y   0.00000 0.00145 0.02633 0.17746 0.70326 0.09149 ( 5)  0.204
 795 D   0.32562 0.30145 0.22883 0.11867 0.02532 0.00012 ( 1)  0.015
 796 T   0.00000 0.00169 0.03024 0.19701 0.70629 0.06476 ( 5)  0.179
 797 T   0.00395 0.08302 0.27902 0.41375 0.21965 0.00061 ( 4)  0.059
 798 G   0.00000 0.00168 0.02975 0.19144 0.69710 0.08003 ( 5)  0.192
 799 E   0.31789 0.29618 0.23003 0.12590 0.02986 0.00014 ( 1)  0.016
 800 N   0.00219 0.04768 0.18146 0.36173 0.39212 0.01482 ( 5)  0.094
 801 -   0.23049 0.22730 0.21607 0.19008 0.13153 0.00453 ( 1)  0.038
 802 L   0.28582 0.27207 0.22841 0.15175 0.05986 0.00210 ( 1)  0.023
 803 R   0.30430 0.28604 0.22953 0.13691 0.04266 0.00056 ( 1)  0.019
 804 I   0.32433 0.30013 0.22781 0.11942 0.02814 0.00017 ( 1)  0.015
 805 P   0.31294 0.29246 0.22970 0.12957 0.03499 0.00034 ( 1)  0.017
 806 A   0.00298 0.06352 0.22494 0.38188 0.30584 0.02083 ( 4)  0.089
 807 A   0.31226 0.29195 0.22979 0.13053 0.03517 0.00030 ( 1)  0.017
 808 Q   0.00265 0.05710 0.21025 0.38683 0.33668 0.00648 ( 4)  0.079
 809 P   0.31235 0.29205 0.22978 0.13018 0.03528 0.00037 ( 1)  0.017
 810 L   0.00237 0.05158 0.19560 0.38126 0.36491 0.00428 ( 4)  0.080
 811 E   0.31789 0.29618 0.23003 0.12590 0.02986 0.00014 ( 1)  0.016
 812 F   0.00282 0.06046 0.21897 0.38899 0.32235 0.00641 ( 4)  0.077
 813 A   0.31328 0.29265 0.22964 0.12959 0.03454 0.00029 ( 1)  0.017
 814 Q   0.29819 0.28246 0.23238 0.14428 0.04233 0.00036 ( 1)  0.019
 815 F   0.33297 0.30630 0.22723 0.11161 0.02181 0.00008 ( 1)  0.014
 816 P   0.31479 0.29376 0.22956 0.12809 0.03353 0.00028 ( 1)  0.017
 817 F   0.33123 0.30513 0.22754 0.11318 0.02281 0.00010 ( 1)  0.014
 818 Y   0.31299 0.29241 0.22965 0.13017 0.03456 0.00021 ( 1)  0.017
 819 L   0.29915 0.28211 0.22922 0.14145 0.04751 0.00056 ( 1)  0.020
 820 S   0.00384 0.08097 0.27478 0.41484 0.22424 0.00132 ( 4)  0.060
 821 G   0.30580 0.28725 0.22990 0.13596 0.04058 0.00051 ( 1)  0.018
 822 L   0.28864 0.27436 0.22909 0.15002 0.05663 0.00127 ( 1)  0.022
 823 R   0.00281 0.05991 0.21384 0.37288 0.32923 0.02133 ( 4)  0.092
 824 R   0.00001 0.00305 0.05018 0.27087 0.64738 0.02851 ( 5)  0.138
 825 T   0.31315 0.29256 0.22963 0.12967 0.03470 0.00029 ( 1)  0.017
 826 S   0.00301 0.06398 0.22564 0.38120 0.30909 0.01708 ( 4)  0.086
 827 D   0.32561 0.30144 0.22883 0.11868 0.02533 0.00012 ( 1)  0.015
 828 F   0.33306 0.30635 0.22721 0.11154 0.02175 0.00008 ( 1)  0.014
 829 V   0.31086 0.29077 0.22934 0.13149 0.03714 0.00040 ( 1)  0.017
 830 E   0.31735 0.29581 0.23010 0.12638 0.03022 0.00015 ( 1)  0.016
 831 A   0.31267 0.29225 0.22977 0.13018 0.03484 0.00029 ( 1)  0.017
 832 I   0.32372 0.29967 0.22778 0.11990 0.02873 0.00021 ( 1)  0.015
 833 E   0.31709 0.29562 0.23011 0.12661 0.03042 0.00016 ( 1)  0.016
 834 S   0.00001 0.00433 0.06800 0.32690 0.58839 0.01237 ( 5)  0.116
 835 V   0.31071 0.29066 0.22934 0.13161 0.03728 0.00041 ( 1)  0.018
 836 R   0.30488 0.28641 0.22935 0.13630 0.04246 0.00059 ( 1)  0.019
 837 A   0.00305 0.06483 0.22868 0.38462 0.30111 0.01771 ( 4)  0.085
 838 I   0.32246 0.29882 0.22801 0.12104 0.02945 0.00023 ( 1)  0.016
 839 C   0.32242 0.29919 0.22909 0.12154 0.02764 0.00012 ( 1)  0.015
 840 Q   0.00000 0.00000 0.00000 0.00000 0.00028 0.99972 ( 6)  1.000
 841 E   0.00001 0.00450 0.07039 0.33475 0.58070 0.00964 ( 5)  0.113
 842 A   0.00000 0.00003 0.00252 0.04874 0.52439 0.42432 ( 5)  0.504
 843 A   0.00001 0.00347 0.05534 0.27790 0.59219 0.07110 ( 5)  0.173
 844 Q   0.00000 0.00005 0.00432 0.07944 0.70754 0.20864 ( 5)  0.316
 845 H   0.00165 0.03631 0.14309 0.31410 0.44843 0.05643 ( 5)  0.141
 846 G   0.30856 0.28941 0.23026 0.13380 0.03756 0.00041 ( 1)  0.018
 847 V   0.00311 0.06638 0.23634 0.40110 0.28941 0.00366 ( 4)  0.071
 848 L   0.00000 0.00003 0.00223 0.04508 0.45825 0.49441 ( 6)  0.564
 849 S   0.32581 0.30163 0.22893 0.11853 0.02499 0.00012 ( 1)  0.015
 850 Y   0.31299 0.29241 0.22965 0.13017 0.03456 0.00021 ( 1)  0.017
 851 P   0.31353 0.29286 0.22964 0.12918 0.03447 0.00033 ( 1)  0.017
 852 S   0.00386 0.08133 0.27561 0.41482 0.22303 0.00134 ( 4)  0.060
 853 G   0.31254 0.29214 0.22978 0.13042 0.03491 0.00021 ( 1)  0.017
 854 Y   0.00315 0.06686 0.23467 0.39095 0.29421 0.01016 ( 4)  0.077
 855 P   0.00310 0.06600 0.23198 0.38596 0.29635 0.01661 ( 4)  0.084
 856 F   0.33541 0.30794 0.22684 0.10945 0.02032 0.00005 ( 1)  0.014
 857 L   0.00241 0.05173 0.18795 0.34475 0.35538 0.05778 ( 5)  0.131
 858 F   0.33201 0.30566 0.22743 0.11250 0.02232 0.00009 ( 1)  0.014
 859 W   0.30040 0.28444 0.23345 0.14313 0.03840 0.00018 ( 1)  0.018
 860 E   0.31708 0.29561 0.23011 0.12662 0.03043 0.00016 ( 1)  0.016
 861 Q   0.29808 0.28238 0.23237 0.14438 0.04244 0.00036 ( 1)  0.019
 862 Y   0.31316 0.29253 0.22965 0.13004 0.03442 0.00021 ( 1)  0.017
 863 I   0.32433 0.30013 0.22781 0.11942 0.02814 0.00017 ( 1)  0.015
 864 G   0.30771 0.28879 0.23025 0.13451 0.03829 0.00046 ( 1)  0.018
 865 L   0.30127 0.28370 0.22933 0.13978 0.04549 0.00042 ( 1)  0.019
 866 R   0.30535 0.28681 0.22957 0.13619 0.04167 0.00040 ( 1)  0.018
 867 H   0.32669 0.30209 0.22839 0.11750 0.02521 0.00011 ( 1)  0.015
 868 W   0.30040 0.28444 0.23345 0.14313 0.03840 0.00018 ( 1)  0.018
 869 F   0.00336 0.07123 0.24849 0.40313 0.26959 0.00420 ( 4)  0.068
 870 L   0.29927 0.28220 0.22923 0.14136 0.04739 0.00055 ( 1)  0.020
 871 L   0.28681 0.27291 0.22877 0.15127 0.05865 0.00160 ( 1)  0.023
 872 A   0.00232 0.05017 0.18861 0.36660 0.37923 0.01308 ( 5)  0.091
 873 I   0.32429 0.30010 0.22781 0.11945 0.02817 0.00017 ( 1)  0.015
 874 S   0.32635 0.30200 0.22887 0.11805 0.02463 0.00011 ( 1)  0.015
 875 I   0.00302 0.06449 0.23090 0.39748 0.29877 0.00534 ( 4)  0.073
 876 L   0.00228 0.04955 0.18719 0.36736 0.38273 0.01089 ( 5)  0.089
 877 L   0.28813 0.27396 0.22903 0.15041 0.05717 0.00131 ( 1)  0.022
 878 A   0.31290 0.29240 0.22971 0.12995 0.03474 0.00029 ( 1)  0.017
 879 C   0.32057 0.29790 0.22929 0.12318 0.02891 0.00015 ( 1)  0.016
 880 T   0.31104 0.29103 0.22969 0.13144 0.03640 0.00040 ( 1)  0.017
 881 F   0.33295 0.30628 0.22723 0.11163 0.02182 0.00008 ( 1)  0.014
 882 L   0.29043 0.27529 0.22791 0.14746 0.05675 0.00216 ( 1)  0.023
 883 V   0.31128 0.29112 0.22944 0.13111 0.03665 0.00041 ( 1)  0.017
 884 C   0.32250 0.29924 0.22908 0.12148 0.02759 0.00012 ( 1)  0.015
 885 A   0.31094 0.29098 0.22977 0.13161 0.03632 0.00038 ( 1)  0.017
 886 L   0.29818 0.28140 0.22919 0.14217 0.04848 0.00058 ( 1)  0.020
 887 L   0.00322 0.06856 0.24199 0.40321 0.28057 0.00245 ( 4)  0.068
 888 L   0.29915 0.28211 0.22922 0.14145 0.04751 0.00056 ( 1)  0.020
 889 L   0.29085 0.27563 0.22798 0.14719 0.05633 0.00203 ( 1)  0.023
 890 N   0.32566 0.30126 0.22830 0.11866 0.02600 0.00012 ( 1)  0.015
 891 P   0.31285 0.29236 0.22964 0.12973 0.03504 0.00037 ( 1)  0.017
 892 W   0.30040 0.28444 0.23345 0.14313 0.03840 0.00018 ( 1)  0.018
 893 T   0.31142 0.29129 0.22963 0.13113 0.03615 0.00038 ( 1)  0.017
 894 A   0.31290 0.29240 0.22971 0.12995 0.03474 0.00029 ( 1)  0.017
 895 G   0.30856 0.28941 0.23026 0.13380 0.03757 0.00041 ( 1)  0.018
 896 I   0.32246 0.29882 0.22801 0.12104 0.02945 0.00023 ( 1)  0.016
 897 I   0.32433 0.30013 0.22781 0.11942 0.02814 0.00017 ( 1)  0.015
 898 V   0.31128 0.29112 0.22944 0.13111 0.03664 0.00041 ( 1)  0.017
 899 S   0.00000 0.00231 0.03956 0.23293 0.66665 0.05855 ( 5)  0.169
 900 I   0.00306 0.06523 0.23194 0.39462 0.29733 0.00784 ( 4)  0.075
 901 L   0.28299 0.26982 0.22786 0.15354 0.06293 0.00286 ( 1)  0.025
 902 A   0.31007 0.29031 0.22968 0.13225 0.03721 0.00048 ( 1)  0.018
 903 M   0.00236 0.05080 0.18691 0.35029 0.36457 0.04508 ( 5)  0.120
 904 I   0.00406 0.08516 0.28478 0.41559 0.20943 0.00098 ( 4)  0.058
 905 T   0.31063 0.29061 0.22937 0.13164 0.03727 0.00049 ( 1)  0.018
 906 V   0.30800 0.28864 0.22924 0.13374 0.03973 0.00066 ( 1)  0.018
 907 E   0.31461 0.29382 0.23015 0.12869 0.03247 0.00026 ( 1)  0.017
 908 L   0.28299 0.26982 0.22786 0.15354 0.06293 0.00286 ( 1)  0.025
 909 F   0.33041 0.30453 0.22751 0.11383 0.02357 0.00015 ( 1)  0.014
 910 G   0.30584 0.28720 0.22967 0.13586 0.04079 0.00063 ( 1)  0.018
 911 I   0.00405 0.08497 0.28434 0.41566 0.21001 0.00098 ( 4)  0.058
 912 M   0.35142 0.31827 0.22296 0.09456 0.01276 0.00003 ( 1)  0.012
 913 G   0.30788 0.28888 0.23016 0.13429 0.03829 0.00050 ( 1)  0.018
 914 L   0.28478 0.27123 0.22816 0.15235 0.06101 0.00247 ( 1)  0.024
 915 M   0.00377 0.07944 0.27002 0.41065 0.23306 0.00306 ( 4)  0.063
 916 G   0.30464 0.28647 0.23008 0.13692 0.04112 0.00078 ( 1)  0.019
 917 I   0.32750 0.30210 0.22685 0.11644 0.02695 0.00016 ( 1)  0.015
 918 K   0.31509 0.29407 0.22990 0.12823 0.03245 0.00026 ( 1)  0.017
 919 L   0.28378 0.27042 0.22793 0.15296 0.06211 0.00280 ( 1)  0.025
 920 S   0.32476 0.30086 0.22896 0.11942 0.02584 0.00016 ( 1)  0.015
 921 A   0.30876 0.28938 0.22974 0.13336 0.03820 0.00056 ( 1)  0.018
 922 I   0.00291 0.06226 0.22439 0.39267 0.30945 0.00832 ( 4)  0.078
 923 P   0.31193 0.29166 0.22955 0.13042 0.03597 0.00047 ( 1)  0.017
 924 V   0.30800 0.28864 0.22924 0.13374 0.03973 0.00066 ( 1)  0.018
 925 V   0.31053 0.29048 0.22921 0.13164 0.03765 0.00050 ( 1)  0.018
 926 I   0.31969 0.29685 0.22813 0.12333 0.03162 0.00038 ( 1)  0.016
 927 L   0.28827 0.27356 0.22744 0.14874 0.05904 0.00295 ( 1)  0.024
 928 I   0.32174 0.29827 0.22790 0.12155 0.03024 0.00030 ( 1)  0.016
 929 A   0.31003 0.29029 0.22968 0.13228 0.03724 0.00048 ( 1)  0.018
 930 S   0.30797 0.28878 0.22969 0.13393 0.03915 0.00048 ( 1)  0.018
 931 V   0.31053 0.29054 0.22935 0.13165 0.03743 0.00050 ( 1)  0.018
 932 G   0.30573 0.28712 0.22966 0.13595 0.04090 0.00065 ( 1)  0.019
 933 I   0.32163 0.29819 0.22790 0.12164 0.03033 0.00031 ( 1)  0.016
 934 G   0.30781 0.28862 0.22961 0.13420 0.03924 0.00052 ( 1)  0.018
 935 V   0.30800 0.28864 0.22924 0.13374 0.03973 0.00066 ( 1)  0.018
 936 E   0.31511 0.29418 0.23013 0.12827 0.03207 0.00024 ( 1)  0.016
 937 F   0.32877 0.30342 0.22778 0.11529 0.02455 0.00019 ( 1)  0.015
 938 T   0.31062 0.29061 0.22937 0.13164 0.03727 0.00049 ( 1)  0.018
 939 V   0.31054 0.29049 0.22921 0.13163 0.03764 0.00050 ( 1)  0.018
 940 H   0.32527 0.30107 0.22845 0.11869 0.02634 0.00017 ( 1)  0.015
 941 V   0.00292 0.06215 0.22013 0.37519 0.31117 0.02845 ( 4)  0.097
 942 A   0.31007 0.29031 0.22968 0.13225 0.03721 0.00048 ( 1)  0.018
 943 L   0.28589 0.27216 0.22853 0.15180 0.05970 0.00192 ( 1)  0.023
 944 G   0.00221 0.04790 0.18162 0.35977 0.38768 0.02082 ( 5)  0.099
 945 F   0.33005 0.30430 0.22762 0.11418 0.02369 0.00015 ( 1)  0.014
 946 L   0.28445 0.27101 0.22825 0.15274 0.06129 0.00225 ( 1)  0.024
 947 T   0.31019 0.29035 0.22953 0.13206 0.03735 0.00051 ( 1)  0.018
 948 A   0.30866 0.28926 0.22963 0.13337 0.03847 0.00061 ( 1)  0.018
 949 A   0.00000 0.00000 0.00003 0.00419 0.18281 0.81297 ( 6)  0.840
 950 G   0.30324 0.28532 0.22972 0.13793 0.04300 0.00078 ( 1)  0.019
 951 S   0.00001 0.00474 0.07374 0.34552 0.56476 0.01123 ( 5)  0.113
 952 R   0.00000 0.00223 0.03569 0.18383 0.47685 0.30139 ( 5)  0.381
 953 N   0.32289 0.29931 0.22853 0.12105 0.02801 0.00020 ( 1)  0.015
 954 V   0.00000 0.00000 0.00000 0.00001 0.00162 0.99837 ( 6)  0.999
 955 R   0.30410 0.28577 0.22908 0.13644 0.04348 0.00113 ( 1)  0.019
 956 S   0.00221 0.04806 0.18213 0.36069 0.38966 0.01725 ( 5)  0.096
 957 A   0.00303 0.06461 0.23049 0.39475 0.29963 0.00750 ( 4)  0.075
 958 A   0.00001 0.00249 0.04225 0.24384 0.66554 0.04587 ( 5)  0.156
 959 A   0.30856 0.28922 0.22972 0.13351 0.03842 0.00057 ( 1)  0.018
 960 L   0.28524 0.27164 0.22839 0.15220 0.06042 0.00210 ( 1)  0.024
 961 E   0.31537 0.29435 0.23009 0.12803 0.03192 0.00024 ( 1)  0.016
 962 H   0.32435 0.30046 0.22861 0.11953 0.02687 0.00018 ( 1)  0.015
 963 T   0.00313 0.06695 0.23924 0.40653 0.28242 0.00173 ( 4)  0.068
 964 F   0.33001 0.30427 0.22763 0.11422 0.02372 0.00015 ( 1)  0.014
 965 A   0.30841 0.28912 0.22975 0.13366 0.03849 0.00057 ( 1)  0.018
 966 P   0.31068 0.29077 0.22963 0.13144 0.03693 0.00055 ( 1)  0.018
 967 V   0.30803 0.28867 0.22924 0.13372 0.03969 0.00065 ( 1)  0.018
 968 M   0.00240 0.05170 0.18984 0.35387 0.36270 0.03948 ( 5)  0.114
 969 D   0.32493 0.30091 0.22875 0.11920 0.02605 0.00016 ( 1)  0.015
 970 G   0.30592 0.28741 0.23006 0.13583 0.04007 0.00071 ( 1)  0.018
 971 A   0.30996 0.29020 0.22960 0.13229 0.03743 0.00052 ( 1)  0.018
 972 V   0.30865 0.28917 0.22936 0.13319 0.03899 0.00065 ( 1)  0.018
 973 S   0.30719 0.28804 0.22924 0.13446 0.04047 0.00061 ( 1)  0.018
 974 T   0.31016 0.29036 0.22959 0.13209 0.03730 0.00050 ( 1)  0.018
 975 L   0.29431 0.27785 0.22706 0.14369 0.05463 0.00246 ( 1)  0.023
 976 L   0.29777 0.28102 0.22897 0.14239 0.04909 0.00075 ( 1)  0.020
 977 G   0.30576 0.28729 0.23005 0.13595 0.04022 0.00073 ( 1)  0.018
 978 V   0.30860 0.28913 0.22935 0.13323 0.03904 0.00065 ( 1)  0.018
 979 L   0.28833 0.27366 0.22760 0.14886 0.05906 0.00250 ( 1)  0.024
 980 M   0.35142 0.31827 0.22296 0.09456 0.01276 0.00003 ( 1)  0.012
 981 L   0.29768 0.28095 0.22896 0.14246 0.04919 0.00076 ( 1)  0.020
 982 A   0.30908 0.28959 0.22967 0.13305 0.03804 0.00057 ( 1)  0.018
 983 G   0.30466 0.28649 0.23008 0.13690 0.04110 0.00077 ( 1)  0.019
 984 S   0.30334 0.28530 0.22940 0.13750 0.04347 0.00099 ( 1)  0.019
 985 E   0.31441 0.29368 0.23019 0.12889 0.03257 0.00026 ( 1)  0.017
 986 F   0.33045 0.30455 0.22751 0.11380 0.02354 0.00015 ( 1)  0.014
 987 D   0.32499 0.30096 0.22875 0.11915 0.02600 0.00016 ( 1)  0.015
 988 F   0.32956 0.30399 0.22775 0.11464 0.02391 0.00015 ( 1)  0.014
 989 I   0.32141 0.29806 0.22799 0.12187 0.03038 0.00030 ( 1)  0.016
 990 M   0.00275 0.05916 0.21647 0.39061 0.32230 0.00871 ( 4)  0.080
 991 R   0.30816 0.28861 0.22882 0.13343 0.04046 0.00052 ( 1)  0.018
 992 Y   0.31261 0.29208 0.22949 0.13040 0.03514 0.00027 ( 1)  0.017
 993 F   0.32840 0.30318 0.22789 0.11565 0.02470 0.00019 ( 1)  0.015
 994 F   0.33045 0.30455 0.22751 0.11380 0.02354 0.00015 ( 1)  0.014
 995 A   0.30983 0.29015 0.22973 0.13249 0.03731 0.00048 ( 1)  0.018
 996 V   0.31053 0.29054 0.22935 0.13165 0.03743 0.00050 ( 1)  0.018
 997 L   0.28616 0.27238 0.22860 0.15164 0.05940 0.00183 ( 1)  0.023
 998 T   0.00303 0.06474 0.23100 0.39550 0.29854 0.00719 ( 4)  0.075
 999 I   0.31969 0.29685 0.22813 0.12333 0.03162 0.00038 ( 1)  0.016
1000 L   0.28498 0.27139 0.22821 0.15224 0.06079 0.00238 ( 1)  0.024
1001 T   0.30852 0.28916 0.22961 0.13345 0.03864 0.00062 ( 1)  0.018
1002 L   0.00000 0.00171 0.02996 0.18670 0.62789 0.15373 ( 5)  0.256
1003 L   0.28443 0.27094 0.22808 0.15258 0.06140 0.00257 ( 1)  0.024
1004 G   0.30324 0.28532 0.22972 0.13793 0.04300 0.00078 ( 1)  0.019
1005 L   0.00217 0.04724 0.17973 0.35915 0.39415 0.01756 ( 5)  0.097
1006 L   0.30092 0.28303 0.22815 0.13937 0.04768 0.00085 ( 1)  0.020
1007 N   0.32494 0.30070 0.22822 0.11922 0.02676 0.00016 ( 1)  0.015
1008 G   0.30324 0.28532 0.22972 0.13793 0.04300 0.00078 ( 1)  0.019
1009 L   0.28573 0.27204 0.22850 0.15190 0.05987 0.00195 ( 1)  0.023
1010 V   0.30801 0.28865 0.22924 0.13373 0.03972 0.00066 ( 1)  0.018
1011 L   0.28357 0.27025 0.22788 0.15308 0.06234 0.00288 ( 1)  0.025
1012 L   0.29810 0.28127 0.22901 0.14216 0.04875 0.00071 ( 1)  0.020
1013 P   0.31155 0.29140 0.22962 0.13078 0.03617 0.00047 ( 1)  0.017
1014 V   0.31053 0.29054 0.22935 0.13165 0.03743 0.00050 ( 1)  0.018
1015 L   0.29810 0.28127 0.22901 0.14216 0.04875 0.00071 ( 1)  0.020
1016 L   0.30186 0.28376 0.22825 0.13868 0.04672 0.00073 ( 1)  0.020
1017 S   0.30367 0.28555 0.22943 0.13726 0.04316 0.00094 ( 1)  0.019
1018 V   0.00000 0.00233 0.03877 0.21613 0.60950 0.13326 ( 5)  0.234
1019 I   0.00286 0.06111 0.21924 0.38398 0.32574 0.00707 ( 4)  0.078
1020 G   0.30324 0.28532 0.22972 0.13793 0.04300 0.00078 ( 1)  0.019
1021 P   0.31015 0.29040 0.22965 0.13182 0.03742 0.00055 ( 1)  0.018
1022 P   0.00001 0.00252 0.04266 0.24463 0.66080 0.04938 ( 5)  0.159
1023 P   0.31189 0.29163 0.22955 0.13045 0.03601 0.00047 ( 1)  0.017
1024 E   0.31441 0.29368 0.23019 0.12889 0.03257 0.00026 ( 1)  0.017
1025 A   0.00310 0.06605 0.23461 0.39738 0.29276 0.00609 ( 4)  0.073
1026 S   0.00280 0.05979 0.21316 0.36986 0.32248 0.03191 ( 4)  0.102
1027 L   0.00000 0.00210 0.03566 0.20847 0.62048 0.13329 ( 5)  0.235
1028 V   0.00000 0.00000 0.00012 0.00546 0.10345 0.89097 ( 6)  0.906
1029 D   0.00000 0.00000 0.00000 0.00000 0.00091 0.99909 ( 6)  0.999
1030 N   0.00000 0.00008 0.00594 0.09533 0.64077 0.25787 ( 5)  0.357
1031 G   0.00000 0.00000 0.00000 0.00001 0.00160 0.99839 ( 6)  0.999
1032 S   0.00000 0.00000 0.00008 0.00478 0.14870 0.84643 ( 6)  0.868
1033 C   0.00219 0.04771 0.18137 0.35978 0.38345 0.02549 ( 5)  0.103
1034 L   0.28555 0.27189 0.22846 0.15200 0.06008 0.00204 ( 1)  0.023
1035 P   0.30985 0.29017 0.22966 0.13220 0.03753 0.00059 ( 1)  0.018
1036 P   0.00220 0.04785 0.18107 0.35808 0.39049 0.02030 ( 5)  0.099
1037 P   0.31011 0.29037 0.22965 0.13185 0.03745 0.00056 ( 1)  0.018
1038 E   0.00000 0.00094 0.01805 0.13828 0.69377 0.14895 ( 5)  0.258
1039 P   0.31141 0.29133 0.22969 0.13088 0.03622 0.00047 ( 1)  0.017
1040 I   0.00000 0.00243 0.04150 0.24209 0.66887 0.04510 ( 5)  0.156
1041 P   0.31019 0.29044 0.22970 0.13189 0.03724 0.00056 ( 1)  0.018
1042 P   0.00000 0.00223 0.03562 0.18114 0.44019 0.34081 ( 5)  0.415
1043 W   0.00000 0.00000 0.00000 0.00000 0.00003 0.99997 ( 6)  1.000
1044 G   0.00000 0.00000 0.00000 0.00000 0.00001 0.99999 ( 6)  1.000
1045 T   0.00000 0.00000 0.00000 0.00000 0.00001 0.99999 ( 6)  1.000
1046 V   0.00000 0.00000 0.00000 0.00014 0.01046 0.98940 ( 6)  0.991
1047 C   0.00000 0.00163 0.02904 0.18824 0.69023 0.09087 ( 5)  0.202
1048 P   0.00000 0.00006 0.00429 0.07440 0.61090 0.31035 ( 5)  0.404
1049 A   0.00000 0.00000 0.00000 0.00000 0.00043 0.99957 ( 6)  1.000
1050 C   0.00000 0.00138 0.02502 0.17006 0.68176 0.12178 ( 5)  0.231
1051 S   0.00000 0.00000 0.00000 0.00009 0.00697 0.99295 ( 6)  0.994
1052 S   0.00000 0.00000 0.00000 0.00025 0.01635 0.98340 ( 6)  0.986
1053 L   0.00000 0.00000 0.00009 0.00423 0.09722 0.89846 ( 6)  0.913
1054 A   0.00000 0.00000 0.00000 0.00028 0.02563 0.97409 ( 6)  0.978
1055 C   0.00000 0.00000 0.00000 0.00024 0.02365 0.97611 ( 6)  0.980
1056 -   0.17271 0.17271 0.17271 0.17271 0.17271 0.13643 ( 5)  0.174
1057 L   0.00000 0.00000 0.00017 0.00843 0.19132 0.80009 ( 6)  0.829
1058 P   0.00000 0.00000 0.00000 0.00000 0.00000 1.00000 ( 6)  1.000
1059 -   0.17271 0.17271 0.17271 0.17271 0.17271 0.13643 ( 5)  0.174
1060 A   0.00000 0.00000 0.00028 0.01399 0.30495 0.68078 ( 6)  0.726
1061 L   0.00000 0.00166 0.02698 0.14586 0.42928 0.39622 ( 5)  0.467
1062 -   0.17271 0.17271 0.17271 0.17271 0.17271 0.13643 ( 5)  0.174
1063 H   0.00000 0.00000 0.00000 0.00018 0.01341 0.98641 ( 6)  0.988
1064 -   0.17271 0.17271 0.17271 0.17271 0.17271 0.13643 ( 5)  0.174
1065 A   0.00001 0.00328 0.05245 0.26605 0.58498 0.09323 ( 5)  0.193
1066 L   0.00174 0.03829 0.15172 0.33193 0.43677 0.03955 ( 5)  0.123
1067 H   0.00231 0.04982 0.18526 0.35605 0.38600 0.02056 ( 5)  0.098
1068 G   0.00000 0.00001 0.00111 0.02359 0.31114 0.66415 ( 6)  0.711
1069 E   0.00000 0.00000 0.00002 0.00228 0.10380 0.89390 ( 6)  0.909
1070 H   0.32429 0.30038 0.22854 0.11955 0.02704 0.00020 ( 1)  0.015
1071 G   0.00000 0.00000 0.00000 0.00000 0.00008 0.99992 ( 6)  1.000
1072 A   0.00303 0.06461 0.23050 0.39475 0.29962 0.00749 ( 4)  0.075
1073 R   0.00000 0.00000 0.00000 0.00001 0.00201 0.99798 ( 6)  0.998
1074 Q   0.00001 0.00351 0.05635 0.28719 0.60359 0.04936 ( 5)  0.153
1075 -   0.17271 0.17271 0.17271 0.17271 0.17271 0.13643 ( 5)  0.174
1076 -   0.17271 0.17271 0.17271 0.17271 0.17271 0.13643 ( 5)  0.174
1077 R   0.00000 0.00002 0.00140 0.02150 0.16515 0.81193 ( 6)  0.837
1078 T   0.00001 0.00337 0.05384 0.27153 0.58739 0.08385 ( 5)  0.185
1079 L   0.00000 0.00000 0.00000 0.00000 0.00056 0.99944 ( 6)  1.000
1080 R   0.00000 0.00000 0.00010 0.00528 0.13156 0.86306 ( 6)  0.883
1081 R   0.00000 0.00000 0.00000 0.00015 0.01381 0.98604 ( 6)  0.988
1082 -   0.17271 0.17271 0.17271 0.17271 0.17271 0.13643 ( 5)  0.174
1083 -   0.00000 0.00029 0.00565 0.04463 0.27709 0.67233 ( 6)  0.715
1084 -   0.00000 0.00000 0.00011 0.00256 0.04853 0.94880 ( 6)  0.956
1085 -   0.00000 0.00000 0.00000 0.00000 0.00000 1.00000 ( 6)  1.000
1086 -   0.00000 0.00016 0.00311 0.02536 0.17200 0.79938 ( 6)  0.826
1087 *   0.00000 0.00000 0.00000 0.00000 0.00000 1.00000 ( 6)  1.000
1088 P   0.00000 0.00000 0.00000 0.00034 0.02385 0.97581 ( 6)  0.979
1089 C   0.00000 0.00002 0.00165 0.02874 0.26557 0.70401 ( 6)  0.744
1090 P   0.00000 0.00002 0.00168 0.02929 0.27006 0.69895 ( 6)  0.740
1091 S   0.00000 0.00000 0.00000 0.00023 0.01536 0.98441 ( 6)  0.987
1092 T   0.00000 0.00002 0.00168 0.02928 0.27298 0.69605 ( 6)  0.738
1093 *   0.00000 0.00002 0.00151 0.02708 0.25902 0.71237 ( 6)  0.752
1094 *   0.00001 0.00259 0.04315 0.24007 0.63533 0.07886 ( 5)  0.185
1095 P   0.00000 0.00000 0.00000 0.00000 0.00059 0.99941 ( 6)  0.999
1096 T   0.00000 0.00229 0.03833 0.21643 0.61023 0.13272 ( 5)  0.234
1097 G   0.00263 0.05638 0.20383 0.36404 0.33226 0.04085 ( 4)  0.112
1098 G   0.00001 0.00368 0.05817 0.28736 0.58979 0.06099 ( 5)  0.163
1099 W   0.00000 0.00000 0.00000 0.00000 0.00056 0.99944 ( 6)  1.000
1100 -   0.17271 0.17271 0.17271 0.17271 0.17271 0.13643 ( 5)  0.174
1101 G   0.00001 0.00330 0.05314 0.27285 0.60400 0.06671 ( 5)  0.170
1102 P   0.00001 0.00317 0.05102 0.26205 0.58935 0.09441 ( 5)  0.195
1103 Q   0.00000 0.00000 0.00000 0.00043 0.03482 0.96474 ( 6)  0.970
1104 L   0.00261 0.05585 0.20082 0.35929 0.34746 0.03396 ( 4)  0.107
1105 P   0.00000 0.00000 0.00020 0.01049 0.24796 0.74134 ( 6)  0.778
1106 P   0.00000 0.00000 0.00000 0.00000 0.00007 0.99993 ( 6)  1.000
1107 H   0.00000 0.00000 0.00009 0.00492 0.14669 0.84830 ( 6)  0.870
1108 H   0.00000 0.00000 0.00007 0.00322 0.07467 0.92204 ( 6)  0.933
1109 C   0.00335 0.07082 0.24492 0.39251 0.27495 0.01346 ( 4)  0.078
1110 A   0.00000 0.00000 0.00005 0.00236 0.06257 0.93503 ( 6)  0.944
1111 E   0.00000 0.00001 0.00084 0.01899 0.28325 0.69692 ( 6)  0.739
1112 A   0.30827 0.28900 0.22969 0.13374 0.03869 0.00061 ( 1)  0.018
1113 D   0.00001 0.00339 0.05399 0.27192 0.58851 0.08218 ( 5)  0.183
1114 S   0.00000 0.00000 0.00000 0.00000 0.00031 0.99969 ( 6)  1.000
1115 L   0.00000 0.00052 0.00952 0.06854 0.36112 0.56030 ( 6)  0.617
1116 E   0.00000 0.00000 0.00026 0.01301 0.27976 0.70697 ( 6)  0.749
1117 V   0.00000 0.00001 0.00053 0.01205 0.18394 0.80348 ( 6)  0.831
1118 Q   0.00000 0.00000 0.00003 0.00184 0.05019 0.94794 ( 6)  0.955
1119 G   0.00000 0.00007 0.00514 0.07824 0.50778 0.40876 ( 5)  0.487
1120 K   0.00000 0.00003 0.00214 0.03992 0.41952 0.53840 ( 6)  0.602
1121 K   0.00000 0.00004 0.00311 0.04650 0.29920 0.65115 ( 6)  0.697
1122 E   0.00000 0.00000 0.00000 0.00000 0.00017 0.99983 ( 6)  1.000
1123 A   0.00000 0.00000 0.00000 0.00000 0.00117 0.99883 ( 6)  0.999
1124 S   0.00000 0.00000 0.00000 0.00000 0.00022 0.99978 ( 6)  1.000
1125 G   0.00000 0.00000 0.00083 0.03511 0.51289 0.45116 ( 5)  0.528
1126 P   0.00000 0.00002 0.00121 0.01837 0.13268 0.84772 ( 6)  0.868
1127 Q   0.00001 0.00247 0.04106 0.22802 0.60717 0.12128 ( 5)  0.223
1128 P   0.00000 0.00000 0.00000 0.00000 0.00031 0.99969 ( 6)  1.000
1129 A   0.00000 0.00000 0.00000 0.00002 0.00460 0.99537 ( 6)  0.996
1130 A   0.00000 0.00000 0.00000 0.00000 0.00009 0.99991 ( 6)  1.000
1131 P   0.00000 0.00116 0.02059 0.13226 0.49575 0.35023 ( 5)  0.430
1132 L   0.00174 0.03821 0.15141 0.33151 0.43744 0.03970 ( 5)  0.123
1133 P   0.00000 0.00000 0.00000 0.00006 0.00355 0.99639 ( 6)  0.997
1134 F   0.00000 0.00006 0.00463 0.07554 0.55796 0.36180 ( 5)  0.448
1135 G   0.00000 0.00000 0.00000 0.00000 0.00008 0.99992 ( 6)  1.000
1136 E   0.00000 0.00194 0.03260 0.18682 0.54442 0.23422 ( 5)  0.324
1137 P   0.00000 0.00002 0.00167 0.03350 0.39566 0.56915 ( 6)  0.629
1138 R   0.30101 0.28351 0.22917 0.13927 0.04590 0.00114 ( 1)  0.020
1139 D   0.00000 0.00000 0.00000 0.00029 0.02081 0.97891 ( 6)  0.982
1140 P   0.00000 0.00209 0.03340 0.17080 0.42184 0.37186 ( 5)  0.443
1141 L   0.00000 0.00000 0.00000 0.00001 0.00204 0.99795 ( 6)  0.998
1142 Q   0.00000 0.00000 0.00005 0.00254 0.06487 0.93255 ( 6)  0.942
1143 P   0.00000 0.00000 0.00005 0.00306 0.10803 0.88886 ( 6)  0.905
1144 G   0.00000 0.00000 0.00000 0.00008 0.00677 0.99314 ( 6)  0.994
1145 P   0.00186 0.04046 0.15455 0.32031 0.44153 0.04129 ( 5)  0.125
1146 P   0.00000 0.00003 0.00235 0.04529 0.48425 0.46809 ( 5)  0.541
1147 G   0.00271 0.05793 0.20864 0.36800 0.32111 0.04162 ( 4)  0.111
1148 T   0.00000 0.00000 0.00000 0.00005 0.00439 0.99555 ( 6)  0.996
1149 R   0.00000 0.00088 0.01474 0.08483 0.28715 0.61239 ( 6)  0.659
1150 P   0.31010 0.29037 0.22965 0.13186 0.03746 0.00056 ( 1)  0.018
1151 A   0.00000 0.00191 0.03243 0.18915 0.58721 0.18930 ( 5)  0.285
1152 P   0.00290 0.06182 0.21940 0.37418 0.30898 0.03272 ( 4)  0.101
1153 -   0.00000 0.00000 0.00011 0.00256 0.04749 0.94984 ( 6)  0.957
1154 -   0.00000 0.00000 0.00014 0.00332 0.05973 0.93681 ( 6)  0.946
1155 -   0.00093 0.02090 0.08961 0.23722 0.49733 0.15401 ( 5)  0.240
1156 -   0.00091 0.02038 0.08751 0.23253 0.49265 0.16603 ( 5)  0.252
1157 P   0.00000 0.00114 0.01952 0.11920 0.47908 0.38106 ( 5)  0.458
1158 A   0.00213 0.04643 0.17810 0.36049 0.39741 0.01544 ( 5)  0.095
1159 A   0.00000 0.00210 0.03357 0.17286 0.43090 0.36057 ( 5)  0.433
1160 L   0.00001 0.00356 0.05671 0.28470 0.60290 0.05213 ( 5)  0.156
1161 P   0.00000 0.00000 0.00002 0.00149 0.05834 0.94015 ( 6)  0.949
1162 T   0.00001 0.00360 0.05690 0.28124 0.58374 0.07451 ( 5)  0.175
1163 Y   0.00000 0.00003 0.00209 0.03671 0.33129 0.62988 ( 6)  0.680
1164 S   0.00000 0.00000 0.00000 0.00002 0.00499 0.99498 ( 6)  0.996
1165 T   0.00000 0.00000 0.00000 0.00024 0.02021 0.97954 ( 6)  0.983
1166 H   0.00000 0.00234 0.03970 0.23103 0.66023 0.06671 ( 5)  0.176
1167 L   0.00000 0.00000 0.00004 0.00217 0.06775 0.93004 ( 6)  0.940
1168 Q   0.00000 0.00000 0.00000 0.00024 0.01920 0.98056 ( 6)  0.983
1169 G   0.00000 0.00175 0.02835 0.14921 0.38688 0.43381 ( 6)  0.499
1170 *   0.00176 0.03841 0.14751 0.30732 0.41751 0.08749 ( 5)  0.167
1171 -   0.00000 0.00000 0.00000 0.00021 0.01092 0.98886 ( 6)  0.990
1172 -   0.00000 0.00000 0.00000 0.00000 0.00017 0.99983 ( 6)  1.000
1173 -   0.00088 0.01982 0.08522 0.22715 0.48576 0.18117 ( 5)  0.265
1174 -   0.17271 0.17271 0.17271 0.17271 0.17271 0.13643 ( 5)  0.174
1175 -   0.00000 0.00000 0.00000 0.00011 0.00597 0.99392 ( 6)  0.995
1176 -   0.00000 0.00000 0.00000 0.00013 0.00698 0.99289 ( 6)  0.994
1177 -   0.00000 0.00000 0.00000 0.00000 0.00000 1.00000 ( 6)  1.000
1178 -   0.00000 0.00000 0.00000 0.00001 0.00090 0.99909 ( 6)  0.999
1179 -   0.17271 0.17271 0.17271 0.17271 0.17271 0.13643 ( 5)  0.174
1180 -   0.00000 0.00000 0.00000 0.00000 0.00000 1.00000 ( 6)  1.000
1181 -   0.00000 0.00000 0.00000 0.00000 0.00000 1.00000 ( 6)  1.000
1182 -   0.00000 0.00000 0.00000 0.00000 0.00018 0.99982 ( 6)  1.000
1183 -   0.00000 0.00027 0.00528 0.04184 0.26253 0.69008 ( 6)  0.731
1184 A   0.00201 0.04383 0.16818 0.34317 0.40166 0.04114 ( 5)  0.120
1185 G   0.00000 0.00001 0.00108 0.01933 0.18804 0.79153 ( 6)  0.820
1186 S   0.00000 0.00004 0.00311 0.05529 0.48033 0.46123 ( 5)  0.535
1187 Y   0.30736 0.28824 0.22954 0.13475 0.03955 0.00057 ( 1)  0.018
1188 -   0.22311 0.22069 0.21208 0.19175 0.14341 0.00896 ( 1)  0.044
1189 -   0.21502 0.21327 0.20702 0.19200 0.15450 0.01818 ( 1)  0.055
1190 -   0.22213 0.21980 0.21150 0.19185 0.14486 0.00985 ( 1)  0.045
1191 -   0.00084 0.01881 0.08112 0.21783 0.47565 0.20575 ( 5)  0.288
1192 T   0.30694 0.28789 0.22929 0.13457 0.04046 0.00085 ( 1)  0.019
1193 T   0.30695 0.28789 0.22929 0.13457 0.04045 0.00085 ( 1)  0.019
1194 V   0.30551 0.28681 0.22917 0.13558 0.04186 0.00108 ( 1)  0.019
1195 T   0.30704 0.28800 0.22940 0.13453 0.04019 0.00085 ( 1)  0.019
1196 A   0.30533 0.28679 0.22952 0.13600 0.04137 0.00099 ( 1)  0.019
1197 T   0.00199 0.04333 0.16626 0.34000 0.40515 0.04327 ( 5)  0.123
1198 A   0.30590 0.28724 0.22963 0.13562 0.04073 0.00087 ( 1)  0.019
1199 S   0.30109 0.28360 0.22926 0.13923 0.04551 0.00131 ( 1)  0.020
1200 V   0.30556 0.28684 0.22917 0.13554 0.04182 0.00107 ( 1)  0.019
1201 T   0.31024 0.29039 0.22953 0.13203 0.03731 0.00050 ( 1)  0.018
1202 V   0.00000 0.00203 0.03248 0.16790 0.43021 0.36738 ( 5)  0.439
1203 A   0.30988 0.29017 0.22967 0.13241 0.03738 0.00050 ( 1)  0.018
1204 L   0.00000 0.00162 0.02789 0.16810 0.56188 0.24051 ( 5)  0.332
1205 H   0.00349 0.07368 0.25218 0.39395 0.26297 0.01374 ( 4)  0.077
1206 P   0.00000 0.00233 0.03714 0.18779 0.45092 0.32182 ( 5)  0.398
1207 T   0.00000 0.00006 0.00421 0.06380 0.41467 0.51726 ( 6)  0.581
1208 -   0.00000 0.00000 0.00000 0.00008 0.00475 0.99517 ( 6)  0.996
1209 -   0.00000 0.00000 0.00011 0.00264 0.04855 0.94870 ( 6)  0.956
1210 -   0.00092 0.02072 0.08890 0.23562 0.49551 0.15833 ( 5)  0.244
1211 -   0.00000 0.00000 0.00000 0.00001 0.00135 0.99864 ( 6)  0.999
1212 *   0.00000 0.00000 0.00000 0.00000 0.00019 0.99981 ( 6)  1.000
1213 C   0.00000 0.00000 0.00000 0.00000 0.00103 0.99897 ( 6)  0.999
1214 L   0.00000 0.00000 0.00000 0.00000 0.00005 0.99995 ( 6)  1.000
1215 -   0.17271 0.17271 0.17271 0.17271 0.17271 0.13643 ( 5)  0.174
1216 P   0.00000 0.00000 0.00000 0.00017 0.01254 0.98728 ( 6)  0.989
1217 T   0.00000 0.00000 0.00000 0.00000 0.00000 1.00000 ( 6)  1.000
1218 P   0.00000 0.00000 0.00000 0.00000 0.00000 1.00000 ( 6)  1.000
1219 P   0.00000 0.00002 0.00156 0.02350 0.16658 0.80834 ( 6)  0.834
1220 R   0.00000 0.00184 0.02956 0.15475 0.42048 0.39337 ( 5)  0.463
1221 A   0.00000 0.00000 0.00000 0.00000 0.00001 0.99999 ( 6)  1.000
1222 S   0.00000 0.00000 0.00004 0.00201 0.05517 0.94278 ( 6)  0.951
1223 P   0.00000 0.00000 0.00000 0.00000 0.00000 1.00000 ( 6)  1.000
1224 A   0.00000 0.00000 0.00000 0.00000 0.00002 0.99998 ( 6)  1.000
1225 A   0.00000 0.00000 0.00000 0.00000 0.00004 0.99996 ( 6)  1.000
1226 S   0.00000 0.00000 0.00000 0.00021 0.01683 0.98296 ( 6)  0.985
1227 R   0.00000 0.00000 0.00000 0.00000 0.00000 1.00000 ( 6)  1.000
1228 A   0.00000 0.00000 0.00000 0.00000 0.00005 0.99995 ( 6)  1.000
1229 A   0.00000 0.00000 0.00000 0.00000 0.00000 1.00000 ( 6)  1.000
1230 W   0.00000 0.00000 0.00000 0.00000 0.00066 0.99934 ( 6)  0.999
1231 T   0.00000 0.00002 0.00162 0.02981 0.30163 0.66691 ( 6)  0.713
1232 S   0.00000 0.00190 0.03213 0.18630 0.56437 0.21530 ( 5)  0.308
1233 P   0.00000 0.00002 0.00149 0.02239 0.15831 0.81780 ( 6)  0.842
1234 A   0.00000 0.00000 0.00000 0.00000 0.00037 0.99963 ( 6)  1.000
1235 P   0.00000 0.00006 0.00439 0.07631 0.62169 0.29756 ( 5)  0.393
1236 -   0.22340 0.22095 0.21224 0.19170 0.14296 0.00876 ( 1)  0.044
1237 -   0.00058 0.01317 0.05756 0.15980 0.38421 0.38468 ( 6)  0.450
1238 -   0.00000 0.00000 0.00029 0.00654 0.10935 0.88382 ( 6)  0.900
1239 -   0.17271 0.17271 0.17271 0.17271 0.17271 0.13643 ( 5)  0.174
1240 -   0.00000 0.00000 0.00000 0.00020 0.01025 0.98955 ( 6)  0.991
1241 -   0.00000 0.00000 0.00000 0.00016 0.00846 0.99138 ( 6)  0.993
1242 -   0.00000 0.00000 0.00000 0.00000 0.00029 0.99971 ( 6)  1.000
1243 -   0.00000 0.00000 0.00000 0.00000 0.00036 0.99964 ( 6)  1.000
1244 -   0.00092 0.02067 0.08870 0.23529 0.49605 0.15838 ( 5)  0.245
1245 *   0.00000 0.00000 0.00016 0.00332 0.05527 0.94125 ( 6)  0.950
1246 V   0.00000 0.00100 0.01745 0.10827 0.39685 0.47641 ( 6)  0.540
1247 A   0.00000 0.00233 0.03961 0.23111 0.65875 0.06821 ( 5)  0.177
1248 -   0.17271 0.17271 0.17271 0.17271 0.17271 0.13643 ( 5)  0.174
1249 Q   0.00000 0.00003 0.00219 0.03804 0.32006 0.63968 ( 6)  0.689
1250 -   0.17271 0.17271 0.17271 0.17271 0.17271 0.13643 ( 5)  0.174
1251 -   0.17271 0.17271 0.17271 0.17271 0.17271 0.13643 ( 5)  0.174
1252 T   0.00000 0.00000 0.00000 0.00008 0.00643 0.99350 ( 6)  0.994
1253 P   0.00000 0.00000 0.00000 0.00039 0.02836 0.97125 ( 6)  0.975
1254 L   0.00000 0.00002 0.00180 0.03365 0.35907 0.60545 ( 6)  0.660
1255 R   0.00249 0.05377 0.19945 0.37519 0.36088 0.00822 ( 4)  0.084
1256 C   0.00000 0.00000 0.00000 0.00017 0.01288 0.98694 ( 6)  0.989
1257 R   0.00001 0.00382 0.06084 0.30340 0.60643 0.02549 ( 5)  0.131
1258 T   0.00001 0.00350 0.05670 0.29212 0.60959 0.03807 ( 5)  0.143
1259 W   0.00001 0.00257 0.04267 0.23387 0.58374 0.13715 ( 5)  0.235
1260 D   0.00000 0.00000 0.00000 0.00005 0.00715 0.99280 ( 6)  0.994
1261 T   0.00000 0.00194 0.03364 0.20505 0.64815 0.11123 ( 5)  0.217
1262 T   0.00000 0.00000 0.00000 0.00000 0.00000 1.00000 ( 6)  1.000
1263 G   0.00000 0.00001 0.00073 0.01488 0.18945 0.79493 ( 6)  0.823
1264 Q   0.00000 0.00128 0.02330 0.15873 0.65249 0.16420 ( 5)  0.268
1265 V   0.00000 0.00000 0.00033 0.01494 0.26312 0.72161 ( 6)  0.761
1266 P   0.00000 0.00002 0.00129 0.02266 0.21564 0.76040 ( 6)  0.793
1267 G   0.00000 0.00005 0.00384 0.06696 0.55343 0.37572 ( 5)  0.460

Positively selected sites

	Prob(w>1)  mean w



lnL = -20058.557629

