Supplemental results for CODEML (seqf: mycn.fasta  treef: mycn_tree.txt)


MLEs of dN/dS (w) for site classes (K=6)

p:   0.16718  0.16718  0.16718  0.16718  0.16718  0.16412
w:   0.00001  0.00128  0.01252  0.05964  0.23652  1.00000

Naive Empirical Bayes (NEB) probabilities for 6 classes & postmean_w
(amino acids refer to 1st sequence: Serinus_canaria)

   1 M   0.25719 0.25530 0.23916 0.18196 0.06553 0.00086 ( 1)  0.031
   2 P   0.24305 0.24176 0.23066 0.18949 0.09096 0.00408 ( 1)  0.040
   3 G   0.24312 0.24183 0.23070 0.18943 0.09083 0.00409 ( 1)  0.040
   4 M   0.25719 0.25530 0.23916 0.18196 0.06553 0.00086 ( 1)  0.031
   5 V   0.00006 0.00714 0.06664 0.26487 0.53441 0.12689 ( 5)  0.270
   6 S   0.24891 0.24738 0.23435 0.18686 0.08025 0.00226 ( 1)  0.036
   7 K   0.25429 0.25253 0.23750 0.18373 0.07065 0.00130 ( 1)  0.032
   8 N   0.25631 0.25445 0.23865 0.18249 0.06710 0.00100 ( 1)  0.031
   9 P   0.00000 0.00000 0.00008 0.00748 0.22439 0.76805 ( 6)  0.822
  10 D   0.25431 0.25255 0.23753 0.18377 0.07058 0.00126 ( 1)  0.032
  11 L   0.23768 0.23658 0.22709 0.19131 0.10078 0.00656 ( 1)  0.045
  12 E   0.24927 0.24773 0.23457 0.18666 0.07959 0.00218 ( 1)  0.035
  13 F   0.23734 0.23625 0.22687 0.19143 0.10141 0.00669 ( 1)  0.045
  14 D   0.25400 0.25225 0.23734 0.18394 0.07114 0.00132 ( 1)  0.032
  15 S   0.23087 0.22998 0.22226 0.19264 0.11283 0.01142 ( 1)  0.053
  16 L   0.22638 0.22561 0.21890 0.19292 0.12028 0.01591 ( 1)  0.059
  17 Q   0.24316 0.24187 0.23074 0.18946 0.09075 0.00401 ( 1)  0.040
  18 P   0.23746 0.23636 0.22692 0.19132 0.10117 0.00678 ( 1)  0.045
  19 C   0.23578 0.23474 0.22578 0.19181 0.10422 0.00766 ( 1)  0.047
  20 F   0.24236 0.24110 0.23025 0.18985 0.09224 0.00420 ( 1)  0.041
  21 Y   0.24041 0.23921 0.22893 0.19047 0.09581 0.00516 ( 1)  0.042
  22 P   0.23972 0.23855 0.22846 0.19067 0.09706 0.00554 ( 1)  0.043
  23 D   0.25455 0.25277 0.23767 0.18365 0.07015 0.00121 ( 1)  0.032
  24 E   0.25297 0.25126 0.23675 0.18458 0.07296 0.00147 ( 1)  0.033
  25 D   0.24744 0.24598 0.23347 0.18763 0.08290 0.00258 ( 1)  0.037
  26 D   0.24863 0.24712 0.23418 0.18697 0.08075 0.00235 ( 1)  0.036
  27 F   0.23628 0.23523 0.22614 0.19171 0.10333 0.00731 ( 1)  0.046
  28 Y   0.23353 0.23256 0.22418 0.19223 0.10819 0.00930 ( 1)  0.049
  29 L   0.00004 0.00493 0.04662 0.19563 0.48324 0.26954 ( 5)  0.396
  30 C   0.24318 0.24189 0.23077 0.18949 0.09073 0.00395 ( 1)  0.040
  31 G   0.24295 0.24166 0.23060 0.18953 0.09114 0.00411 ( 1)  0.040
  32 P   0.23959 0.23843 0.22838 0.19071 0.09729 0.00560 ( 1)  0.043
  33 D   0.25442 0.25265 0.23759 0.18372 0.07039 0.00123 ( 1)  0.032
  34 S   0.00005 0.00594 0.05585 0.22872 0.51557 0.19387 ( 5)  0.330
  35 A   0.23522 0.23419 0.22537 0.19188 0.10520 0.00814 ( 1)  0.048
  36 P   0.23945 0.23829 0.22828 0.19076 0.09755 0.00567 ( 1)  0.043
  37 P   0.24005 0.23887 0.22869 0.19056 0.09645 0.00539 ( 1)  0.043
  38 G   0.24294 0.24165 0.23059 0.18953 0.09116 0.00413 ( 1)  0.040
  39 E   0.24981 0.24824 0.23484 0.18622 0.07866 0.00222 ( 1)  0.035
  40 D   0.25455 0.25277 0.23767 0.18365 0.07015 0.00121 ( 1)  0.032
  41 I   0.24512 0.24375 0.23201 0.18868 0.08716 0.00327 ( 1)  0.038
  42 W   0.23723 0.23614 0.22679 0.19146 0.10162 0.00676 ( 1)  0.045
  43 K   0.25337 0.25164 0.23693 0.18420 0.07233 0.00153 ( 1)  0.033
  44 K   0.25104 0.24943 0.23563 0.18569 0.07639 0.00182 ( 1)  0.034
  45 F   0.23654 0.23547 0.22630 0.19161 0.10285 0.00722 ( 1)  0.046
  46 E   0.24927 0.24773 0.23457 0.18666 0.07959 0.00218 ( 1)  0.035
  47 L   0.22813 0.22731 0.22021 0.19280 0.11737 0.01419 ( 1)  0.057
  48 L   0.22826 0.22744 0.22032 0.19285 0.11720 0.01392 ( 1)  0.056
  49 P   0.00005 0.00660 0.06183 0.24885 0.52668 0.15598 ( 5)  0.296
  50 T   0.24006 0.23888 0.22869 0.19053 0.09642 0.00542 ( 1)  0.043
  51 P   0.23101 0.23011 0.22234 0.19257 0.11254 0.01144 ( 1)  0.053
  52 P   0.23652 0.23545 0.22627 0.19155 0.10285 0.00736 ( 1)  0.046
  53 L   0.22879 0.22795 0.22071 0.19279 0.11629 0.01347 ( 1)  0.056
  54 S   0.00004 0.00557 0.05251 0.21691 0.50521 0.21974 ( 5)  0.353
  55 P   0.23743 0.23634 0.22691 0.19133 0.10121 0.00679 ( 1)  0.045
  56 S   0.25219 0.25052 0.23631 0.18507 0.07432 0.00158 ( 1)  0.033
  57 R   0.23367 0.23269 0.22425 0.19212 0.10788 0.00939 ( 1)  0.049
  58 A   0.00000 0.00003 0.00257 0.04942 0.41797 0.53002 ( 6)  0.632
  59 G   0.00000 0.00003 0.00251 0.04821 0.40996 0.53929 ( 6)  0.639
  60 L   0.00000 0.00002 0.00207 0.04046 0.36373 0.59372 ( 6)  0.682
  61 Q   0.00005 0.00697 0.06513 0.25993 0.53250 0.13542 ( 5)  0.278
  62 E   0.00005 0.00650 0.06108 0.24928 0.54219 0.14090 ( 5)  0.285
  63 H   0.00000 0.00000 0.00000 0.00034 0.04599 0.95368 ( 6)  0.965
  64 P   0.00000 0.00000 0.00004 0.00344 0.12311 0.87342 ( 6)  0.903
  65 P   0.00000 0.00002 0.00196 0.03836 0.34904 0.61062 ( 6)  0.695
  66 G   0.00000 0.00000 0.00002 0.00187 0.08553 0.91258 ( 6)  0.933
  67 G   0.00000 0.00000 0.00005 0.00451 0.15137 0.84407 ( 6)  0.880
  68 G   0.00000 0.00000 0.00000 0.00000 0.00199 0.99800 ( 6)  0.998
  69 P   0.00000 0.00000 0.00000 0.00001 0.00781 0.99218 ( 6)  0.994
  70 V   0.00000 0.00000 0.00000 0.00000 0.00005 0.99995 ( 6)  1.000
  71 P   0.00005 0.00612 0.05751 0.23436 0.51912 0.18284 ( 5)  0.320
  72 W   0.00000 0.00001 0.00114 0.02327 0.24400 0.73157 ( 6)  0.791
  73 G   0.00000 0.00002 0.00225 0.04363 0.38254 0.57156 ( 6)  0.665
  74 G   0.00000 0.00002 0.00224 0.04352 0.38207 0.57215 ( 6)  0.665
  75 A   0.22613 0.22537 0.21873 0.19299 0.12075 0.01603 ( 1)  0.059
  76 A   0.00000 0.00003 0.00317 0.05983 0.47368 0.46329 ( 5)  0.579
  77 L   0.00000 0.00000 0.00000 0.00023 0.03276 0.96701 ( 6)  0.975
  78 W   0.00000 0.00003 0.00318 0.05996 0.47301 0.46381 ( 5)  0.579
  79 G   0.00000 0.00000 0.00000 0.00000 0.00044 0.99956 ( 6)  1.000
  80 C   0.00006 0.00788 0.07324 0.28578 0.53800 0.09504 ( 5)  0.240
  81 R   0.00000 0.00000 0.00006 0.00554 0.17876 0.81564 ( 6)  0.858
  82 P   0.00000 0.00003 0.00299 0.05662 0.45693 0.48342 ( 6)  0.595
  83 -   0.16718 0.16718 0.16718 0.16718 0.16718 0.16412 ( 5)  0.216
  84 P   0.00000 0.00000 0.00005 0.00428 0.14620 0.84947 ( 6)  0.884
  85 R   0.00000 0.00000 0.00000 0.00001 0.00579 0.99420 ( 6)  0.996
  86 G   0.00000 0.00003 0.00272 0.05186 0.42857 0.51682 ( 6)  0.621
  87 L   0.00000 0.00001 0.00061 0.01341 0.17488 0.81109 ( 6)  0.853
  88 G   0.24022 0.23903 0.22880 0.19050 0.09612 0.00532 ( 1)  0.043
  89 I   0.00000 0.00000 0.00005 0.00450 0.15146 0.84399 ( 6)  0.880
  90 G   0.00000 0.00000 0.00000 0.00021 0.03053 0.96926 ( 6)  0.976
  91 A   0.00000 0.00000 0.00003 0.00297 0.10946 0.88753 ( 6)  0.914
  92 -   0.16718 0.16718 0.16718 0.16718 0.16718 0.16412 ( 5)  0.216
  93 P   0.00000 0.00000 0.00000 0.00000 0.00029 0.99971 ( 6)  1.000
  94 A   0.00000 0.00000 0.00000 0.00014 0.02147 0.97840 ( 6)  0.983
  95 A   0.00000 0.00000 0.00004 0.00333 0.12065 0.87598 ( 6)  0.905
  96 A   0.00000 0.00000 0.00003 0.00323 0.11722 0.87952 ( 6)  0.907
  97 -   0.16718 0.16718 0.16718 0.16718 0.16718 0.16412 ( 5)  0.216
  98 G   0.00000 0.00000 0.00000 0.00021 0.03037 0.96942 ( 6)  0.977
  99 -   0.16718 0.16718 0.16718 0.16718 0.16718 0.16412 ( 5)  0.216
 100 P   0.00000 0.00000 0.00002 0.00190 0.07730 0.92077 ( 6)  0.939
 101 V   0.00000 0.00000 0.00000 0.00018 0.02647 0.97335 ( 6)  0.980
 102 G   0.00005 0.00635 0.05959 0.24147 0.52365 0.16889 ( 5)  0.308
 103 R   0.00000 0.00000 0.00000 0.00000 0.00123 0.99877 ( 6)  0.999
 104 H   0.00000 0.00000 0.00000 0.00000 0.00157 0.99843 ( 6)  0.999
 105 G   0.00000 0.00002 0.00216 0.04210 0.37379 0.58192 ( 6)  0.673
 106 R   0.00000 0.00002 0.00183 0.03606 0.33326 0.62883 ( 6)  0.710
 107 R   0.00000 0.00000 0.00000 0.00000 0.00229 0.99771 ( 6)  0.998
 108 -   0.16718 0.16718 0.16718 0.16718 0.16718 0.16412 ( 5)  0.216
 109 L   0.00000 0.00000 0.00003 0.00270 0.10184 0.89544 ( 6)  0.920
 110 L   0.00000 0.00000 0.00000 0.00001 0.00463 0.99537 ( 6)  0.996
 111 R   0.00004 0.00525 0.04950 0.20535 0.48814 0.25172 ( 5)  0.380
 112 D   0.00000 0.00000 0.00000 0.00001 0.00742 0.99257 ( 6)  0.994
 113 G   0.00000 0.00000 0.00000 0.00047 0.05776 0.94177 ( 6)  0.955
 114 P   0.00000 0.00000 0.00000 0.00001 0.00639 0.99360 ( 6)  0.995
 115 -   0.16718 0.16718 0.16718 0.16718 0.16718 0.16412 ( 5)  0.216
 116 D   0.00000 0.00000 0.00007 0.00644 0.22985 0.76365 ( 6)  0.818
 117 D   0.00000 0.00007 0.00636 0.11159 0.67394 0.20804 ( 5)  0.374
 118 E   0.00000 0.00009 0.00787 0.13383 0.71840 0.13981 ( 5)  0.318
 119 D   0.00000 0.00007 0.00661 0.11538 0.68297 0.19497 ( 5)  0.363
 120 E   0.00008 0.01041 0.09527 0.34805 0.51307 0.03310 ( 5)  0.176
 121 E   0.24976 0.24820 0.23488 0.18644 0.07870 0.00203 ( 1)  0.035
 122 E   0.25330 0.25159 0.23697 0.18443 0.07234 0.00138 ( 1)  0.033
 123 E   0.00007 0.00908 0.08381 0.31707 0.53199 0.05797 ( 5)  0.204
 124 D   0.00007 0.00873 0.08070 0.30826 0.53564 0.06661 ( 5)  0.213
 125 E   0.00009 0.01108 0.10099 0.36241 0.50035 0.02508 ( 5)  0.166
 126 E   0.25977 0.25774 0.24052 0.18009 0.06122 0.00065 ( 1)  0.029
 127 E   0.25977 0.25774 0.24052 0.18009 0.06122 0.00065 ( 1)  0.029
 128 E   0.25977 0.25774 0.24052 0.18009 0.06122 0.00065 ( 1)  0.029
 129 I   0.25626 0.25440 0.23860 0.18248 0.06723 0.00103 ( 1)  0.031
 130 D   0.25391 0.25217 0.23733 0.18409 0.07124 0.00126 ( 1)  0.032
 131 V   0.23722 0.23614 0.22678 0.19146 0.10163 0.00678 ( 1)  0.045
 132 V   0.24343 0.24212 0.23093 0.18940 0.09028 0.00385 ( 1)  0.040
 133 T   0.25301 0.25131 0.23678 0.18456 0.07288 0.00146 ( 1)  0.033
 134 V   0.24548 0.24410 0.23224 0.18854 0.08650 0.00313 ( 1)  0.038
 135 E   0.25588 0.25404 0.23842 0.18279 0.06783 0.00103 ( 1)  0.031
 136 K   0.26164 0.25951 0.24149 0.17868 0.05816 0.00053 ( 1)  0.028
 137 R   0.25501 0.25321 0.23788 0.18322 0.06943 0.00124 ( 1)  0.032
 138 R   0.24669 0.24526 0.23300 0.18796 0.08428 0.00280 ( 1)  0.037
 139 S   0.24323 0.24194 0.23081 0.18949 0.09064 0.00390 ( 1)  0.040
 140 S   0.24248 0.24121 0.23031 0.18977 0.09202 0.00421 ( 1)  0.040
 141 T   0.00006 0.00794 0.07378 0.28742 0.53798 0.09282 ( 5)  0.238
 142 N   0.26247 0.26030 0.24192 0.17807 0.05677 0.00046 ( 1)  0.028
 143 K   0.25780 0.25587 0.23946 0.18147 0.06455 0.00084 ( 1)  0.030
 144 S   0.00005 0.00684 0.06399 0.25618 0.53104 0.14190 ( 5)  0.284
 145 V   0.23666 0.23559 0.22639 0.19161 0.10265 0.00709 ( 1)  0.046
 146 T   0.24839 0.24689 0.23404 0.18712 0.08119 0.00238 ( 1)  0.036
 147 T   0.24805 0.24656 0.23383 0.18729 0.08179 0.00247 ( 1)  0.036
 148 L   0.23674 0.23567 0.22645 0.19159 0.10251 0.00705 ( 1)  0.046
 149 T   0.23972 0.23855 0.22847 0.19070 0.09707 0.00549 ( 1)  0.043
 150 I   0.24397 0.24264 0.23127 0.18917 0.08928 0.00366 ( 1)  0.039
 151 T   0.25289 0.25119 0.23671 0.18463 0.07309 0.00148 ( 1)  0.033
 152 V   0.00006 0.00826 0.07660 0.29602 0.53750 0.08155 ( 5)  0.227
 153 R   0.00000 0.00003 0.00307 0.05811 0.46597 0.47282 ( 6)  0.587
 154 P   0.00005 0.00658 0.06160 0.24830 0.52772 0.15575 ( 5)  0.296
 155 N   0.00009 0.01178 0.10683 0.37648 0.48619 0.01864 ( 5)  0.157
 156 N   0.25587 0.25404 0.23843 0.18283 0.06781 0.00101 ( 1)  0.031
 157 T   0.24767 0.24620 0.23360 0.18748 0.08250 0.00256 ( 1)  0.036
 158 T   0.00000 0.00002 0.00210 0.04127 0.37486 0.58175 ( 6)  0.673
 159 F   0.24135 0.24013 0.22959 0.19024 0.09410 0.00458 ( 1)  0.041
 160 S   0.00007 0.00847 0.07844 0.30130 0.53554 0.07618 ( 5)  0.222
 161 S   0.00005 0.00680 0.06361 0.25493 0.53052 0.14408 ( 5)  0.286
 162 V   0.24526 0.24388 0.23210 0.18864 0.08691 0.00320 ( 1)  0.038
 163 R   0.00008 0.01019 0.09337 0.34302 0.51660 0.03674 ( 5)  0.181
 164 T   0.25302 0.25132 0.23679 0.18456 0.07286 0.00146 ( 1)  0.033
 165 Q   0.00007 0.00896 0.08270 0.31385 0.53289 0.06153 ( 5)  0.207
 166 Q   0.24937 0.24783 0.23465 0.18665 0.07940 0.00211 ( 1)  0.035
 167 N   0.00008 0.01047 0.09573 0.34920 0.51209 0.03244 ( 5)  0.176
 168 G   0.00008 0.01066 0.09736 0.35329 0.50832 0.03029 ( 5)  0.173
 169 L   0.23582 0.23478 0.22580 0.19179 0.10415 0.00766 ( 1)  0.047
 170 I   0.24670 0.24527 0.23301 0.18799 0.08427 0.00277 ( 1)  0.037
 171 L   0.22958 0.22873 0.22129 0.19271 0.11496 0.01273 ( 1)  0.054
 172 K   0.25787 0.25594 0.23951 0.18144 0.06442 0.00083 ( 1)  0.030
 173 R   0.23890 0.23776 0.22792 0.19096 0.09857 0.00588 ( 1)  0.044
 174 C   0.24562 0.24423 0.23233 0.18846 0.08624 0.00312 ( 1)  0.038
 175 A   0.25114 0.24952 0.23569 0.18566 0.07621 0.00178 ( 1)  0.034
 176 P   0.25018 0.24860 0.23512 0.18620 0.07794 0.00197 ( 1)  0.035
 177 I   0.24358 0.24227 0.23103 0.18936 0.09000 0.00377 ( 1)  0.040
 178 H   0.25978 0.25775 0.24054 0.18012 0.06117 0.00064 ( 1)  0.029
 179 Q   0.24937 0.24783 0.23465 0.18665 0.07940 0.00211 ( 1)  0.035
 180 Q   0.24944 0.24790 0.23468 0.18659 0.07927 0.00212 ( 1)  0.035
 181 H   0.25244 0.25076 0.23648 0.18498 0.07386 0.00149 ( 1)  0.033
 182 N   0.25599 0.25415 0.23849 0.18274 0.06762 0.00101 ( 1)  0.031
 183 Y   0.23908 0.23793 0.22804 0.19092 0.09826 0.00577 ( 1)  0.044
 184 A   0.24666 0.24523 0.23298 0.18798 0.08434 0.00282 ( 1)  0.037
 185 A   0.23870 0.23756 0.22779 0.19103 0.09894 0.00599 ( 1)  0.044
 186 P   0.23696 0.23589 0.22660 0.19150 0.10208 0.00697 ( 1)  0.046
 187 S   0.23552 0.23449 0.22560 0.19187 0.10469 0.00782 ( 1)  0.047
 188 P   0.24971 0.24815 0.23484 0.18645 0.07878 0.00206 ( 1)  0.035
 189 F   0.00006 0.00787 0.07318 0.28555 0.53781 0.09553 ( 5)  0.241
 190 V   0.00000 0.00009 0.00816 0.13811 0.72721 0.12642 ( 5)  0.307
 191 E   0.25591 0.25407 0.23843 0.18277 0.06778 0.00104 ( 1)  0.031
 192 T   0.00000 0.00000 0.00015 0.01254 0.33123 0.65608 ( 6)  0.735
 193 E   0.25977 0.25774 0.24052 0.18009 0.06122 0.00065 ( 1)  0.029
 194 E   0.00000 0.00006 0.00565 0.10086 0.64599 0.24743 ( 5)  0.406
 195 S   0.00000 0.00000 0.00007 0.00589 0.18748 0.80656 ( 6)  0.851
 196 P   0.24997 0.24840 0.23500 0.18631 0.07831 0.00201 ( 1)  0.035
 197 P   0.24948 0.24793 0.23470 0.18656 0.07920 0.00212 ( 1)  0.035
 198 Q   0.00000 0.00005 0.00451 0.08241 0.57783 0.33520 ( 5)  0.477
 199 K   0.26139 0.25928 0.24135 0.17883 0.05860 0.00056 ( 1)  0.028
 200 K   0.25774 0.25581 0.23944 0.18153 0.06465 0.00084 ( 1)  0.030
 201 L   0.22919 0.22835 0.22102 0.19280 0.11568 0.01297 ( 1)  0.055
 202 K   0.26164 0.25951 0.24149 0.17868 0.05816 0.00053 ( 1)  0.028
 203 V   0.00000 0.00000 0.00000 0.00000 0.00492 0.99508 ( 6)  0.996
 204 E   0.25585 0.25402 0.23841 0.18281 0.06787 0.00103 ( 1)  0.031
 205 V   0.24533 0.24396 0.23215 0.18861 0.08677 0.00318 ( 1)  0.038
 206 S   0.00006 0.00824 0.07646 0.29548 0.53693 0.08282 ( 5)  0.228
 207 R   0.23863 0.23749 0.22774 0.19104 0.09907 0.00603 ( 1)  0.044
 208 P   0.25018 0.24860 0.23512 0.18620 0.07794 0.00197 ( 1)  0.035
 209 V   0.24918 0.24765 0.23454 0.18676 0.07973 0.00215 ( 1)  0.035
 210 K   0.26164 0.25951 0.24149 0.17868 0.05816 0.00053 ( 1)  0.028
 211 P   0.24558 0.24419 0.23230 0.18847 0.08632 0.00314 ( 1)  0.038
 212 T   0.00000 0.00000 0.00000 0.00000 0.00715 0.99284 ( 6)  0.995
 213 I   0.25147 0.24984 0.23591 0.18552 0.07560 0.00167 ( 1)  0.034
 214 Q   0.00008 0.00971 0.08924 0.33204 0.52398 0.04495 ( 5)  0.190
 215 P   0.25018 0.24860 0.23512 0.18620 0.07794 0.00197 ( 1)  0.035
 216 K   0.25774 0.25581 0.23944 0.18153 0.06465 0.00084 ( 1)  0.030
 217 L   0.00000 0.00000 0.00000 0.00028 0.03863 0.96109 ( 6)  0.970
 218 K   0.25774 0.25581 0.23944 0.18153 0.06465 0.00084 ( 1)  0.030
 219 S   0.25391 0.25217 0.23733 0.18409 0.07124 0.00126 ( 1)  0.032
 220 S   0.23751 0.23641 0.22696 0.19133 0.10109 0.00671 ( 1)  0.045
 221 S   0.25391 0.25217 0.23733 0.18409 0.07124 0.00126 ( 1)  0.032
 222 P   0.23705 0.23597 0.22666 0.19148 0.10193 0.00691 ( 1)  0.046
 223 R   0.23448 0.23348 0.22484 0.19198 0.10647 0.00874 ( 1)  0.048
 224 N   0.26117 0.25907 0.24124 0.17903 0.05893 0.00056 ( 1)  0.029
 225 S   0.23538 0.23435 0.22550 0.19191 0.10495 0.00792 ( 1)  0.047
 226 D   0.25600 0.25416 0.23847 0.18268 0.06764 0.00104 ( 1)  0.031
 227 S   0.23766 0.23656 0.22707 0.19129 0.10082 0.00661 ( 1)  0.045
 228 E   0.25585 0.25402 0.23841 0.18281 0.06787 0.00103 ( 1)  0.031
 229 D   0.25546 0.25365 0.23820 0.18310 0.06853 0.00106 ( 1)  0.031
 230 S   0.25430 0.25253 0.23753 0.18381 0.07059 0.00124 ( 1)  0.032
 231 E   0.25963 0.25761 0.24044 0.18017 0.06146 0.00067 ( 1)  0.029
 232 R   0.23878 0.23764 0.22784 0.19100 0.09880 0.00595 ( 1)  0.044
 233 R   0.23532 0.23429 0.22542 0.19180 0.10498 0.00819 ( 1)  0.048
 234 R   0.24116 0.23994 0.22944 0.19024 0.09444 0.00477 ( 1)  0.042
 235 N   0.26334 0.26112 0.24236 0.17739 0.05537 0.00041 ( 1)  0.027
 236 H   0.25274 0.25105 0.23664 0.18476 0.07335 0.00148 ( 1)  0.033
 237 N   0.25645 0.25459 0.23873 0.18240 0.06685 0.00098 ( 1)  0.031
 238 I   0.25147 0.24984 0.23591 0.18552 0.07560 0.00167 ( 1)  0.034
 239 L   0.23520 0.23418 0.22536 0.19190 0.10524 0.00812 ( 1)  0.048
 240 E   0.25588 0.25404 0.23842 0.18279 0.06783 0.00103 ( 1)  0.031
 241 R   0.23878 0.23764 0.22784 0.19100 0.09879 0.00594 ( 1)  0.044
 242 Q   0.25217 0.25050 0.23629 0.18505 0.07438 0.00161 ( 1)  0.034
 243 R   0.24379 0.24246 0.23105 0.18890 0.08957 0.00422 ( 1)  0.040
 244 R   0.23923 0.23807 0.22814 0.19085 0.09798 0.00573 ( 1)  0.043
 245 N   0.25795 0.25601 0.23953 0.18134 0.06432 0.00084 ( 1)  0.030
 246 D   0.25412 0.25237 0.23743 0.18393 0.07090 0.00125 ( 1)  0.032
 247 L   0.23863 0.23750 0.22774 0.19105 0.09906 0.00600 ( 1)  0.044
 248 R   0.24116 0.23994 0.22942 0.19017 0.09442 0.00488 ( 1)  0.042
 249 S   0.23849 0.23736 0.22764 0.19106 0.09930 0.00614 ( 1)  0.044
 250 S   0.25391 0.25217 0.23733 0.18409 0.07124 0.00126 ( 1)  0.032
 251 F   0.24790 0.24642 0.23375 0.18741 0.08207 0.00246 ( 1)  0.036
 252 L   0.24341 0.24211 0.23092 0.18941 0.09030 0.00384 ( 1)  0.040
 253 T   0.24965 0.24809 0.23480 0.18647 0.07891 0.00209 ( 1)  0.035
 254 L   0.22954 0.22869 0.22126 0.19270 0.11502 0.01279 ( 1)  0.055
 255 R   0.25534 0.25353 0.23812 0.18314 0.06876 0.00110 ( 1)  0.032
 256 D   0.26143 0.25932 0.24140 0.17889 0.05844 0.00052 ( 1)  0.028
 257 H   0.25341 0.25169 0.23704 0.18439 0.07214 0.00134 ( 1)  0.033
 258 V   0.00005 0.00658 0.06167 0.24860 0.52843 0.15466 ( 5)  0.295
 259 P   0.25018 0.24860 0.23512 0.18620 0.07794 0.00197 ( 1)  0.035
 260 E   0.25977 0.25774 0.24052 0.18009 0.06122 0.00065 ( 1)  0.029
 261 L   0.23597 0.23492 0.22591 0.19175 0.10388 0.00757 ( 1)  0.047
 262 V   0.23666 0.23559 0.22639 0.19161 0.10265 0.00709 ( 1)  0.046
 263 Q   0.00000 0.00009 0.00806 0.13638 0.72107 0.13440 ( 5)  0.313
 264 N   0.25622 0.25437 0.23860 0.18255 0.06725 0.00100 ( 1)  0.031
 265 E   0.00008 0.01043 0.09546 0.34853 0.51263 0.03287 ( 5)  0.176
 266 K   0.26164 0.25951 0.24149 0.17868 0.05816 0.00053 ( 1)  0.028
 267 A   0.23870 0.23756 0.22779 0.19103 0.09894 0.00599 ( 1)  0.044
 268 A   0.00007 0.00950 0.08738 0.32687 0.52657 0.04962 ( 5)  0.195
 269 K   0.26164 0.25951 0.24149 0.17868 0.05816 0.00053 ( 1)  0.028
 270 V   0.23666 0.23559 0.22639 0.19161 0.10265 0.00709 ( 1)  0.046
 271 V   0.24533 0.24396 0.23215 0.18861 0.08677 0.00318 ( 1)  0.038
 272 I   0.25021 0.24863 0.23515 0.18621 0.07787 0.00192 ( 1)  0.035
 273 L   0.23217 0.23124 0.22321 0.19250 0.11062 0.01025 ( 1)  0.051
 274 K   0.26164 0.25951 0.24149 0.17868 0.05816 0.00053 ( 1)  0.028
 275 K   0.26164 0.25951 0.24149 0.17868 0.05816 0.00053 ( 1)  0.028
 276 A   0.24737 0.24591 0.23342 0.18764 0.08303 0.00262 ( 1)  0.037
 277 T   0.23958 0.23841 0.22838 0.19074 0.09733 0.00556 ( 1)  0.043
 278 E   0.25889 0.25690 0.24002 0.18065 0.06277 0.00077 ( 1)  0.030
 279 Y   0.23810 0.23699 0.22739 0.19122 0.10004 0.00627 ( 1)  0.044
 280 V   0.24224 0.24098 0.23015 0.18985 0.09245 0.00432 ( 1)  0.041
 281 H   0.25244 0.25076 0.23648 0.18498 0.07386 0.00149 ( 1)  0.033
 282 S   0.24088 0.23967 0.22926 0.19034 0.09496 0.00489 ( 1)  0.042
 283 L   0.23526 0.23423 0.22541 0.19194 0.10517 0.00799 ( 1)  0.047
 284 Q   0.24937 0.24783 0.23465 0.18665 0.07940 0.00211 ( 1)  0.035
 285 A   0.00007 0.00949 0.08736 0.32681 0.52659 0.04968 ( 5)  0.195
 286 E   0.25585 0.25402 0.23841 0.18281 0.06787 0.00103 ( 1)  0.031
 287 E   0.25614 0.25429 0.23856 0.18262 0.06738 0.00100 ( 1)  0.031
 288 Q   0.24941 0.24787 0.23467 0.18662 0.07932 0.00211 ( 1)  0.035
 289 K   0.25779 0.25586 0.23946 0.18148 0.06457 0.00084 ( 1)  0.030
 290 L   0.22914 0.22830 0.22098 0.19281 0.11577 0.01301 ( 1)  0.055
 291 L   0.23297 0.23201 0.22376 0.19229 0.10917 0.00980 ( 1)  0.050
 292 L   0.23998 0.23880 0.22865 0.19063 0.09660 0.00533 ( 1)  0.043
 293 E   0.25977 0.25774 0.24052 0.18009 0.06122 0.00065 ( 1)  0.029
 294 K   0.25794 0.25600 0.23953 0.18134 0.06434 0.00085 ( 1)  0.030
 295 E   0.25882 0.25684 0.24001 0.18075 0.06283 0.00075 ( 1)  0.030
 296 K   0.26164 0.25951 0.24149 0.17868 0.05816 0.00053 ( 1)  0.028
 297 L   0.23217 0.23124 0.22321 0.19250 0.11062 0.01025 ( 1)  0.051
 298 Q   0.00000 0.00007 0.00588 0.10414 0.65239 0.23753 ( 5)  0.398
 299 A   0.24737 0.24591 0.23342 0.18764 0.08303 0.00262 ( 1)  0.037
 300 R   0.25506 0.25326 0.23792 0.18321 0.06933 0.00121 ( 1)  0.032
 301 Q   0.25292 0.25122 0.23674 0.18465 0.07302 0.00144 ( 1)  0.033
 302 E   0.00000 0.00007 0.00616 0.10848 0.66319 0.22210 ( 5)  0.386
 303 Q   0.25171 0.25007 0.23601 0.18528 0.07521 0.00172 ( 1)  0.034
 304 L   0.23173 0.23081 0.22287 0.19248 0.11132 0.01081 ( 1)  0.052
 305 L   0.00000 0.00003 0.00311 0.05887 0.47025 0.46774 ( 5)  0.583
 306 K   0.25776 0.25583 0.23944 0.18151 0.06462 0.00084 ( 1)  0.030
 307 K   0.26164 0.25951 0.24149 0.17868 0.05816 0.00053 ( 1)  0.028
 308 I   0.00009 0.01148 0.10435 0.37087 0.49297 0.02025 ( 5)  0.160
 309 D   0.00008 0.01083 0.09883 0.35690 0.50490 0.02845 ( 5)  0.170
 310 Y   0.00000 0.00005 0.00430 0.07892 0.56418 0.35256 ( 5)  0.491
 311 K   0.25774 0.25581 0.23944 0.18153 0.06465 0.00084 ( 1)  0.030
 312 R   0.24134 0.24010 0.22951 0.19003 0.09408 0.00493 ( 1)  0.042
 313 T   0.00006 0.00710 0.06629 0.26368 0.53376 0.12912 ( 5)  0.272
 314 C   0.24955 0.24801 0.23477 0.18659 0.07905 0.00204 ( 1)  0.035

Positively selected sites

	Prob(w>1)  mean w



lnL = -4854.242500

