

TREE # 1

  0  0.0000   5363.482864  x:  0.06753   0.06080   0.08389   0.02658   0.06012   0.09313   0.08321   0.01573   0.09088   0.07547   0.01928   0.07222   0.08984   0.06914   0.05910   0.02035   0.04723   0.08671   0.07077   0.10179   0.05117   0.03418   0.02287   0.09767   0.04057   0.03131   0.05443   0.09976   0.10274   0.09581   0.03272   0.05417   0.02065   0.05244   0.09102   0.07619   0.04926   0.10301   0.01355   0.10935   0.07579   0.06812   0.10973   0.07755   0.09363   0.08660   0.09506   0.05336   0.09436   0.03361   0.07062   0.04115   0.05788   2.00000   0.90000   1.03380   1.58601  
  1 99.0000   5052.062251  x:  0.01245   0.04302   0.07181   0.05741   0.01707   0.05386   0.05972   0.08374   0.12143   0.18959   0.01831   0.13995   0.06800   0.30675   0.08613   0.01069   0.14560   0.05301   0.04960   0.09574   0.00000   0.03979   0.03394   0.13674   0.01515   0.19962   0.07282   0.05641   0.09880   0.04385   0.03798   0.05383   0.14062   0.02565   0.10258   0.06156   0.04404   0.05189   0.00012   0.07036   0.02836   0.01623   0.05904   0.03869   0.03942   0.03948   0.06473   0.05286   0.07789   0.02559   0.03373   0.06519   0.04584   2.00249   0.91639   1.00351   1.59763  
  2 1782.2467   5026.900807  x:  0.00000   0.03991   0.06934   0.06192   0.00756   0.04473   0.05342   0.09424   0.12700   0.20956   0.01788   0.15236   0.06239   0.34705   0.08970   0.00877   0.16149   0.04564   0.04525   0.09469   0.00000   0.04046   0.03590   0.14458   0.01069   0.22559   0.07661   0.04573   0.09815   0.03098   0.03906   0.05353   0.15771   0.02078   0.10473   0.05880   0.04333   0.04003   0.04389   0.06185   0.01831   0.00510   0.04727   0.03085   0.02621   0.02883   0.05835   0.05322   0.07409   0.02430   0.02635   0.06870   0.04376   2.00308   0.92016   0.99591   1.60048  
  3 4899.3429   4993.157981  x:  0.00000   0.04048   0.06709   0.05871   0.00000   0.03009   0.03977   0.09053   0.12975   0.21672   0.01715   0.15915   0.05070   0.35664   0.08464   0.00750   0.16054   0.03718   0.04139   0.09464   0.00000   0.03902   0.03669   0.15231   0.01355   0.21859   0.08119   0.02526   0.09863   0.00537   0.04020   0.05228   0.14467   0.02209   0.10585   0.05762   0.04425   0.01601   0.04492   0.04877   0.01155   0.02127   0.02605   0.02521   0.00366   0.01532   0.05191   0.05199   0.06778   0.02504   0.02698   0.06568   0.04409   2.00417   0.92650   0.98026   1.60602  
  4 717.2155   4987.604419  x:  0.00000   0.04056   0.06670   0.05823   0.00214   0.02763   0.03741   0.08988   0.13022   0.21800   0.01710   0.16034   0.04864   0.35838   0.08378   0.00743   0.16041   0.03580   0.04074   0.09462   0.00000   0.03879   0.03676   0.15365   0.01389   0.21740   0.08202   0.02172   0.09873   0.00079   0.04040   0.05204   0.14240   0.02225   0.10603   0.05742   0.04436   0.01177   0.04509   0.04660   0.01055   0.02307   0.02238   0.02449   0.00000   0.01335   0.05083   0.05178   0.06667   0.02515   0.02704   0.06517   0.04411   2.00437   0.92767   0.97746   1.60701  
  5 6467.2881   4986.768598  x:  0.00000   0.04058   0.06665   0.05817   0.00214   0.02727   0.03707   0.08974   0.13028   0.21818   0.01714   0.16051   0.04831   0.35860   0.08365   0.00754   0.16037   0.03570   0.04066   0.09461   0.00000   0.03877   0.03672   0.15384   0.01384   0.21715   0.08214   0.02118   0.09877   0.00000   0.04042   0.05198   0.14199   0.02224   0.10604   0.05739   0.04434   0.01108   0.04504   0.04639   0.01059   0.02273   0.02189   0.02466   0.00000   0.01343   0.05071   0.05175   0.06649   0.02515   0.02702   0.06510   0.04409   2.00440   0.92790   0.97698   1.60719  
  6 1765.1314   4978.865114  x:  0.00000   0.03911   0.06621   0.06018   0.00187   0.01978   0.03205   0.08556   0.13104   0.22249   0.01927   0.16367   0.04082   0.36385   0.08240   0.01027   0.15945   0.04112   0.03875   0.09382   0.00000   0.03908   0.03623   0.15672   0.01409   0.21116   0.08400   0.01688   0.10161   0.00000   0.04151   0.04973   0.13218   0.02129   0.10531   0.05722   0.04305   0.00000   0.04393   0.04888   0.00641   0.01603   0.02730   0.01814   0.00000   0.00982   0.05040   0.05176   0.06307   0.02452   0.02649   0.06445   0.04308   2.00550   0.93589   0.96275   1.61242  
  7 563.8768   4969.781924  x:  0.00000   0.03426   0.06487   0.06707   0.00276   0.00000   0.01835   0.07404   0.13355   0.23850   0.02612   0.17415   0.01905   0.38573   0.08101   0.01437   0.15905   0.05413   0.03294   0.09125   0.00000   0.04002   0.03584   0.16514   0.01601   0.19745   0.08887   0.00961   0.10966   0.00000   0.04420   0.04370   0.10657   0.02010   0.10306   0.05657   0.04041   0.00000   0.04395   0.05545   0.02539   0.01625   0.04688   0.00968   0.00000   0.00987   0.04969   0.05245   0.05334   0.02278   0.02512   0.06375   0.04066   2.00903   0.96111   0.91665   1.62917  
  8 958.1069   4969.781924  x:  0.00000   0.03426   0.06487   0.06707   0.00276   0.00000   0.01835   0.07404   0.13355   0.23850   0.02612   0.17415   0.01905   0.38573   0.08101   0.01437   0.15905   0.05413   0.03294   0.09125   0.00000   0.04002   0.03584   0.16514   0.01601   0.19745   0.08887   0.00961   0.10966   0.00000   0.04420   0.04370   0.10657   0.02010   0.10306   0.05657   0.04041   0.00000   0.04395   0.05545   0.02539   0.01625   0.04688   0.00968   0.00000   0.00987   0.04969   0.05245   0.05334   0.02278   0.02512   0.06375   0.04066   2.00903   0.96111   0.91665   1.62917  
  9 1204.3597   4960.974900  x:  0.00000   0.03553   0.06439   0.06529   0.01997   0.01104   0.01628   0.07190   0.13363   0.23946   0.02747   0.17496   0.01830   0.38615   0.08012   0.01616   0.15801   0.05021   0.03360   0.09141   0.00000   0.03937   0.03484   0.16634   0.01429   0.19397   0.08991   0.00700   0.10908   0.00000   0.04441   0.04357   0.10240   0.02115   0.10349   0.05689   0.04084   0.00000   0.03903   0.05188   0.02012   0.01124   0.03896   0.03349   0.00890   0.01633   0.04883   0.05218   0.05219   0.02341   0.02579   0.06277   0.04109   2.00940   0.96230   0.91104   1.63093  
 10 868.4898   4951.260664  x:  0.00000   0.03787   0.06377   0.06161   0.01777   0.00907   0.00967   0.06730   0.13353   0.24173   0.02938   0.17642   0.01784   0.38711   0.07845   0.01691   0.15549   0.04290   0.03471   0.09164   0.00000   0.03806   0.03375   0.16883   0.01199   0.18674   0.09116   0.00229   0.10800   0.00000   0.04376   0.04434   0.09394   0.02248   0.10389   0.05694   0.04205   0.00000   0.03034   0.04440   0.01167   0.00529   0.02266   0.03926   0.00000   0.01819   0.04700   0.05172   0.04990   0.02445   0.02707   0.06093   0.04214   2.01016   0.96446   0.89905   1.63463  
 11 445.6667   4945.469268  x:  0.00000   0.04014   0.06314   0.05770   0.01556   0.00747   0.00245   0.06175   0.13318   0.24455   0.03222   0.17804   0.01730   0.38818   0.07658   0.01785   0.15250   0.03518   0.03580   0.09182   0.00000   0.03682   0.03296   0.17169   0.01050   0.17812   0.09255   0.00951   0.10678   0.00000   0.04312   0.04490   0.08427   0.02330   0.10423   0.05691   0.04273   0.00000   0.02159   0.03728   0.00741   0.00928   0.00542   0.04523   0.00000   0.01947   0.04498   0.05121   0.04730   0.02535   0.02771   0.05896   0.04279   2.01109   0.96715   0.88449   1.63913  
 12 1297.6835   4943.538119  x:  0.00000   0.04056   0.06284   0.05656   0.01463   0.00710   0.00000   0.05964   0.13285   0.24572   0.03366   0.17856   0.01722   0.38854   0.07599   0.01810   0.15144   0.03324   0.03610   0.09182   0.00000   0.03658   0.03297   0.17267   0.01071   0.17491   0.09301   0.00872   0.10631   0.00000   0.04292   0.04495   0.08107   0.02322   0.10434   0.05683   0.04270   0.00000   0.02090   0.03589   0.00952   0.01024   0.00551   0.04645   0.00000   0.01970   0.04426   0.05107   0.04645   0.02549   0.02759   0.05840   0.04279   2.01145   0.96817   0.87886   1.64087  
 13 443.9943   4936.298326  x:  0.00000   0.04189   0.06065   0.04979   0.00929   0.00724   0.00000   0.04302   0.12919   0.25563   0.04624   0.18210   0.01670   0.39114   0.07207   0.01993   0.14355   0.02405   0.03799   0.09160   0.00000   0.03570   0.03341   0.17984   0.01292   0.15008   0.09630   0.01138   0.10298   0.00000   0.04191   0.04456   0.05908   0.02179   0.10497   0.05608   0.04150   0.00000   0.02317   0.03116   0.00284   0.01259   0.01589   0.05063   0.00000   0.01912   0.03994   0.05027   0.04057   0.02572   0.02580   0.05511   0.04194   2.01433   0.97575   0.83357   1.65465  
 14 1084.8963   4930.254508  x:  0.00000   0.04116   0.05904   0.04676   0.00806   0.01032   0.00000   0.02839   0.12519   0.26508   0.05506   0.18449   0.01618   0.39321   0.06933   0.02115   0.13734   0.02421   0.03926   0.09112   0.00000   0.03573   0.03309   0.18547   0.01271   0.12916   0.09874   0.01779   0.10050   0.00000   0.04157   0.04376   0.04551   0.02106   0.10531   0.05539   0.04030   0.00000   0.02841   0.03322   0.00624   0.00323   0.01563   0.04908   0.00000   0.01655   0.03867   0.05003   0.03669   0.02532   0.02476   0.05357   0.04095   2.01692   0.98118   0.79208   1.66700  
 15 1140.0024   4920.410861  x:  0.00000   0.03761   0.05644   0.04586   0.01050   0.01740   0.00000   0.00000   0.11673   0.28474   0.06525   0.18767   0.01558   0.39693   0.06532   0.02181   0.12674   0.03550   0.04068   0.08974   0.00000   0.03658   0.03142   0.19518   0.00902   0.09147   0.10264   0.01055   0.09629   0.00000   0.04128   0.04229   0.03489   0.02170   0.10561   0.05395   0.03870   0.00000   0.03714   0.04319   0.00541   0.01066   0.00684   0.04072   0.00000   0.01309   0.04044   0.05043   0.03196   0.02397   0.02487   0.05292   0.03941   2.02207   0.98806   0.70709   1.69160  
 16 1157.9705   4920.410861  x:  0.00000   0.03761   0.05644   0.04586   0.01050   0.01740   0.00000   0.00000   0.11673   0.28474   0.06525   0.18767   0.01558   0.39693   0.06532   0.02181   0.12674   0.03550   0.04068   0.08974   0.00000   0.03658   0.03142   0.19518   0.00902   0.09147   0.10264   0.01055   0.09629   0.00000   0.04128   0.04229   0.03489   0.02170   0.10561   0.05395   0.03870   0.00000   0.03714   0.04319   0.00541   0.01066   0.00684   0.04072   0.00000   0.01309   0.04044   0.05043   0.03196   0.02397   0.02487   0.05292   0.03941   2.02207   0.98806   0.70709   1.69160  
 17 737.4682   4914.694636  x:  0.00000   0.03817   0.05740   0.04778   0.00364   0.01087   0.00000   0.00335   0.11714   0.28673   0.05965   0.18665   0.01636   0.39690   0.06606   0.01981   0.12749   0.03283   0.03883   0.08949   0.00000   0.03620   0.03285   0.19474   0.01241   0.09622   0.10189   0.00552   0.09687   0.00000   0.04103   0.04291   0.04987   0.02182   0.10493   0.05395   0.03933   0.00000   0.03114   0.04036   0.02518   0.01079   0.01175   0.03610   0.00000   0.01843   0.04099   0.05089   0.03414   0.02414   0.02533   0.05384   0.03986   2.02243   0.98300   0.69836   1.69337  
 18 461.4772   4909.048965  x:  0.00000   0.03887   0.05950   0.05231   0.01487   0.00434   0.00000   0.00949   0.11847   0.29176   0.04554   0.18413   0.01700   0.39680   0.06789   0.01878   0.12970   0.02825   0.03524   0.08891   0.00000   0.03550   0.03354   0.19361   0.01377   0.10769   0.10013   0.00929   0.09858   0.00000   0.04105   0.04360   0.07138   0.02158   0.10339   0.05424   0.04054   0.00000   0.01754   0.03434   0.02016   0.00492   0.01100   0.02665   0.00000   0.01828   0.04236   0.05183   0.03892   0.02450   0.02598   0.05582   0.04077   2.02345   0.97066   0.67362   1.69840  
 19 331.2248   4905.976174  x:  0.00000   0.03899   0.06071   0.05494   0.01333   0.00000   0.00000   0.01270   0.11977   0.29615   0.03521   0.18198   0.01754   0.39671   0.06954   0.01948   0.13163   0.02736   0.03386   0.08852   0.00000   0.03531   0.03309   0.19260   0.01273   0.11663   0.09881   0.00638   0.09985   0.00000   0.04142   0.04362   0.08228   0.02128   0.10227   0.05453   0.04107   0.00000   0.01628   0.03205   0.01152   0.01658   0.01241   0.02410   0.00000   0.01621   0.04316   0.05233   0.04214   0.02469   0.02599   0.05696   0.04116   2.02445   0.96074   0.64850   1.70356  
 20 457.8337   4899.680632  x:  0.00000   0.03748   0.06230   0.05875   0.00539   0.00851   0.00000   0.01694   0.12341   0.30622   0.02073   0.17758   0.01792   0.39640   0.07336   0.02305   0.13602   0.03013   0.03371   0.08794   0.00000   0.03572   0.03196   0.19034   0.01033   0.13442   0.09682   0.00415   0.10241   0.00000   0.04395   0.04157   0.09694   0.02084   0.10061   0.05591   0.04130   0.00000   0.03235   0.03274   0.00514   0.01236   0.00922   0.02849   0.00000   0.01412   0.04425   0.05281   0.04763   0.02490   0.02546   0.05835   0.04136   2.02706   0.93957   0.58221   1.71717  
 21 486.6801   4890.173455  x:  0.00000   0.03630   0.06396   0.06171   0.01551   0.01838   0.00000   0.01941   0.13044   0.32676   0.02394   0.17047   0.01970   0.39594   0.08052   0.02448   0.14380   0.03674   0.03594   0.08749   0.00000   0.03709   0.02984   0.18615   0.00581   0.16419   0.09291   0.02073   0.10675   0.00000   0.04537   0.04030   0.10284   0.02060   0.09765   0.05713   0.04061   0.00000   0.04478   0.03830   0.01638   0.02479   0.00404   0.03734   0.00000   0.00893   0.04453   0.05267   0.05517   0.02514   0.02452   0.05918   0.04095   2.03269   0.89919   0.43364   1.74732  
 22 853.8118   4879.250634  x:  0.00000   0.03655   0.06433   0.06160   0.01935   0.02105   0.00000   0.01852   0.13743   0.34858   0.03689   0.16426   0.02071   0.39580   0.08621   0.02039   0.15054   0.04132   0.03796   0.08752   0.00000   0.03811   0.03149   0.18237   0.01204   0.19077   0.08948   0.02664   0.10995   0.00000   0.04475   0.04096   0.09895   0.02102   0.09547   0.05736   0.03963   0.00000   0.04935   0.04378   0.01264   0.02550   0.02030   0.04327   0.00000   0.02151   0.04356   0.05191   0.06066   0.02537   0.02441   0.05886   0.04033   2.03880   0.85620   0.26619   1.78070  
 23 2172.5122   4869.375703  x:  0.00000   0.03779   0.06273   0.05761   0.01033   0.01289   0.00000   0.01347   0.14100   0.36287   0.04538   0.16166   0.01879   0.39613   0.08623   0.01123   0.15259   0.03972   0.03763   0.08761   0.00000   0.03707   0.03174   0.18073   0.01151   0.20135   0.08849   0.01722   0.10964   0.00000   0.04185   0.04291   0.08645   0.02109   0.09515   0.05585   0.03901   0.00000   0.04175   0.04345   0.01098   0.01890   0.00849   0.04079   0.00000   0.01524   0.04207   0.05077   0.06109   0.02546   0.02497   0.05716   0.03975   2.04292   0.82254   0.14702   1.80404  
 24 1237.9157   4868.041994  x:  0.00000   0.03567   0.06097   0.05605   0.01263   0.01649   0.00000   0.00962   0.14091   0.36507   0.03995   0.16123   0.01583   0.39567   0.08313   0.01502   0.15172   0.03730   0.03592   0.08638   0.00000   0.03585   0.02927   0.18061   0.00669   0.19828   0.08970   0.01385   0.10743   0.00000   0.04168   0.04026   0.07986   0.01941   0.09479   0.05453   0.03808   0.00000   0.03931   0.04099   0.01371   0.01870   0.01176   0.03870   0.00000   0.01603   0.04097   0.05030   0.05923   0.02517   0.02299   0.05581   0.03870   2.04397   0.80797   0.13007   1.80941  
 25 182.0826   4867.601152  x:  0.00000   0.03490   0.06038   0.05574   0.01346   0.01826   0.00000   0.00743   0.14088   0.36614   0.03693   0.16109   0.01542   0.39524   0.08156   0.01692   0.15073   0.03676   0.03539   0.08566   0.00000   0.03592   0.03064   0.18064   0.01195   0.19540   0.09048   0.01379   0.10613   0.00000   0.04202   0.03915   0.07716   0.02001   0.09445   0.05417   0.03789   0.00000   0.03901   0.04017   0.01462   0.01972   0.01100   0.03832   0.00000   0.01612   0.04093   0.05024   0.05810   0.02515   0.02316   0.05538   0.03848   2.04469   0.79945   0.12463   1.81255  
 26 160.0235   4867.129440  x:  0.00000   0.03657   0.06122   0.05700   0.01190   0.01711   0.00000   0.00467   0.14140   0.36847   0.03674   0.16158   0.01952   0.39425   0.08042   0.01650   0.14772   0.03822   0.03692   0.08486   0.00000   0.03728   0.03043   0.18092   0.01073   0.18787   0.09192   0.01713   0.10444   0.00000   0.04318   0.04056   0.07750   0.02296   0.09401   0.05512   0.03907   0.00000   0.03939   0.04113   0.01407   0.01985   0.01036   0.03932   0.00000   0.01850   0.04239   0.05104   0.05648   0.02578   0.02627   0.05615   0.03969   2.04654   0.78420   0.12158   1.81957  
 27 74.7193   4866.914999  x:  0.00000   0.03734   0.06207   0.05793   0.01162   0.01649   0.00000   0.00443   0.14219   0.37050   0.03869   0.16249   0.02079   0.39391   0.08024   0.01642   0.14636   0.03877   0.03749   0.08548   0.00000   0.03757   0.03134   0.18155   0.01098   0.18280   0.09308   0.01764   0.10441   0.00000   0.04341   0.04145   0.07930   0.02035   0.09461   0.05585   0.03953   0.00000   0.03999   0.04200   0.01368   0.01941   0.01190   0.04008   0.00000   0.01596   0.04270   0.05201   0.05604   0.02620   0.02428   0.05705   0.04012   2.04804   0.77702   0.12080   1.82488  
 28 75.2691   4866.719077  x:  0.00000   0.03698   0.06306   0.05863   0.01304   0.01687   0.00000   0.00610   0.14401   0.37431   0.04147   0.16464   0.01910   0.39423   0.08060   0.01813   0.14605   0.03849   0.03742   0.08778   0.00000   0.03695   0.03209   0.18330   0.01066   0.17579   0.09504   0.01555   0.10613   0.00000   0.04307   0.04184   0.08202   0.02057   0.09675   0.05647   0.03933   0.00000   0.04075   0.04260   0.01309   0.02025   0.00991   0.04012   0.00000   0.01796   0.04268   0.05375   0.05633   0.02645   0.02309   0.05817   0.04004   2.05076   0.77278   0.12027   1.83411  
 29 48.9874   4866.570302  x:  0.00000   0.03661   0.06353   0.05867   0.01363   0.01659   0.00000   0.00731   0.14582   0.37810   0.04168   0.16668   0.01737   0.39505   0.08145   0.01928   0.14648   0.03827   0.03749   0.08942   0.00000   0.03705   0.03199   0.18525   0.01067   0.17012   0.09655   0.01497   0.10808   0.00000   0.04317   0.04154   0.08299   0.02220   0.09839   0.05671   0.03934   0.00000   0.04105   0.04258   0.01319   0.02009   0.01118   0.04024   0.00000   0.01608   0.04243   0.05493   0.05680   0.02639   0.02598   0.05842   0.04010   2.05369   0.77156   0.12000   1.84400  
 30 68.0263   4866.263689  x:  0.00000   0.03678   0.06336   0.05788   0.01220   0.01352   0.00000   0.00757   0.14981   0.38691   0.03753   0.17052   0.01690   0.39803   0.08470   0.02015   0.14861   0.03864   0.03796   0.09035   0.00000   0.03883   0.03037   0.18981   0.01112   0.16105   0.09855   0.01810   0.11172   0.00000   0.04452   0.04018   0.08143   0.01986   0.09976   0.05668   0.03995   0.00000   0.04060   0.04176   0.01346   0.01969   0.01087   0.04024   0.00000   0.01733   0.04303   0.05578   0.05793   0.02590   0.02546   0.05721   0.04027   2.06142   0.77239   0.12070   1.87027  
 31 68.0880   4865.943233  x:  0.00000   0.03683   0.06199   0.05774   0.01194   0.01243   0.00000   0.00464   0.15318   0.39574   0.03630   0.17237   0.01865   0.40152   0.08714   0.02082   0.15083   0.03826   0.03657   0.08850   0.00000   0.03786   0.03065   0.19349   0.01090   0.15734   0.09914   0.01795   0.11203   0.00000   0.04461   0.04119   0.08064   0.02413   0.09851   0.05643   0.03944   0.00000   0.04017   0.04152   0.01365   0.01893   0.01146   0.03976   0.00000   0.01625   0.04293   0.05463   0.05864   0.02608   0.02142   0.05672   0.04011   2.07096   0.77296   0.12374   1.90327  
 32 93.4883   4865.324698  x:  0.00000   0.03687   0.06063   0.05799   0.01239   0.01280   0.00000   0.00000   0.15645   0.40567   0.03672   0.17321   0.01945   0.40556   0.08830   0.02091   0.15285   0.03774   0.03555   0.08589   0.00000   0.03646   0.03174   0.19695   0.01053   0.15588   0.09912   0.01594   0.11058   0.00000   0.04402   0.04191   0.08037   0.02255   0.09642   0.05618   0.03899   0.00000   0.03957   0.04149   0.01366   0.01862   0.01087   0.03899   0.00000   0.01628   0.04273   0.05269   0.05907   0.02645   0.02322   0.05692   0.04010   2.08305   0.77317   0.12849   1.94557  
 33 254.8644   4864.312638  x:  0.00000   0.03746   0.06283   0.05788   0.01081   0.01495   0.00000   0.00000   0.16039   0.42600   0.03737   0.17109   0.01200   0.41364   0.08102   0.01637   0.15198   0.03779   0.04208   0.08498   0.00000   0.04017   0.03142   0.20095   0.01034   0.15746   0.09763   0.01343   0.10358   0.00000   0.04328   0.03936   0.07743   0.02381   0.09496   0.05596   0.04161   0.00000   0.03518   0.04028   0.01351   0.01784   0.01034   0.03792   0.00000   0.01569   0.04299   0.04967   0.05710   0.02597   0.02180   0.05771   0.04033   2.11519   0.77275   0.14194   2.06063  
 34 258.5981   4862.960267  x:  0.00000   0.03629   0.06784   0.05486   0.00678   0.01536   0.00000   0.00000   0.15442   0.43505   0.03714   0.16607   0.02076   0.41815   0.06901   0.02135   0.14222   0.03350   0.03968   0.09362   0.00000   0.03841   0.02873   0.19735   0.01096   0.16145   0.09630   0.01332   0.09846   0.00000   0.04483   0.04015   0.06921   0.02361   0.10179   0.05565   0.03971   0.00000   0.03065   0.03776   0.01370   0.01620   0.00987   0.03615   0.00000   0.01485   0.04303   0.05335   0.05069   0.02506   0.02205   0.05626   0.04008   2.15081   0.77507   0.15485   2.19382  
 35 245.1849   4862.022833  x:  0.00000   0.03758   0.06456   0.05278   0.01152   0.01231   0.00000   0.00000   0.14439   0.42976   0.03192   0.16350   0.02296   0.41730   0.06442   0.01444   0.13318   0.03512   0.03510   0.09440   0.00000   0.03862   0.02949   0.19106   0.01055   0.15912   0.09663   0.00947   0.09864   0.00000   0.04386   0.04136   0.06443   0.02369   0.10391   0.05506   0.04000   0.00000   0.03416   0.03865   0.01510   0.01552   0.00991   0.03553   0.00000   0.01502   0.04280   0.05676   0.04518   0.02593   0.02165   0.05449   0.04017   2.17259   0.77779   0.16116   2.28065  
 36 260.5229   4860.396303  x:  0.00000   0.03633   0.05337   0.05247   0.00566   0.01530   0.00000   0.00000   0.12193   0.40488   0.03192   0.16138   0.02019   0.41020   0.06581   0.01503   0.12201   0.03702   0.03243   0.08525   0.00000   0.03847   0.03054   0.17738   0.00959   0.14826   0.09827   0.01230   0.10088   0.00000   0.04051   0.03825   0.06382   0.02415   0.09930   0.05282   0.04027   0.00000   0.02882   0.03675   0.01360   0.01523   0.00938   0.03163   0.00000   0.01399   0.04106   0.05976   0.03753   0.02651   0.02068   0.05333   0.03897   2.20644   0.78366   0.16860   2.42485  
 37 293.2607   4859.458133  x:  0.00000   0.03767   0.05589   0.05240   0.00753   0.01472   0.00000   0.00000   0.11123   0.38280   0.03030   0.16100   0.02121   0.40322   0.06823   0.01729   0.12109   0.03224   0.03903   0.07963   0.00000   0.03803   0.02690   0.17040   0.01078   0.13804   0.09852   0.00775   0.09783   0.00000   0.04326   0.03997   0.06321   0.02395   0.09394   0.05210   0.03933   0.00000   0.02677   0.03429   0.01382   0.01450   0.00874   0.03362   0.00000   0.01317   0.04249   0.05819   0.03752   0.02463   0.02010   0.05294   0.03930   2.22757   0.78894   0.17228   2.52022  
 38 323.4932   4858.734814  x:  0.00000   0.03586   0.06215   0.05179   0.00610   0.01181   0.00000   0.00000   0.11012   0.36049   0.02829   0.16101   0.01853   0.39542   0.06647   0.01587   0.12469   0.02801   0.03700   0.07976   0.00000   0.03453   0.02922   0.16774   0.00970   0.12917   0.09753   0.01049   0.09220   0.00000   0.04259   0.03967   0.06260   0.02380   0.09065   0.05186   0.03807   0.00000   0.02853   0.03485   0.01353   0.01408   0.00864   0.03087   0.00000   0.01315   0.04122   0.05408   0.04126   0.02417   0.01990   0.05293   0.03846   2.24455   0.79226   0.17589   2.60270  
 39 278.6502   4858.177839  x:  0.00000   0.03546   0.06271   0.05067   0.00656   0.01018   0.00000   0.00000   0.11601   0.34028   0.02745   0.16111   0.01990   0.38762   0.06453   0.01842   0.12849   0.03411   0.03423   0.08258   0.00000   0.03681   0.02962   0.16853   0.00918   0.12401   0.09621   0.00803   0.08902   0.00000   0.04130   0.03732   0.06337   0.02379   0.09135   0.05178   0.03960   0.00000   0.02611   0.03397   0.01350   0.01317   0.00815   0.02967   0.00000   0.01261   0.04085   0.05018   0.04432   0.02478   0.01984   0.05196   0.03842   2.25843   0.79456   0.17968   2.67569  
 40 264.3226   4857.795377  x:  0.00000   0.03588   0.05676   0.05071   0.00613   0.00924   0.00000   0.00000   0.12504   0.32596   0.02768   0.16161   0.01816   0.38123   0.06323   0.01789   0.12879   0.03019   0.03321   0.08411   0.00000   0.03737   0.02650   0.17228   0.00998   0.12368   0.09558   0.00804   0.09136   0.00000   0.04162   0.03870   0.06481   0.02346   0.09474   0.05174   0.03891   0.00000   0.02557   0.03253   0.01316   0.01292   0.00775   0.03101   0.00000   0.01245   0.04138   0.04907   0.04403   0.02475   0.01991   0.05185   0.03854   2.26807   0.79470   0.18389   2.73404  
 41 172.9836   4857.663199  x:  0.00000   0.03571   0.05679   0.05109   0.00641   0.00782   0.00000   0.00000   0.12835   0.32207   0.02702   0.16244   0.01753   0.37896   0.06466   0.01927   0.12702   0.02973   0.03590   0.08371   0.00000   0.03634   0.02814   0.17506   0.00947   0.12497   0.09614   0.00746   0.09360   0.00000   0.04195   0.03829   0.06463   0.02335   0.09607   0.05169   0.03872   0.00000   0.02580   0.03384   0.01336   0.01247   0.00764   0.02833   0.00000   0.01233   0.04097   0.05101   0.04247   0.02417   0.02001   0.05229   0.03838   2.27127   0.79516   0.18599   2.76081  
 42 94.9709   4857.595202  x:  0.00000   0.03523   0.05884   0.05101   0.00643   0.00741   0.00000   0.00000   0.12924   0.32128   0.02673   0.16354   0.01650   0.37802   0.06594   0.01928   0.12539   0.02998   0.03523   0.08301   0.00000   0.03531   0.02917   0.17721   0.00907   0.12568   0.09712   0.00719   0.09441   0.00000   0.04182   0.03782   0.06509   0.02325   0.09636   0.05185   0.03894   0.00000   0.02501   0.03232   0.01334   0.01229   0.00752   0.02992   0.00000   0.01241   0.04101   0.05321   0.04137   0.02433   0.02010   0.05232   0.03836   2.27231   0.79590   0.18740   2.77901  
 43 68.8514   4857.535203  x:  0.00000   0.03525   0.05963   0.05069   0.00643   0.00783   0.00000   0.00396   0.12869   0.32185   0.02685   0.16440   0.01618   0.37785   0.06622   0.01914   0.12488   0.02983   0.03435   0.08306   0.00000   0.03598   0.02817   0.17833   0.00933   0.12557   0.09790   0.00703   0.09413   0.00000   0.04175   0.03798   0.06597   0.02313   0.09626   0.05194   0.03896   0.00000   0.02502   0.03249   0.01325   0.01237   0.00746   0.02906   0.00000   0.01233   0.04105   0.05427   0.04115   0.02447   0.02014   0.05212   0.03841   2.27190   0.79668   0.18812   2.78983  
 44 49.6164   4857.462901  x:  0.00000   0.03500   0.05871   0.05067   0.00662   0.00686   0.00000   0.00318   0.12459   0.32415   0.02651   0.16646   0.01545   0.37831   0.06558   0.01969   0.12556   0.02971   0.03425   0.08552   0.00000   0.03641   0.02763   0.18123   0.00937   0.12522   0.09953   0.00699   0.09350   0.00000   0.04098   0.03806   0.06821   0.02284   0.09641   0.05159   0.03834   0.00000   0.02492   0.03298   0.01306   0.01211   0.00723   0.02924   0.00000   0.01229   0.04070   0.05538   0.04172   0.02415   0.02030   0.05240   0.03801   2.26759   0.79817   0.19025   2.81829  
 45 33.7930   4857.425469  x:  0.00000   0.03525   0.05864   0.05084   0.00660   0.00795   0.00000   0.00255   0.12294   0.32523   0.02665   0.16705   0.01584   0.37860   0.06560   0.01875   0.12613   0.02933   0.03420   0.08653   0.00000   0.03617   0.02804   0.18206   0.00920   0.12468   0.10001   0.00678   0.09410   0.00000   0.04179   0.03766   0.06886   0.02277   0.09729   0.05189   0.03910   0.00000   0.02489   0.03191   0.01299   0.01235   0.00724   0.02818   0.00000   0.01224   0.04095   0.05529   0.04213   0.02425   0.02033   0.05238   0.03843   2.26321   0.79892   0.19128   2.83226  
 46 54.8299   4857.323734  x:  0.00000   0.03502   0.05927   0.05118   0.00635   0.00808   0.00000   0.00356   0.12095   0.32745   0.02615   0.16547   0.01542   0.37947   0.06517   0.01858   0.12817   0.02940   0.03418   0.08622   0.00000   0.03518   0.02845   0.18002   0.00909   0.12348   0.09919   0.00628   0.09776   0.00000   0.04200   0.03790   0.06882   0.02268   0.10032   0.05221   0.03919   0.00000   0.02345   0.03342   0.01297   0.01212   0.00712   0.02883   0.00000   0.01221   0.04132   0.05247   0.04335   0.02472   0.02043   0.05230   0.03845   2.24249   0.79898   0.19364   2.85496  
 47 33.5710   4857.213652  x:  0.00000   0.03490   0.05974   0.05055   0.00658   0.00639   0.00000   0.00395   0.12062   0.32892   0.02700   0.16417   0.01506   0.38026   0.06539   0.01938   0.12899   0.02938   0.03429   0.08534   0.00000   0.03594   0.02824   0.17773   0.00915   0.12265   0.09846   0.00624   0.09947   0.00000   0.04083   0.03783   0.06873   0.02268   0.10181   0.05187   0.03865   0.00000   0.02490   0.03088   0.01297   0.01169   0.00701   0.02808   0.00000   0.01219   0.04075   0.05105   0.04392   0.02444   0.02054   0.05241   0.03808   2.21733   0.79888   0.19585   2.87619  
 48 103.8890   4856.802381  x:  0.00000   0.03553   0.05989   0.04731   0.00622   0.00742   0.00000   0.00123   0.12680   0.32981   0.02604   0.16426   0.01486   0.38225   0.06809   0.01930   0.12580   0.02761   0.03280   0.08477   0.00000   0.03745   0.02784   0.17242   0.00919   0.11905   0.09883   0.00551   0.09536   0.00000   0.04039   0.03788   0.06897   0.02260   0.10049   0.05122   0.03860   0.00000   0.02330   0.03219   0.01277   0.01158   0.00676   0.02755   0.00000   0.01205   0.03961   0.05483   0.04306   0.02313   0.02056   0.05287   0.03858   2.11522   0.80251   0.20133   2.94887  
 49 127.4341   4856.654837  x:  0.00000   0.03512   0.05824   0.04970   0.00611   0.00685   0.00000   0.00207   0.12843   0.32939   0.02561   0.16522   0.01464   0.38275   0.06634   0.01952   0.12501   0.02900   0.03403   0.08547   0.00000   0.03467   0.02742   0.17201   0.00943   0.11785   0.09940   0.00577   0.09326   0.00000   0.04120   0.03869   0.06836   0.02255   0.09877   0.05118   0.03859   0.00000   0.02332   0.03122   0.01286   0.01144   0.00691   0.02717   0.00000   0.01196   0.04114   0.05528   0.04212   0.02461   0.02053   0.05215   0.03810   2.07656   0.80415   0.20227   2.96771  
 50 175.9002   4856.599708  x:  0.00000   0.03513   0.05787   0.05112   0.00623   0.00649   0.00000   0.00294   0.12786   0.32828   0.02577   0.16632   0.01580   0.38236   0.06456   0.01972   0.12514   0.02786   0.03412   0.08521   0.00000   0.03567   0.02858   0.17431   0.00899   0.11819   0.10002   0.00562   0.09347   0.00000   0.04122   0.03738   0.06778   0.02275   0.09763   0.05143   0.03894   0.00000   0.02342   0.03141   0.01287   0.01140   0.00689   0.02787   0.00000   0.01198   0.04098   0.05437   0.04134   0.02463   0.02046   0.05171   0.03821   2.06098   0.80430   0.20220   2.97010  
 51 53.8231   4856.554846  x:  0.00000   0.03549   0.05874   0.05015   0.00601   0.00715   0.00000   0.00289   0.12637   0.32638   0.02578   0.16745   0.01611   0.38135   0.06347   0.01930   0.12533   0.02869   0.03400   0.08429   0.00000   0.03562   0.02809   0.17883   0.00920   0.11935   0.10087   0.00575   0.09432   0.00000   0.04120   0.03835   0.06711   0.02282   0.09718   0.05153   0.03860   0.00000   0.02331   0.03142   0.01288   0.01151   0.00696   0.02765   0.00000   0.01201   0.04036   0.05340   0.04086   0.02406   0.02040   0.05209   0.03846   2.04766   0.80356   0.20226   2.97081  
 52 38.6524   4856.543463  x:  0.00000   0.03527   0.05867   0.04962   0.00599   0.00709   0.00000   0.00302   0.12556   0.32577   0.02599   0.16716   0.01612   0.38094   0.06425   0.01919   0.12539   0.02855   0.03406   0.08433   0.00000   0.03554   0.02792   0.18044   0.00927   0.11987   0.10076   0.00573   0.09398   0.00000   0.04105   0.03805   0.06668   0.02290   0.09751   0.05119   0.03896   0.00000   0.02340   0.03162   0.01289   0.01146   0.00700   0.02765   0.00000   0.01198   0.04112   0.05343   0.04141   0.02463   0.02040   0.05208   0.03818   2.04427   0.80296   0.20236   2.96999  
 53 15.3747   4856.538973  x:  0.00000   0.03553   0.05837   0.04985   0.00594   0.00711   0.00000   0.00331   0.12514   0.32558   0.02593   0.16662   0.01592   0.38079   0.06480   0.01924   0.12545   0.02859   0.03411   0.08455   0.00000   0.03566   0.02826   0.18113   0.00917   0.11992   0.10044   0.00578   0.09350   0.00000   0.04117   0.03831   0.06637   0.02291   0.09787   0.05130   0.03879   0.00000   0.02334   0.03152   0.01293   0.01145   0.00701   0.02776   0.00000   0.01202   0.04087   0.05352   0.04176   0.02454   0.02039   0.05200   0.03840   2.04314   0.80277   0.20234   2.96909  
 54  7.3259   4856.534819  x:  0.00000   0.03529   0.05837   0.05025   0.00598   0.00705   0.00000   0.00327   0.12502   0.32555   0.02599   0.16589   0.01602   0.38076   0.06496   0.01909   0.12537   0.02866   0.03400   0.08445   0.00000   0.03546   0.02788   0.18175   0.00928   0.11960   0.09990   0.00574   0.09331   0.00000   0.04115   0.03804   0.06644   0.02291   0.09798   0.05151   0.03891   0.00000   0.02336   0.03158   0.01291   0.01145   0.00699   0.02776   0.00000   0.01202   0.04059   0.05365   0.04151   0.02409   0.02039   0.05201   0.03831   2.04285   0.80291   0.20232   2.96935  
 55  2.2031   4856.519357  x:  0.00000   0.03539   0.05856   0.05006   0.00604   0.00717   0.00000   0.00298   0.12493   0.32563   0.02593   0.16386   0.01597   0.38075   0.06440   0.01944   0.12503   0.02852   0.03383   0.08400   0.00000   0.03574   0.02814   0.18338   0.00917   0.11830   0.09832   0.00581   0.09332   0.00000   0.04102   0.03839   0.06696   0.02282   0.09776   0.05150   0.03882   0.00000   0.02343   0.03158   0.01287   0.01148   0.00704   0.02762   0.00000   0.01201   0.04113   0.05402   0.04052   0.02457   0.02039   0.05210   0.03818   2.04270   0.80396   0.20214   2.97105  
 56  4.7073   4856.478249  x:  0.00000   0.03540   0.05804   0.04876   0.00611   0.00740   0.00000   0.00347   0.12505   0.32584   0.02613   0.16241   0.01666   0.38040   0.06355   0.01892   0.12455   0.02858   0.03478   0.08442   0.00000   0.03487   0.02839   0.18410   0.00912   0.11723   0.09711   0.00582   0.09402   0.00000   0.04111   0.03762   0.06748   0.02279   0.09650   0.05006   0.03808   0.00000   0.02331   0.03145   0.01269   0.01150   0.00704   0.02800   0.00000   0.01210   0.03996   0.05442   0.04129   0.02500   0.02040   0.05169   0.03875   2.04275   0.80464   0.20240   2.97125  
 57  3.7836   4856.095862  x:  0.00000   0.03653   0.05726   0.04951   0.00596   0.00772   0.00000   0.00313   0.12580   0.32681   0.02834   0.16095   0.01604   0.37579   0.06210   0.01975   0.12121   0.02839   0.03337   0.08570   0.00000   0.03434   0.02910   0.18495   0.00914   0.11496   0.09564   0.00523   0.09789   0.00000   0.04019   0.04027   0.06452   0.02216   0.09006   0.04962   0.04130   0.00000   0.02286   0.03160   0.01247   0.01077   0.00763   0.02774   0.00000   0.01267   0.04041   0.05557   0.04764   0.02182   0.02101   0.05111   0.03649   2.04484   0.80959   0.20651   2.98143  
 58  8.8865   4855.236412  x:  0.00000   0.03448   0.05757   0.05240   0.00614   0.00755   0.00000   0.00056   0.12718   0.32760   0.03192   0.16423   0.01587   0.36688   0.06470   0.01794   0.11826   0.02866   0.03227   0.08427   0.00000   0.03519   0.02790   0.18534   0.01002   0.11102   0.09719   0.00450   0.09732   0.00000   0.03745   0.03932   0.06070   0.02098   0.08928   0.05304   0.03407   0.00000   0.02160   0.03248   0.01167   0.00956   0.00905   0.02649   0.00000   0.01384   0.04073   0.05253   0.04821   0.02628   0.02196   0.05317   0.03963   2.04969   0.82175   0.21494   3.00610  
 59 49.0309   4854.568477  x:  0.00000   0.03585   0.05530   0.04878   0.00678   0.00579   0.00000   0.00111   0.12757   0.32749   0.03471   0.16825   0.01552   0.36249   0.06624   0.01845   0.12082   0.02820   0.03290   0.08178   0.00000   0.03224   0.02992   0.18431   0.00993   0.10786   0.09947   0.00557   0.09179   0.00000   0.03863   0.04030   0.06154   0.02003   0.09469   0.05122   0.03762   0.00000   0.02186   0.03349   0.01054   0.00894   0.01000   0.02762   0.00000   0.01505   0.03775   0.04757   0.04138   0.02600   0.02289   0.05260   0.03753   2.05293   0.83111   0.22045   3.01845  
 60 71.7208   4854.496256  x:  0.00000   0.03516   0.05509   0.04863   0.00673   0.00610   0.00000   0.00143   0.12759   0.32639   0.03535   0.16868   0.01571   0.36426   0.06606   0.01751   0.12353   0.02862   0.03306   0.08143   0.00000   0.03249   0.03093   0.18400   0.00964   0.10774   0.09958   0.00559   0.09159   0.00000   0.03864   0.04055   0.06163   0.01996   0.09537   0.05011   0.03622   0.00000   0.02170   0.03352   0.01034   0.00893   0.01019   0.02763   0.00000   0.01508   0.03956   0.04926   0.04017   0.02381   0.02304   0.05131   0.03720   2.05318   0.83120   0.22122   3.01886  
 61 22.7579   4854.439974  x:  0.00000   0.03595   0.05528   0.04902   0.00666   0.00598   0.00000   0.00154   0.12744   0.32399   0.03590   0.16892   0.01550   0.36919   0.06569   0.01753   0.12746   0.02854   0.03299   0.08115   0.00000   0.03227   0.03052   0.18384   0.00988   0.10811   0.09943   0.00555   0.09223   0.00000   0.03811   0.04064   0.06088   0.01996   0.09524   0.05040   0.03702   0.00000   0.02177   0.03378   0.01033   0.00878   0.01026   0.02763   0.00000   0.01521   0.03893   0.05281   0.03919   0.02483   0.02310   0.05138   0.03810   2.05346   0.83052   0.22202   3.01959  
 62 18.3986   4854.419083  x:  0.00000   0.03550   0.05520   0.04883   0.00670   0.00599   0.00000   0.00192   0.12744   0.32240   0.03601   0.16904   0.01553   0.37326   0.06604   0.01728   0.12758   0.02864   0.03311   0.08178   0.00000   0.03268   0.03072   0.18400   0.00983   0.10811   0.09934   0.00551   0.09259   0.00000   0.03886   0.04079   0.06078   0.01995   0.09494   0.05093   0.03679   0.00000   0.02165   0.03369   0.01031   0.00878   0.01029   0.02776   0.00000   0.01528   0.03855   0.05276   0.03909   0.02519   0.02319   0.05237   0.03690   2.05363   0.83015   0.22218   3.01945  
 63 12.7352   4854.397938  x:  0.00000   0.03566   0.05528   0.04870   0.00681   0.00587   0.00000   0.00223   0.12749   0.32039   0.03620   0.16928   0.01516   0.37880   0.06648   0.01763   0.12631   0.02868   0.03306   0.08242   0.00000   0.03240   0.03076   0.18449   0.00985   0.10802   0.09941   0.00560   0.09280   0.00000   0.03855   0.04064   0.06101   0.01996   0.09492   0.05101   0.03689   0.00000   0.02181   0.03384   0.01028   0.00879   0.01036   0.02783   0.00000   0.01532   0.03909   0.05153   0.03929   0.02471   0.02319   0.05235   0.03785   2.05392   0.82989   0.22221   3.01979  
 64 16.4058   4854.395171  x:  0.00000   0.03571   0.05548   0.04898   0.00680   0.00597   0.00000   0.00210   0.12756   0.32007   0.03624   0.16938   0.01517   0.37963   0.06643   0.01761   0.12593   0.02867   0.03309   0.08215   0.00000   0.03251   0.03070   0.18466   0.00987   0.10799   0.09953   0.00560   0.09276   0.00000   0.03849   0.04074   0.06111   0.01994   0.09523   0.05074   0.03686   0.00000   0.02181   0.03388   0.01026   0.00882   0.01035   0.02780   0.00000   0.01533   0.03890   0.05149   0.03961   0.02489   0.02321   0.05184   0.03764   2.05399   0.82992   0.22222   3.02023  
 65  6.4012   4854.394834  x:  0.00000   0.03569   0.05542   0.04897   0.00681   0.00593   0.00000   0.00211   0.12757   0.32004   0.03625   0.16938   0.01520   0.37973   0.06628   0.01763   0.12587   0.02868   0.03308   0.08194   0.00000   0.03249   0.03072   0.18468   0.00987   0.10796   0.09960   0.00561   0.09269   0.00000   0.03855   0.04070   0.06111   0.01994   0.09538   0.05075   0.03686   0.00000   0.02182   0.03388   0.01026   0.00882   0.01036   0.02780   0.00000   0.01533   0.03893   0.05156   0.03981   0.02485   0.02320   0.05197   0.03766   2.05399   0.82998   0.22220   3.02021  
 66  1.3342   4854.394449  x:  0.00000   0.03566   0.05538   0.04889   0.00681   0.00597   0.00000   0.00214   0.12759   0.32004   0.03621   0.16926   0.01527   0.37976   0.06625   0.01760   0.12588   0.02866   0.03319   0.08192   0.00000   0.03246   0.03075   0.18469   0.00986   0.10794   0.09978   0.00563   0.09268   0.00000   0.03837   0.04072   0.06113   0.01994   0.09540   0.05095   0.03688   0.00000   0.02181   0.03386   0.01026   0.00883   0.01036   0.02782   0.00000   0.01533   0.03893   0.05158   0.03987   0.02484   0.02321   0.05192   0.03762   2.05398   0.83002   0.22220   3.02004  
 67  0.3096   4854.389971  x:  0.00000   0.03553   0.05538   0.04879   0.00682   0.00577   0.00000   0.00202   0.12773   0.32004   0.03640   0.16804   0.01513   0.37977   0.06626   0.01765   0.12602   0.02868   0.03306   0.08194   0.00000   0.03254   0.03070   0.18476   0.00989   0.10812   0.10132   0.00567   0.09276   0.00000   0.03882   0.04063   0.06112   0.01993   0.09517   0.05111   0.03685   0.00000   0.02186   0.03392   0.01026   0.00882   0.01032   0.02779   0.00000   0.01532   0.03891   0.05151   0.03985   0.02488   0.02322   0.05159   0.03772   2.05377   0.83025   0.22239   3.01874  
 68  1.1063   4854.381388  x:  0.00000   0.03592   0.05550   0.04926   0.00678   0.00603   0.00000   0.00206   0.12790   0.32009   0.03629   0.16713   0.01532   0.37975   0.06638   0.01748   0.12617   0.02867   0.03306   0.08222   0.00000   0.03260   0.03062   0.18477   0.00997   0.10826   0.10241   0.00580   0.09286   0.00000   0.03837   0.04054   0.06079   0.01992   0.09517   0.05022   0.03685   0.00000   0.02185   0.03385   0.01033   0.00886   0.01031   0.02784   0.00000   0.01534   0.03897   0.05136   0.03974   0.02480   0.02325   0.05233   0.03755   2.05334   0.83075   0.22265   3.01558  
 69  5.0163   4854.282920  x:  0.00000   0.03409   0.05536   0.04896   0.00695   0.00666   0.00000   0.00179   0.12792   0.32110   0.03686   0.16793   0.01496   0.37889   0.06643   0.01744   0.12594   0.02869   0.03327   0.08268   0.00000   0.03356   0.03045   0.18441   0.01059   0.11108   0.09903   0.00665   0.09364   0.00000   0.03862   0.04041   0.05880   0.01979   0.09523   0.05033   0.03739   0.00000   0.02247   0.03390   0.01081   0.00916   0.00989   0.02816   0.00000   0.01554   0.03877   0.05150   0.04024   0.02471   0.02362   0.05166   0.03804   2.04822   0.83448   0.22625   2.98025  
 70  9.6536   4854.270601  x:  0.00000   0.03523   0.05539   0.04879   0.00697   0.00670   0.00000   0.00173   0.12791   0.32123   0.03703   0.16808   0.01477   0.37877   0.06641   0.01750   0.12590   0.02876   0.03312   0.08269   0.00000   0.03333   0.03033   0.18437   0.01071   0.11147   0.09850   0.00676   0.09373   0.00000   0.03880   0.03965   0.05862   0.01983   0.09521   0.05078   0.03688   0.00000   0.02256   0.03397   0.01085   0.00919   0.00984   0.02818   0.00000   0.01554   0.03898   0.05155   0.04033   0.02463   0.02369   0.05138   0.03745   2.04759   0.83488   0.22673   2.97590  
 71 31.8778   4854.249886  x:  0.00000   0.03543   0.05518   0.04836   0.00669   0.00711   0.00000   0.00145   0.12823   0.32328   0.03777   0.16772   0.01487   0.38023   0.06579   0.01709   0.12571   0.02887   0.03345   0.08234   0.00000   0.03322   0.03048   0.18556   0.01082   0.11172   0.09840   0.00628   0.09294   0.00000   0.03862   0.03985   0.05798   0.01982   0.09523   0.05057   0.03703   0.00000   0.02281   0.03389   0.01107   0.00899   0.00941   0.02829   0.00000   0.01530   0.03902   0.05091   0.04015   0.02458   0.02369   0.05147   0.03746   2.05651   0.83531   0.22708   2.96855  
 72  0.0225   4854.244557  x:  0.00000   0.03542   0.05526   0.04834   0.00677   0.00708   0.00000   0.00143   0.12828   0.32337   0.03824   0.16799   0.01493   0.38003   0.06584   0.01728   0.12576   0.02893   0.03350   0.08254   0.00000   0.03335   0.03040   0.18574   0.01084   0.11065   0.09869   0.00635   0.09326   0.00000   0.03859   0.03971   0.05827   0.01989   0.09544   0.05062   0.03711   0.00000   0.02285   0.03388   0.01106   0.00898   0.00934   0.02838   0.00000   0.01511   0.03902   0.05101   0.04023   0.02452   0.02364   0.05162   0.03747   2.05692   0.83491   0.22902   2.96954  
 73  0.0029   4854.243561  x:  0.00000   0.03541   0.05523   0.04835   0.00683   0.00703   0.00000   0.00149   0.12820   0.32299   0.03826   0.16788   0.01498   0.38002   0.06577   0.01721   0.12575   0.02886   0.03343   0.08249   0.00000   0.03329   0.03036   0.18563   0.01077   0.11102   0.09853   0.00632   0.09315   0.00000   0.03852   0.03973   0.05842   0.01987   0.09536   0.05058   0.03710   0.00000   0.02273   0.03381   0.01102   0.00896   0.00934   0.02829   0.00000   0.01508   0.03898   0.05092   0.04022   0.02452   0.02361   0.05160   0.03743   2.05639   0.83540   0.23000   2.96994  
 74  0.0015   4854.243353  x:  0.00000   0.03543   0.05525   0.04840   0.00680   0.00701   0.00000   0.00148   0.12821   0.32313   0.03818   0.16796   0.01500   0.38014   0.06581   0.01718   0.12575   0.02885   0.03344   0.08245   0.00000   0.03331   0.03036   0.18568   0.01074   0.11094   0.09855   0.00633   0.09313   0.00000   0.03855   0.03977   0.05835   0.01986   0.09531   0.05059   0.03711   0.00000   0.02273   0.03382   0.01104   0.00898   0.00933   0.02827   0.00000   0.01511   0.03901   0.05091   0.04020   0.02455   0.02363   0.05157   0.03745   2.05668   0.83538   0.23011   2.96612  
 75  0.0031   4854.243239  x:  0.00000   0.03543   0.05526   0.04842   0.00680   0.00705   0.00000   0.00149   0.12819   0.32311   0.03814   0.16794   0.01496   0.38014   0.06579   0.01723   0.12574   0.02886   0.03345   0.08246   0.00000   0.03329   0.03041   0.18565   0.01073   0.11097   0.09858   0.00630   0.09310   0.00000   0.03856   0.03979   0.05838   0.01987   0.09534   0.05059   0.03709   0.00000   0.02275   0.03383   0.01106   0.00899   0.00936   0.02830   0.00000   0.01512   0.03900   0.05093   0.04018   0.02455   0.02364   0.05159   0.03745   2.05665   0.83539   0.22991   2.95912  
 76  0.0047   4854.242989  x:  0.00000   0.03544   0.05527   0.04840   0.00675   0.00705   0.00000   0.00146   0.12817   0.32315   0.03806   0.16790   0.01496   0.38011   0.06577   0.01722   0.12570   0.02889   0.03346   0.08248   0.00000   0.03332   0.03045   0.18563   0.01074   0.11097   0.09851   0.00633   0.09313   0.00000   0.03855   0.03978   0.05843   0.01987   0.09533   0.05060   0.03710   0.00000   0.02272   0.03385   0.01102   0.00894   0.00935   0.02830   0.00000   0.01509   0.03900   0.05094   0.04020   0.02454   0.02364   0.05161   0.03746   2.05683   0.83564   0.22887   2.93838  
 77  0.0086   4854.242641  x:  0.00000   0.03543   0.05523   0.04836   0.00681   0.00701   0.00000   0.00147   0.12818   0.32302   0.03805   0.16791   0.01498   0.38008   0.06576   0.01721   0.12573   0.02887   0.03341   0.08246   0.00000   0.03327   0.03044   0.18565   0.01076   0.11091   0.09853   0.00632   0.09313   0.00000   0.03854   0.03977   0.05834   0.01986   0.09534   0.05059   0.03710   0.00000   0.02273   0.03383   0.01098   0.00900   0.00931   0.02829   0.00000   0.01510   0.03900   0.05090   0.04020   0.02453   0.02362   0.05160   0.03745   2.05662   0.83583   0.22696   2.90562  
 78  0.0186   4854.242513  x:  0.00000   0.03542   0.05525   0.04839   0.00680   0.00702   0.00000   0.00149   0.12816   0.32299   0.03812   0.16795   0.01499   0.38010   0.06578   0.01721   0.12574   0.02884   0.03345   0.08246   0.00000   0.03330   0.03037   0.18561   0.01075   0.11093   0.09854   0.00631   0.09312   0.00000   0.03855   0.03975   0.05837   0.01987   0.09536   0.05058   0.03710   0.00000   0.02274   0.03381   0.01101   0.00897   0.00933   0.02828   0.00000   0.01510   0.03900   0.05091   0.04017   0.02453   0.02363   0.05158   0.03744   2.05618   0.83587   0.22613   2.89260  
 79  0.0100   4854.242500  x:  0.00000   0.03542   0.05524   0.04838   0.00680   0.00702   0.00000   0.00149   0.12815   0.32302   0.03814   0.16794   0.01497   0.38008   0.06578   0.01721   0.12573   0.02885   0.03343   0.08246   0.00000   0.03329   0.03038   0.18562   0.01074   0.11092   0.09853   0.00632   0.09312   0.00000   0.03854   0.03976   0.05837   0.01986   0.09534   0.05059   0.03710   0.00000   0.02272   0.03381   0.01103   0.00897   0.00934   0.02827   0.00000   0.01510   0.03900   0.05091   0.04018   0.02453   0.02363   0.05159   0.03745   2.05633   0.83588   0.22605   2.89124  
 80  0.0012   4854.242500  x:  0.00000   0.03543   0.05524   0.04838   0.00680   0.00702   0.00000   0.00149   0.12815   0.32301   0.03814   0.16793   0.01498   0.38007   0.06578   0.01721   0.12573   0.02885   0.03344   0.08246   0.00000   0.03329   0.03038   0.18562   0.01074   0.11092   0.09853   0.00632   0.09312   0.00000   0.03855   0.03976   0.05838   0.01986   0.09534   0.05059   0.03710   0.00000   0.02272   0.03381   0.01103   0.00897   0.00934   0.02827   0.00000   0.01511   0.03900   0.05091   0.04019   0.02453   0.02363   0.05159   0.03745   2.05631   0.83589   0.22603   2.89088  
 81  0.0004   4854.242500  x:  0.00000   0.03543   0.05524   0.04838   0.00680   0.00702   0.00000   0.00149   0.12815   0.32301   0.03814   0.16793   0.01498   0.38008   0.06577   0.01721   0.12573   0.02885   0.03344   0.08246   0.00000   0.03329   0.03039   0.18562   0.01075   0.11092   0.09853   0.00632   0.09312   0.00000   0.03855   0.03976   0.05838   0.01986   0.09534   0.05059   0.03710   0.00000   0.02272   0.03381   0.01103   0.00897   0.00934   0.02827   0.00000   0.01511   0.03900   0.05091   0.04018   0.02453   0.02363   0.05159   0.03745   2.05630   0.83588   0.22604   2.89106  
 82  0.0002   4854.242500  x:  0.00000   0.03543   0.05524   0.04838   0.00680   0.00702   0.00000   0.00149   0.12815   0.32301   0.03814   0.16793   0.01498   0.38008   0.06577   0.01721   0.12573   0.02885   0.03344   0.08246   0.00000   0.03329   0.03039   0.18562   0.01075   0.11092   0.09853   0.00632   0.09312   0.00000   0.03855   0.03976   0.05838   0.01986   0.09534   0.05059   0.03710   0.00000   0.02272   0.03381   0.01103   0.00897   0.00934   0.02827   0.00000   0.01511   0.03900   0.05091   0.04018   0.02453   0.02363   0.05159   0.03745   2.05631   0.83588   0.22605   2.89121  
 83  0.0002   4854.242500  x:  0.00000   0.03543   0.05524   0.04838   0.00680   0.00702   0.00000   0.00149   0.12815   0.32301   0.03814   0.16793   0.01498   0.38008   0.06577   0.01721   0.12573   0.02885   0.03344   0.08246   0.00000   0.03329   0.03039   0.18562   0.01075   0.11092   0.09853   0.00632   0.09312   0.00000   0.03855   0.03976   0.05838   0.01986   0.09534   0.05059   0.03710   0.00000   0.02272   0.03381   0.01103   0.00897   0.00934   0.02827   0.00000   0.01511   0.03900   0.05091   0.04018   0.02453   0.02363   0.05159   0.03745   2.05631   0.83588   0.22605   2.89121  
 84  0.0001   4854.242500  x:  0.00000   0.03543   0.05524   0.04838   0.00680   0.00702   0.00000   0.00149   0.12815   0.32301   0.03814   0.16793   0.01498   0.38008   0.06577   0.01721   0.12573   0.02885   0.03344   0.08246   0.00000   0.03329   0.03039   0.18562   0.01075   0.11092   0.09853   0.00632   0.09312   0.00000   0.03855   0.03976   0.05838   0.01986   0.09534   0.05059   0.03710   0.00000   0.02272   0.03381   0.01103   0.00897   0.00934   0.02827   0.00000   0.01511   0.03900   0.05091   0.04018   0.02453   0.02363   0.05159   0.03745   2.05631   0.83588   0.22605   2.89121  
 85  0.0026   4854.242500  x:  0.00000   0.03543   0.05524   0.04838   0.00680   0.00702   0.00000   0.00149   0.12815   0.32301   0.03814   0.16793   0.01498   0.38008   0.06577   0.01721   0.12573   0.02885   0.03344   0.08246   0.00000   0.03329   0.03039   0.18562   0.01075   0.11092   0.09853   0.00632   0.09312   0.00000   0.03855   0.03976   0.05838   0.01986   0.09534   0.05059   0.03710   0.00000   0.02272   0.03381   0.01103   0.00897   0.00934   0.02827   0.00000   0.01511   0.03900   0.05091   0.04018   0.02453   0.02363   0.05159   0.03745   2.05631   0.83588   0.22605   2.89121  
 86  5.4688   4854.242500  x:  0.00000   0.03543   0.05524   0.04838   0.00680   0.00702   0.00000   0.00149   0.12815   0.32301   0.03814   0.16793   0.01498   0.38008   0.06577   0.01721   0.12573   0.02885   0.03344   0.08246   0.00000   0.03329   0.03039   0.18562   0.01075   0.11092   0.09853   0.00632   0.09312   0.00000   0.03855   0.03976   0.05838   0.01986   0.09534   0.05059   0.03710   0.00000   0.02272   0.03381   0.01103   0.00897   0.00934   0.02827   0.00000   0.01511   0.03900   0.05091   0.04018   0.02453   0.02363   0.05159   0.03745   2.05631   0.83588   0.22605   2.89121  
 87  0.0371   4854.242500  x:  0.00000   0.03543   0.05524   0.04838   0.00680   0.00702   0.00000   0.00149   0.12815   0.32301   0.03814   0.16793   0.01498   0.38008   0.06577   0.01721   0.12573   0.02885   0.03344   0.08246   0.00000   0.03329   0.03039   0.18562   0.01075   0.11092   0.09853   0.00632   0.09312   0.00000   0.03855   0.03976   0.05838   0.01986   0.09534   0.05059   0.03710   0.00000   0.02272   0.03381   0.01103   0.00897   0.00934   0.02827   0.00000   0.01511   0.03900   0.05091   0.04018   0.02453   0.02363   0.05159   0.03745   2.05631   0.83588   0.22605   2.89121  
check convergence!
