Supplemental results for CODEML (seqf: gli1.fasta  treef: gli1_tree.txt)


MLEs of dN/dS (w) for site classes (K=6)

p:   0.07369  0.07369  0.07369  0.07369  0.07369  0.63153
w:   0.05469  0.08822  0.11766  0.15218  0.21036  1.00000

Naive Empirical Bayes (NEB) probabilities for 6 classes & postmean_w
(amino acids refer to 1st sequence: Coturnix_japonica)

   1 -   0.20970 0.19065 0.17537 0.15904 0.13493 0.13032 ( 1)  0.232
   2 -   0.00665 0.01547 0.02495 0.03720 0.05858 0.85715 ( 6)  0.880
   3 -   0.22936 0.20452 0.18495 0.16441 0.13487 0.08189 ( 1)  0.188
   4 -   0.25387 0.21951 0.19321 0.16639 0.12936 0.03765 ( 1)  0.146
   5 -   0.00136 0.00485 0.01001 0.01838 0.03686 0.92854 ( 6)  0.941
   6 -   0.00518 0.01217 0.01981 0.02985 0.04785 0.88514 ( 6)  0.903
   7 -   0.12530 0.16763 0.18975 0.20253 0.20267 0.11211 ( 5)  0.230
   8 -   0.07121 0.10188 0.12231 0.13986 0.15716 0.40758 ( 6)  0.489
   9 -   0.26368 0.22446 0.19490 0.16521 0.12512 0.02662 ( 1)  0.135
  10 -   0.01783 0.03963 0.06139 0.08735 0.12715 0.66664 ( 6)  0.718
  11 -   0.00000 0.00000 0.00000 0.00000 0.00002 0.99998 ( 6)  1.000
  12 -   0.24624 0.21482 0.19061 0.16574 0.13104 0.05154 ( 1)  0.159
  13 -   0.00000 0.00002 0.00006 0.00019 0.00080 0.99894 ( 6)  0.999
  14 -   0.00014 0.00054 0.00121 0.00242 0.00566 0.99004 ( 6)  0.992
  15 -   0.10230 0.14136 0.16460 0.18158 0.19207 0.21809 ( 6)  0.324
  16 -   0.00000 0.00000 0.00000 0.00001 0.00007 0.99991 ( 6)  1.000
  17 -   0.22804 0.20354 0.18423 0.16395 0.13475 0.08550 ( 1)  0.191
  18 -   0.00001 0.00007 0.00027 0.00081 0.00297 0.99588 ( 6)  0.997
  19 -   0.01545 0.03445 0.05354 0.07648 0.11215 0.70792 ( 6)  0.753
  20 -   0.00000 0.00000 0.00000 0.00002 0.00014 0.99984 ( 6)  1.000
  21 -   0.07369 0.07369 0.07369 0.07369 0.07369 0.63153 ( 6)  0.677
  22 -   0.00002 0.00010 0.00028 0.00071 0.00219 0.99670 ( 6)  0.997
  23 -   0.00000 0.00004 0.00015 0.00046 0.00176 0.99758 ( 6)  0.998
  24 -   0.00000 0.00001 0.00003 0.00010 0.00046 0.99939 ( 6)  1.000
  25 -   0.07369 0.07369 0.07369 0.07369 0.07369 0.63153 ( 6)  0.677
  26 -   0.00017 0.00074 0.00175 0.00370 0.00914 0.98450 ( 6)  0.987
  27 -   0.07369 0.07369 0.07369 0.07369 0.07369 0.63153 ( 6)  0.677
  28 G   0.27386 0.22904 0.19584 0.16308 0.11992 0.01826 ( 1)  0.127
  29 S   0.24913 0.21671 0.19178 0.16621 0.13066 0.04552 ( 1)  0.154
  30 R   0.09325 0.12987 0.15230 0.16947 0.18198 0.27313 ( 6)  0.372
  31 F   0.25661 0.22100 0.19384 0.16624 0.12835 0.03396 ( 1)  0.143
  32 S   0.23726 0.20962 0.18804 0.16558 0.13368 0.06583 ( 1)  0.173
  33 T   0.25659 0.22082 0.19357 0.16593 0.12805 0.03504 ( 1)  0.144
  34 P   0.11934 0.16054 0.18266 0.19620 0.19863 0.14264 ( 5)  0.256
  35 R   0.20536 0.18745 0.17304 0.15758 0.13462 0.14195 ( 1)  0.242
  36 G   0.04495 0.06631 0.08177 0.09649 0.11429 0.59619 ( 6)  0.653
  37 A   0.22962 0.20453 0.18480 0.16412 0.13444 0.08250 ( 1)  0.188
  38 G   0.27055 0.22756 0.19555 0.16378 0.12160 0.02097 ( 1)  0.129
  39 K   0.24190 0.21256 0.18976 0.16615 0.13285 0.05679 ( 1)  0.164
  40 L   0.25865 0.22194 0.19406 0.16584 0.12731 0.03220 ( 1)  0.141
  41 G   0.27180 0.22813 0.19568 0.16354 0.12098 0.01987 ( 1)  0.128
  42 K   0.09305 0.13005 0.15296 0.17073 0.18417 0.26903 ( 6)  0.368
  43 K   0.09407 0.13131 0.15427 0.17197 0.18511 0.26326 ( 6)  0.363
  44 R   0.01560 0.03483 0.05420 0.07753 0.11389 0.70395 ( 6)  0.750
  45 A   0.00655 0.01524 0.02457 0.03662 0.05765 0.85937 ( 6)  0.882
  46 L   0.09133 0.12802 0.15094 0.16893 0.18301 0.27777 ( 6)  0.376
  47 S   0.03600 0.07661 0.11428 0.15554 0.21012 0.40744 ( 6)  0.497
  48 I   0.09465 0.13235 0.15570 0.17378 0.18734 0.25618 ( 6)  0.357
  49 S   0.08544 0.12035 0.14251 0.16036 0.17538 0.31595 ( 6)  0.409
  50 P   0.02563 0.05563 0.08443 0.11732 0.16419 0.55280 ( 6)  0.621
  51 L   0.09640 0.13435 0.15759 0.17533 0.18804 0.24829 ( 6)  0.350
  52 S   0.08410 0.11867 0.14074 0.15865 0.17403 0.32380 ( 6)  0.416
  53 D   0.04083 0.08606 0.12726 0.17145 0.22766 0.34674 ( 6)  0.446
  54 S   0.09622 0.13386 0.15681 0.17422 0.18652 0.25238 ( 6)  0.354
  55 S   0.03345 0.07157 0.10726 0.14678 0.20011 0.44083 ( 6)  0.526
  56 V   0.00002 0.00011 0.00033 0.00084 0.00255 0.99615 ( 6)  0.997
  57 D   0.14671 0.18894 0.20684 0.21231 0.19895 0.04626 ( 4)  0.169
  58 L   0.27082 0.22788 0.19585 0.16404 0.12174 0.01966 ( 1)  0.128
  59 Q   0.27543 0.22990 0.19622 0.16300 0.11932 0.01613 ( 1)  0.124
  60 T   0.27727 0.23064 0.19626 0.16248 0.11827 0.01507 ( 1)  0.123
  61 V   0.01257 0.02848 0.04488 0.06513 0.09795 0.75101 ( 6)  0.790
  62 I   0.27178 0.22840 0.19608 0.16399 0.12139 0.01835 ( 1)  0.127
  63 R   0.13333 0.17561 0.19614 0.20616 0.20120 0.08756 ( 4)  0.207
  64 T   0.04127 0.08678 0.12809 0.17222 0.22795 0.34369 ( 6)  0.443
  65 S   0.01080 0.02460 0.03895 0.05684 0.08632 0.78249 ( 6)  0.817
  66 P   0.28860 0.23490 0.19617 0.15892 0.11163 0.00978 ( 1)  0.117
  67 N   0.02719 0.05910 0.08980 0.12487 0.17483 0.52421 ( 6)  0.597
  68 S   0.29330 0.23681 0.19631 0.15762 0.10897 0.00698 ( 1)  0.114
  69 L   0.28907 0.23530 0.19644 0.15905 0.11151 0.00863 ( 1)  0.116
  70 V   0.23423 0.20774 0.18698 0.16529 0.13431 0.07146 ( 1)  0.178
  71 A   0.27293 0.22860 0.19572 0.16323 0.12035 0.01917 ( 1)  0.127
  72 F   0.26529 0.22540 0.19536 0.16523 0.12462 0.02410 ( 1)  0.133
  73 I   0.26802 0.22668 0.19568 0.16473 0.12328 0.02161 ( 1)  0.130
  74 N   0.27434 0.22951 0.19626 0.16339 0.12001 0.01649 ( 1)  0.125
  75 S   0.29382 0.23699 0.19629 0.15744 0.10866 0.00680 ( 1)  0.114
  76 R   0.11197 0.15237 0.17510 0.19027 0.19633 0.17396 ( 5)  0.284
  77 C   0.27205 0.22834 0.19584 0.16364 0.12099 0.01915 ( 1)  0.128
  78 A   0.26595 0.22536 0.19493 0.16452 0.12375 0.02549 ( 1)  0.134
  79 S   0.27556 0.22993 0.19618 0.16293 0.11922 0.01619 ( 1)  0.124
  80 A   0.00020 0.00112 0.00297 0.00681 0.01774 0.97116 ( 6)  0.976
  81 S   0.00071 0.00263 0.00559 0.01063 0.02259 0.95786 ( 6)  0.965
  82 G   0.03220 0.06895 0.10340 0.14164 0.19352 0.46029 ( 6)  0.543
  83 S   0.29382 0.23699 0.19629 0.15744 0.10866 0.00680 ( 1)  0.114
  84 Y   0.05860 0.08512 0.10355 0.12024 0.13862 0.49387 ( 6)  0.564
  85 G   0.10905 0.14903 0.17191 0.18761 0.19497 0.18742 ( 5)  0.296
  86 H   0.13477 0.17848 0.20005 0.21084 0.20604 0.06982 ( 4)  0.192
  87 L   0.13761 0.18028 0.20035 0.20930 0.20205 0.07040 ( 4)  0.192
  88 S   0.14523 0.18755 0.20583 0.21190 0.19956 0.04994 ( 4)  0.173
  89 I   0.27178 0.22840 0.19608 0.16399 0.12139 0.01835 ( 1)  0.127
  90 S   0.04468 0.09336 0.13702 0.18299 0.23943 0.30253 ( 6)  0.408
  91 S   0.00441 0.01506 0.02983 0.05223 0.09669 0.80177 ( 6)  0.835
  92 I   0.10621 0.14637 0.17000 0.18693 0.19654 0.19395 ( 5)  0.302
  93 S   0.01577 0.03528 0.05498 0.07878 0.11600 0.69919 ( 6)  0.746
  94 P   0.24850 0.21620 0.19136 0.16591 0.13053 0.04749 ( 1)  0.155
  95 S   0.26300 0.22412 0.19479 0.16530 0.12542 0.02737 ( 1)  0.136
  96 L   0.09734 0.13523 0.15822 0.17554 0.18748 0.24619 ( 6)  0.348
  97 G   0.10848 0.14841 0.17135 0.18719 0.19486 0.18972 ( 5)  0.298
  98 Y   0.26170 0.22360 0.19476 0.16568 0.12619 0.02807 ( 1)  0.137
  99 Q   0.27650 0.23037 0.19629 0.16276 0.11876 0.01533 ( 1)  0.124
 100 N   0.10002 0.13850 0.16160 0.17870 0.18981 0.23137 ( 6)  0.335
 101 P   0.05980 0.08662 0.10512 0.12175 0.13977 0.48694 ( 6)  0.558
 102 A   0.08535 0.12001 0.14192 0.15945 0.17402 0.31925 ( 6)  0.412
 103 G   0.01103 0.02508 0.03963 0.05772 0.08737 0.77917 ( 6)  0.814
 104 Q   0.27650 0.23037 0.19629 0.16276 0.11876 0.01533 ( 1)  0.124
 105 Q   0.02398 0.05245 0.08014 0.11219 0.15889 0.57236 ( 6)  0.638
 106 K   0.25724 0.22129 0.19390 0.16611 0.12803 0.03342 ( 1)  0.142
 107 G   0.28407 0.23327 0.19629 0.16043 0.11433 0.01161 ( 1)  0.119
 108 Q   0.23442 0.20790 0.18711 0.16539 0.13436 0.07081 ( 1)  0.177
 109 G   0.12107 0.16274 0.18501 0.19850 0.20047 0.13222 ( 5)  0.247
 110 Q   0.13800 0.18065 0.20063 0.20943 0.20192 0.06937 ( 4)  0.191
 111 L   0.11267 0.15350 0.17654 0.19198 0.19825 0.16705 ( 5)  0.278
 112 S   0.00502 0.01706 0.03363 0.05854 0.10731 0.77843 ( 6)  0.816
 113 C   0.00000 0.00000 0.00000 0.00000 0.00000 1.00000 ( 6)  1.000
 114 A   0.00000 0.00000 0.00000 0.00001 0.00008 0.99991 ( 6)  1.000
 115 T   0.00000 0.00000 0.00000 0.00000 0.00001 0.99999 ( 6)  1.000
 116 L   0.00000 0.00000 0.00000 0.00001 0.00009 0.99990 ( 6)  1.000
 117 -   0.07369 0.07369 0.07369 0.07369 0.07369 0.63153 ( 6)  0.677
 118 L   0.00210 0.00752 0.01549 0.02836 0.05634 0.89020 ( 6)  0.909
 119 P   0.05306 0.07750 0.09475 0.11067 0.12887 0.53513 ( 6)  0.600
 120 -   0.07369 0.07369 0.07369 0.07369 0.07369 0.63153 ( 6)  0.677
 121 N   0.00003 0.00016 0.00046 0.00114 0.00340 0.99480 ( 6)  0.996
 122 P   0.00000 0.00001 0.00002 0.00007 0.00032 0.99958 ( 6)  1.000
 123 V   0.00000 0.00001 0.00006 0.00021 0.00101 0.99871 ( 6)  0.999
 124 L   0.00000 0.00000 0.00000 0.00000 0.00001 0.99999 ( 6)  1.000
 125 T   0.00000 0.00000 0.00002 0.00008 0.00043 0.99946 ( 6)  1.000
 126 P   0.00001 0.00008 0.00028 0.00084 0.00309 0.99569 ( 6)  0.997
 127 R   0.00015 0.00077 0.00199 0.00450 0.01179 0.98078 ( 6)  0.984
 128 A   0.00051 0.00152 0.00295 0.00530 0.01087 0.97886 ( 6)  0.982
 129 P   0.00019 0.00075 0.00165 0.00327 0.00745 0.98669 ( 6)  0.989
 130 A   0.06059 0.08768 0.10631 0.12299 0.14097 0.48146 ( 6)  0.553
 131 S   0.00000 0.00000 0.00000 0.00000 0.00003 0.99997 ( 6)  1.000
 132 H   0.00000 0.00000 0.00000 0.00000 0.00000 1.00000 ( 6)  1.000
 133 P   0.00000 0.00000 0.00000 0.00000 0.00000 1.00000 ( 6)  1.000
 134 G   0.00000 0.00000 0.00000 0.00000 0.00000 1.00000 ( 6)  1.000
 135 S   0.00016 0.00090 0.00244 0.00565 0.01504 0.97581 ( 6)  0.980
 136 W   0.00000 0.00000 0.00000 0.00000 0.00002 0.99998 ( 6)  1.000
 137 D   0.00002 0.00015 0.00054 0.00159 0.00559 0.99210 ( 6)  0.994
 138 P   0.00023 0.00087 0.00191 0.00377 0.00852 0.98469 ( 6)  0.987
 139 -   0.07369 0.07369 0.07369 0.07369 0.07369 0.63153 ( 6)  0.677
 140 T   0.00642 0.01496 0.02417 0.03610 0.05701 0.86134 ( 6)  0.883
 141 L   0.11085 0.15141 0.17453 0.19029 0.19737 0.17555 ( 5)  0.286
 142 P   0.22075 0.19851 0.18087 0.16220 0.13506 0.10260 ( 1)  0.207
 143 A   0.22203 0.19945 0.18155 0.16263 0.13515 0.09918 ( 1)  0.203
 144 V   0.04948 0.07260 0.08910 0.10454 0.12267 0.56161 ( 6)  0.623
 145 K   0.00000 0.00000 0.00001 0.00004 0.00020 0.99975 ( 6)  1.000
 146 A   0.00434 0.01029 0.01685 0.02558 0.04154 0.90140 ( 6)  0.917
 147 G   0.21728 0.19615 0.17932 0.16145 0.13531 0.11049 ( 1)  0.214
 148 E   0.00230 0.00808 0.01639 0.02952 0.05729 0.88643 ( 6)  0.906
 149 E   0.28363 0.23329 0.19654 0.16082 0.11475 0.01097 ( 1)  0.119
 150 P   0.00026 0.00099 0.00215 0.00423 0.00947 0.98290 ( 6)  0.986
 151 E   0.13032 0.17297 0.19443 0.20584 0.20317 0.09326 ( 4)  0.213
 152 -   0.07369 0.07369 0.07369 0.07369 0.07369 0.63153 ( 6)  0.677
 153 P   0.03557 0.07543 0.11218 0.15223 0.20479 0.41980 ( 6)  0.508
 154 L   0.00000 0.00000 0.00000 0.00000 0.00002 0.99998 ( 6)  1.000
 155 D   0.00556 0.01880 0.03691 0.06397 0.11640 0.75836 ( 6)  0.799
 156 G   0.00000 0.00000 0.00000 0.00000 0.00003 0.99997 ( 6)  1.000
 157 Q   0.23918 0.21089 0.18884 0.16592 0.13346 0.06172 ( 1)  0.169
 158 I   0.00035 0.00132 0.00285 0.00553 0.01218 0.97777 ( 6)  0.982
 159 P   0.13579 0.17799 0.19795 0.20705 0.20046 0.08076 ( 4)  0.201
 160 R   0.00540 0.01260 0.02040 0.03061 0.04876 0.88223 ( 6)  0.901
 161 G   0.21728 0.19615 0.17932 0.16145 0.13531 0.11049 ( 1)  0.214
 162 E   0.00202 0.00712 0.01451 0.02628 0.05151 0.89857 ( 6)  0.916
 163 I   0.27178 0.22840 0.19608 0.16399 0.12139 0.01835 ( 1)  0.127
 164 -   0.07369 0.07369 0.07369 0.07369 0.07369 0.63153 ( 6)  0.677
 165 G   0.00203 0.00715 0.01456 0.02633 0.05148 0.89844 ( 6)  0.916
 166 -   0.07369 0.07369 0.07369 0.07369 0.07369 0.63153 ( 6)  0.677
 167 H   0.00000 0.00000 0.00001 0.00003 0.00016 0.99981 ( 6)  1.000
 168 L   0.04441 0.09281 0.13623 0.18198 0.23822 0.30636 ( 6)  0.411
 169 Q   0.28036 0.23198 0.19647 0.16175 0.11662 0.01282 ( 1)  0.121
 170 S   0.00002 0.00016 0.00055 0.00160 0.00565 0.99203 ( 6)  0.994
 171 S   0.00000 0.00002 0.00008 0.00029 0.00141 0.99820 ( 6)  0.999
 172 L   0.00001 0.00009 0.00033 0.00099 0.00361 0.99496 ( 6)  0.996
 173 H   0.15340 0.19475 0.21056 0.21301 0.19482 0.03347 ( 4)  0.157
 174 R   0.00184 0.00650 0.01324 0.02396 0.04694 0.90753 ( 6)  0.923
 175 H   0.30734 0.24132 0.19521 0.15233 0.10037 0.00343 ( 1)  0.109
 176 T   0.06156 0.08902 0.10788 0.12472 0.14275 0.47407 ( 6)  0.547
 177 G   0.21728 0.19615 0.17932 0.16145 0.13531 0.11049 ( 1)  0.214
 178 P   0.13649 0.17870 0.19855 0.20743 0.20043 0.07839 ( 4)  0.199
 179 F   0.00002 0.00010 0.00029 0.00074 0.00229 0.99656 ( 6)  0.997
 180 A   0.00001 0.00008 0.00024 0.00062 0.00193 0.99711 ( 6)  0.998
 181 G   0.27491 0.22954 0.19598 0.16291 0.11942 0.01723 ( 1)  0.125
 182 D   0.00043 0.00160 0.00344 0.00664 0.01443 0.97346 ( 6)  0.978
 183 V   0.04948 0.07260 0.08910 0.10454 0.12267 0.56161 ( 6)  0.623
 184 -   0.07369 0.07369 0.07369 0.07369 0.07369 0.63153 ( 6)  0.677
 185 H   0.00000 0.00000 0.00000 0.00000 0.00000 1.00000 ( 6)  1.000
 186 S   0.00266 0.00929 0.01875 0.03356 0.06449 0.87126 ( 6)  0.893
 187 -   0.07369 0.07369 0.07369 0.07369 0.07369 0.63153 ( 6)  0.677
 188 -   0.07369 0.07369 0.07369 0.07369 0.07369 0.63153 ( 6)  0.677
 189 S   0.00453 0.01070 0.01751 0.02654 0.04297 0.89775 ( 6)  0.914
 190 G   0.21728 0.19615 0.17932 0.16145 0.13531 0.11049 ( 1)  0.214
 191 E   0.07823 0.11118 0.13270 0.15069 0.16732 0.35988 ( 6)  0.448
 192 G   0.00510 0.01199 0.01952 0.02942 0.04718 0.88679 ( 6)  0.905
 193 G   0.05576 0.08118 0.09898 0.11523 0.13346 0.51539 ( 6)  0.583
 194 W   0.02418 0.05292 0.08088 0.11326 0.16045 0.56831 ( 6)  0.635
 195 E   0.07827 0.11124 0.13276 0.15075 0.16738 0.35960 ( 6)  0.447
 196 T   0.00002 0.00015 0.00052 0.00152 0.00536 0.99243 ( 6)  0.994
 197 -   0.07369 0.07369 0.07369 0.07369 0.07369 0.63153 ( 6)  0.677
 198 I   0.00001 0.00007 0.00025 0.00074 0.00277 0.99616 ( 6)  0.997
 199 -   0.07369 0.07369 0.07369 0.07369 0.07369 0.63153 ( 6)  0.677
 200 D   0.00566 0.01912 0.03751 0.06494 0.11796 0.75481 ( 6)  0.796
 201 H   0.00000 0.00001 0.00004 0.00012 0.00052 0.99931 ( 6)  0.999
 202 L   0.06058 0.08779 0.10658 0.12348 0.14181 0.47977 ( 6)  0.552
 203 -   0.07369 0.07369 0.07369 0.07369 0.07369 0.63153 ( 6)  0.677
 204 N   0.13183 0.17462 0.19593 0.20698 0.20352 0.08713 ( 4)  0.207
 205 -   0.07369 0.07369 0.07369 0.07369 0.07369 0.63153 ( 6)  0.677
 206 L   0.24199 0.21253 0.18966 0.16599 0.13264 0.05721 ( 1)  0.165
 207 L   0.21961 0.19792 0.18065 0.16234 0.13560 0.10387 ( 1)  0.208
 208 L   0.27116 0.22803 0.19589 0.16397 0.12158 0.01936 ( 1)  0.128
 209 G   0.21728 0.19615 0.17932 0.16145 0.13531 0.11049 ( 1)  0.214
 210 W   0.00000 0.00000 0.00002 0.00008 0.00040 0.99950 ( 6)  1.000
 211 M   0.00013 0.00069 0.00180 0.00409 0.01084 0.98246 ( 6)  0.986
 212 C   0.14360 0.18611 0.20488 0.21166 0.20050 0.05326 ( 4)  0.176
 213 Q   0.23823 0.21032 0.18853 0.16587 0.13369 0.06337 ( 1)  0.170
 214 R   0.00000 0.00001 0.00004 0.00012 0.00050 0.99933 ( 6)  0.999
 215 V   0.00001 0.00008 0.00022 0.00057 0.00179 0.99733 ( 6)  0.998
 216 -   0.07369 0.07369 0.07369 0.07369 0.07369 0.63153 ( 6)  0.677
 217 H   0.00653 0.02189 0.04267 0.07332 0.13153 0.72407 ( 6)  0.770
 218 A   0.00000 0.00000 0.00000 0.00000 0.00000 1.00000 ( 6)  1.000
 219 G   0.21728 0.19615 0.17932 0.16145 0.13531 0.11049 ( 1)  0.214
 220 A   0.06307 0.09105 0.11017 0.12715 0.14511 0.46345 ( 6)  0.538
 221 A   0.20973 0.19072 0.17547 0.15916 0.13507 0.12985 ( 1)  0.231
 222 G   0.04759 0.06999 0.08608 0.10125 0.11929 0.57580 ( 6)  0.635
 223 A   0.06263 0.09046 0.10951 0.12644 0.14443 0.46653 ( 6)  0.540
 224 S   0.00586 0.01372 0.02222 0.03332 0.05296 0.87191 ( 6)  0.892
 225 H   0.07014 0.10058 0.12100 0.13868 0.15639 0.41320 ( 6)  0.494
 226 Q   0.23442 0.20790 0.18711 0.16539 0.13436 0.07081 ( 1)  0.177
 227 Q   0.23442 0.20790 0.18711 0.16539 0.13436 0.07081 ( 1)  0.177
 228 -   0.07369 0.07369 0.07369 0.07369 0.07369 0.63153 ( 6)  0.677
 229 A   0.22155 0.19912 0.18133 0.16252 0.13518 0.10029 ( 1)  0.204
 230 H   0.00002 0.00010 0.00028 0.00071 0.00218 0.99672 ( 6)  0.997
 231 P   0.22231 0.19961 0.18162 0.16262 0.13505 0.09878 ( 1)  0.203
 232 W   0.00000 0.00000 0.00000 0.00000 0.00002 0.99998 ( 6)  1.000
 233 G   0.00456 0.01077 0.01759 0.02664 0.04305 0.89738 ( 6)  0.914
 234 E   0.07089 0.10157 0.12209 0.13980 0.15741 0.40823 ( 6)  0.490
 235 E   0.07403 0.10571 0.12668 0.14453 0.16177 0.38728 ( 6)  0.472
 236 G   0.00464 0.01096 0.01790 0.02708 0.04372 0.89570 ( 6)  0.912
 237 V   0.04625 0.06817 0.08402 0.09904 0.11713 0.58538 ( 6)  0.644
 238 C   0.00000 0.00000 0.00000 0.00002 0.00009 0.99989 ( 6)  1.000
 239 V   0.00211 0.00745 0.01518 0.02748 0.05374 0.89403 ( 6)  0.912
 240 S   0.05969 0.08648 0.10498 0.12161 0.13968 0.48755 ( 6)  0.559
 241 L   0.26738 0.22628 0.19546 0.16468 0.12344 0.02276 ( 1)  0.131
 242 G   0.28407 0.23327 0.19629 0.16043 0.11433 0.01161 ( 1)  0.119
 243 C   0.00000 0.00001 0.00006 0.00022 0.00108 0.99863 ( 6)  0.999
 244 V   0.00000 0.00000 0.00001 0.00005 0.00028 0.99965 ( 6)  1.000
 245 F   0.00010 0.00058 0.00159 0.00375 0.01029 0.98369 ( 6)  0.987
 246 Q   0.00010 0.00057 0.00156 0.00366 0.01000 0.98411 ( 6)  0.987
 247 G   0.05212 0.07621 0.09326 0.10905 0.12722 0.54214 ( 6)  0.606
 248 A   0.22200 0.19944 0.18155 0.16264 0.13517 0.09920 ( 1)  0.203
 249 A   0.02779 0.06022 0.09125 0.12649 0.17624 0.51800 ( 6)  0.592
 250 A   0.03332 0.07108 0.10628 0.14509 0.19713 0.44710 ( 6)  0.531
 251 L   0.00413 0.00979 0.01607 0.02445 0.03984 0.90571 ( 6)  0.921
 252 Q   0.23442 0.20790 0.18711 0.16539 0.13436 0.07081 ( 1)  0.177
 253 G   0.28407 0.23327 0.19629 0.16043 0.11433 0.01161 ( 1)  0.119
 254 S   0.05684 0.08271 0.10078 0.11725 0.13562 0.50681 ( 6)  0.575
 255 V   0.22220 0.19974 0.18191 0.16304 0.13558 0.09753 ( 1)  0.202
 256 H   0.07070 0.10133 0.12183 0.13954 0.15719 0.40941 ( 6)  0.491
 257 A   0.00000 0.00000 0.00000 0.00001 0.00008 0.99990 ( 6)  1.000
 258 G   0.20416 0.18661 0.17246 0.15725 0.13463 0.14489 ( 1)  0.245
 259 G   0.20416 0.18661 0.17246 0.15725 0.13463 0.14489 ( 1)  0.245
 260 S   0.00032 0.00121 0.00261 0.00509 0.01126 0.97952 ( 6)  0.983
 261 H   0.23361 0.20739 0.18682 0.16530 0.13453 0.07236 ( 1)  0.179
 262 A   0.02049 0.04507 0.06921 0.09749 0.13960 0.62814 ( 6)  0.686
 263 A   0.00099 0.00352 0.00722 0.01321 0.02651 0.94855 ( 6)  0.957
 264 S   0.00000 0.00001 0.00003 0.00010 0.00044 0.99942 ( 6)  1.000
 265 H   0.30294 0.23998 0.19564 0.15405 0.10307 0.00431 ( 1)  0.110
 266 G   0.00000 0.00000 0.00000 0.00002 0.00012 0.99986 ( 6)  1.000
 267 G   0.00001 0.00004 0.00011 0.00029 0.00094 0.99862 ( 6)  0.999
 268 E   0.23640 0.20917 0.18787 0.16566 0.13404 0.06687 ( 1)  0.174
 269 A   0.00025 0.00140 0.00372 0.00845 0.02180 0.96437 ( 6)  0.971
 270 S   0.00033 0.00125 0.00272 0.00529 0.01168 0.97873 ( 6)  0.982
 271 -   0.07369 0.07369 0.07369 0.07369 0.07369 0.63153 ( 6)  0.677
 272 V   0.00201 0.00709 0.01446 0.02622 0.05143 0.89880 ( 6)  0.916
 273 H   0.30294 0.23998 0.19564 0.15405 0.10307 0.00431 ( 1)  0.110
 274 V   0.20879 0.19016 0.17518 0.15912 0.13534 0.13140 ( 1)  0.233
 275 -   0.07369 0.07369 0.07369 0.07369 0.07369 0.63153 ( 6)  0.677
 276 G   0.27491 0.22954 0.19598 0.16291 0.11942 0.01723 ( 1)  0.125
 277 L   0.11573 0.15704 0.17998 0.19491 0.19988 0.15246 ( 5)  0.266
 278 -   0.07369 0.07369 0.07369 0.07369 0.07369 0.63153 ( 6)  0.677
 279 Q   0.23823 0.21032 0.18853 0.16587 0.13369 0.06337 ( 1)  0.170
 280 S   0.00038 0.00206 0.00540 0.01210 0.03045 0.94961 ( 6)  0.959
 281 V   0.05750 0.08361 0.10182 0.11837 0.13674 0.50196 ( 6)  0.571
 282 F   0.00026 0.00144 0.00381 0.00868 0.02237 0.96344 ( 6)  0.970
 283 P   0.00001 0.00007 0.00024 0.00071 0.00266 0.99632 ( 6)  0.997
 284 S   0.00024 0.00091 0.00199 0.00393 0.00885 0.98409 ( 6)  0.987
 285 G   0.21728 0.19615 0.17932 0.16145 0.13531 0.11049 ( 1)  0.214
 286 E   0.00923 0.02118 0.03377 0.04967 0.07644 0.80970 ( 6)  0.840
 287 P   0.21009 0.19095 0.17561 0.15921 0.13501 0.12914 ( 1)  0.231
 288 Q   0.23823 0.21032 0.18853 0.16587 0.13369 0.06337 ( 1)  0.170
 289 D   0.29945 0.23889 0.19596 0.15541 0.10522 0.00507 ( 1)  0.111
 290 T   0.00000 0.00000 0.00000 0.00000 0.00002 0.99998 ( 6)  1.000
 291 P   0.00028 0.00107 0.00232 0.00455 0.01015 0.98164 ( 6)  0.985
 292 T   0.02721 0.05893 0.08927 0.12375 0.17245 0.52839 ( 6)  0.601
 293 I   0.14367 0.18611 0.20480 0.21150 0.20023 0.05369 ( 4)  0.176
 294 P   0.00000 0.00000 0.00000 0.00000 0.00002 0.99997 ( 6)  1.000
 295 H   0.30734 0.24132 0.19521 0.15233 0.10037 0.00343 ( 1)  0.109
 296 G   0.27491 0.22954 0.19598 0.16291 0.11942 0.01723 ( 1)  0.125
 297 -   0.07369 0.07369 0.07369 0.07369 0.07369 0.63153 ( 6)  0.677
 298 E   0.00852 0.01963 0.03137 0.04629 0.07164 0.82255 ( 6)  0.851
 299 T   0.00536 0.01814 0.03565 0.06184 0.11270 0.76630 ( 6)  0.806
 300 L   0.00031 0.00116 0.00252 0.00492 0.01093 0.98015 ( 6)  0.984
 301 C   0.00000 0.00000 0.00000 0.00000 0.00003 0.99996 ( 6)  1.000
 302 V   0.12262 0.16477 0.18723 0.20074 0.20238 0.12227 ( 5)  0.239
 303 -   0.07369 0.07369 0.07369 0.07369 0.07369 0.63153 ( 6)  0.677
 304 A   0.00043 0.00163 0.00350 0.00673 0.01461 0.97309 ( 6)  0.978
 305 -   0.07369 0.07369 0.07369 0.07369 0.07369 0.63153 ( 6)  0.677
 306 G   0.27491 0.22954 0.19598 0.16291 0.11942 0.01723 ( 1)  0.125
 307 V   0.00057 0.00211 0.00449 0.00856 0.01825 0.96603 ( 6)  0.972
 308 -   0.07369 0.07369 0.07369 0.07369 0.07369 0.63153 ( 6)  0.677
 309 Q   0.23823 0.21032 0.18853 0.16587 0.13369 0.06337 ( 1)  0.170
 310 S   0.00001 0.00011 0.00040 0.00118 0.00424 0.99405 ( 6)  0.995
 311 L   0.21719 0.19623 0.17951 0.16173 0.13567 0.10967 ( 1)  0.213
 312 L   0.00580 0.01956 0.03832 0.06625 0.12003 0.75003 ( 6)  0.792
 313 Q   0.23823 0.21032 0.18853 0.16587 0.13369 0.06337 ( 1)  0.170
 314 R   0.00460 0.01568 0.03101 0.05419 0.09998 0.79455 ( 6)  0.829
 315 L   0.03000 0.06479 0.09787 0.13519 0.18715 0.48500 ( 6)  0.564
 316 -   0.07369 0.07369 0.07369 0.07369 0.07369 0.63153 ( 6)  0.677
 317 P   0.27689 0.23030 0.19597 0.16229 0.11824 0.01631 ( 1)  0.124
 318 S   0.00000 0.00003 0.00010 0.00034 0.00143 0.99811 ( 6)  0.998
 319 Q   0.23823 0.21032 0.18853 0.16587 0.13369 0.06337 ( 1)  0.170
 320 A   0.00625 0.01456 0.02353 0.03516 0.05558 0.86493 ( 6)  0.886
 321 S   0.00002 0.00012 0.00035 0.00089 0.00269 0.99593 ( 6)  0.997
 322 K   0.00000 0.00000 0.00000 0.00002 0.00011 0.99987 ( 6)  1.000
 323 P   0.27689 0.23030 0.19597 0.16229 0.11824 0.01631 ( 1)  0.124
 324 H   0.15364 0.19497 0.21071 0.21306 0.19470 0.03292 ( 4)  0.157
 325 P   0.00036 0.00135 0.00292 0.00566 0.01241 0.97730 ( 6)  0.981
 326 L   0.29798 0.23840 0.19605 0.15594 0.10612 0.00550 ( 1)  0.112
 327 Q   0.23823 0.21032 0.18853 0.16587 0.13369 0.06337 ( 1)  0.170
 328 -   0.07369 0.07369 0.07369 0.07369 0.07369 0.63153 ( 6)  0.677
 329 E   0.23875 0.21065 0.18872 0.16593 0.13360 0.06235 ( 1)  0.170
 330 A   0.13428 0.17659 0.19697 0.20669 0.20116 0.08431 ( 4)  0.204
 331 I   0.00002 0.00011 0.00032 0.00081 0.00248 0.99626 ( 6)  0.997
 332 Y   0.00000 0.00001 0.00002 0.00007 0.00031 0.99959 ( 6)  1.000
 333 L   0.02543 0.05544 0.08447 0.11785 0.16596 0.55085 ( 6)  0.620
 334 -   0.07369 0.07369 0.07369 0.07369 0.07369 0.63153 ( 6)  0.677
 335 D   0.06535 0.09422 0.11388 0.13124 0.14938 0.44594 ( 6)  0.523
 336 P   0.00002 0.00014 0.00048 0.00140 0.00493 0.99305 ( 6)  0.994
 337 G   0.00109 0.00392 0.00815 0.01512 0.03081 0.94091 ( 6)  0.951
 338 L   0.26929 0.22717 0.19569 0.16434 0.12251 0.02101 ( 1)  0.130
 339 H   0.30515 0.24066 0.19543 0.15319 0.10171 0.00385 ( 1)  0.109
 340 -   0.07369 0.07369 0.07369 0.07369 0.07369 0.63153 ( 6)  0.677
 341 T   0.02575 0.05597 0.08503 0.11827 0.16578 0.54919 ( 6)  0.618
 342 L   0.21635 0.19560 0.17904 0.16141 0.13557 0.11203 ( 1)  0.215
 343 H   0.30515 0.24066 0.19543 0.15319 0.10171 0.00385 ( 1)  0.109
 344 G   0.00000 0.00000 0.00000 0.00002 0.00011 0.99987 ( 6)  1.000
 345 S   0.00312 0.01080 0.02166 0.03848 0.07302 0.85292 ( 6)  0.878
 346 Q   0.27844 0.23119 0.19639 0.16226 0.11769 0.01403 ( 1)  0.122
 347 L   0.00000 0.00001 0.00005 0.00018 0.00089 0.99887 ( 6)  0.999
 348 P   0.00024 0.00090 0.00197 0.00388 0.00875 0.98426 ( 6)  0.987
 349 S   0.02332 0.05097 0.07784 0.10891 0.15420 0.58476 ( 6)  0.649
 350 -   0.07369 0.07369 0.07369 0.07369 0.07369 0.63153 ( 6)  0.677
 351 A   0.00000 0.00001 0.00004 0.00012 0.00050 0.99933 ( 6)  0.999
 352 R   0.00001 0.00007 0.00020 0.00052 0.00165 0.99754 ( 6)  0.998
 353 E   0.00885 0.02036 0.03250 0.04789 0.07393 0.81646 ( 6)  0.845
 354 D   0.04290 0.08999 0.13253 0.17770 0.23408 0.32280 ( 6)  0.425
 355 G   0.00001 0.00008 0.00023 0.00058 0.00180 0.99731 ( 6)  0.998
 356 A   0.22396 0.20078 0.18245 0.16310 0.13508 0.09463 ( 1)  0.199
 357 R   0.00115 0.00414 0.00859 0.01591 0.03232 0.93789 ( 6)  0.949
 358 P   0.03623 0.07678 0.11413 0.15474 0.20785 0.41026 ( 6)  0.500
 359 -   0.07369 0.07369 0.07369 0.07369 0.07369 0.63153 ( 6)  0.677
 360 C   0.00000 0.00002 0.00007 0.00027 0.00125 0.99839 ( 6)  0.999
 361 P   0.22426 0.20095 0.18252 0.16308 0.13496 0.09423 ( 1)  0.199
 362 C   0.00000 0.00000 0.00002 0.00006 0.00027 0.99964 ( 6)  1.000
 363 H   0.30515 0.24066 0.19543 0.15319 0.10171 0.00385 ( 1)  0.109
 364 -   0.07369 0.07369 0.07369 0.07369 0.07369 0.63153 ( 6)  0.677
 365 E   0.07071 0.10132 0.12181 0.13950 0.15712 0.40954 ( 6)  0.491
 366 A   0.00520 0.01222 0.01988 0.02995 0.04799 0.88475 ( 6)  0.903
 367 P   0.27495 0.22945 0.19583 0.16273 0.11926 0.01779 ( 1)  0.126
 368 -   0.07369 0.07369 0.07369 0.07369 0.07369 0.63153 ( 6)  0.677
 369 -   0.07369 0.07369 0.07369 0.07369 0.07369 0.63153 ( 6)  0.677
 370 R   0.00000 0.00001 0.00004 0.00013 0.00053 0.99930 ( 6)  0.999
 371 D   0.00000 0.00001 0.00005 0.00016 0.00065 0.99913 ( 6)  0.999
 372 A   0.28986 0.23542 0.19621 0.15858 0.11092 0.00901 ( 1)  0.116
 373 R   0.00001 0.00008 0.00027 0.00079 0.00286 0.99599 ( 6)  0.997
 374 P   0.00162 0.00575 0.01178 0.02149 0.04260 0.91676 ( 6)  0.931
 375 C   0.00000 0.00000 0.00000 0.00000 0.00003 0.99997 ( 6)  1.000
 376 T   0.00000 0.00000 0.00000 0.00000 0.00000 1.00000 ( 6)  1.000
 377 A   0.13243 0.17472 0.19543 0.20575 0.20135 0.09031 ( 4)  0.210
 378 C   0.00000 0.00001 0.00006 0.00025 0.00120 0.99848 ( 6)  0.999
 379 L   0.00000 0.00000 0.00000 0.00000 0.00003 0.99997 ( 6)  1.000
 380 -   0.07369 0.07369 0.07369 0.07369 0.07369 0.63153 ( 6)  0.677
 381 C   0.00000 0.00000 0.00000 0.00000 0.00000 1.00000 ( 6)  1.000
 382 T   0.00352 0.01209 0.02407 0.04244 0.07952 0.83836 ( 6)  0.866
 383 P   0.03082 0.06613 0.09936 0.13643 0.18717 0.48009 ( 6)  0.559
 384 -   0.07369 0.07369 0.07369 0.07369 0.07369 0.63153 ( 6)  0.677
 385 H   0.00000 0.00000 0.00000 0.00000 0.00000 1.00000 ( 6)  1.000
 386 E   0.24019 0.21154 0.18922 0.16607 0.13330 0.05969 ( 1)  0.167
 387 A   0.00031 0.00118 0.00255 0.00498 0.01105 0.97993 ( 6)  0.983
 388 R   0.00521 0.01224 0.01991 0.02999 0.04802 0.88462 ( 6)  0.903
 389 E   0.00059 0.00219 0.00465 0.00886 0.01887 0.96484 ( 6)  0.971
 390 K   0.00002 0.00012 0.00034 0.00085 0.00258 0.99610 ( 6)  0.997
 391 H   0.00002 0.00020 0.00071 0.00204 0.00705 0.98997 ( 6)  0.992
 392 -   0.07369 0.07369 0.07369 0.07369 0.07369 0.63153 ( 6)  0.677
 393 R   0.00000 0.00000 0.00000 0.00000 0.00000 1.00000 ( 6)  1.000
 394 T   0.00335 0.01152 0.02299 0.04062 0.07636 0.84516 ( 6)  0.871
 395 -   0.07369 0.07369 0.07369 0.07369 0.07369 0.63153 ( 6)  0.677
 396 -   0.07369 0.07369 0.07369 0.07369 0.07369 0.63153 ( 6)  0.677
 397 D   0.00009 0.00054 0.00149 0.00353 0.00975 0.98459 ( 6)  0.987
 398 Q   0.00118 0.00426 0.00887 0.01647 0.03358 0.93564 ( 6)  0.947
 399 E   0.00000 0.00002 0.00007 0.00022 0.00090 0.99879 ( 6)  0.999
 400 G   0.21728 0.19615 0.17932 0.16145 0.13531 0.11049 ( 1)  0.214
 401 -   0.07369 0.07369 0.07369 0.07369 0.07369 0.63153 ( 6)  0.677
 402 -   0.07369 0.07369 0.07369 0.07369 0.07369 0.63153 ( 6)  0.677
 403 Q   0.07632 0.10869 0.12997 0.14789 0.16480 0.37232 ( 6)  0.459
 404 T   0.00000 0.00000 0.00000 0.00001 0.00007 0.99991 ( 6)  1.000
 405 V   0.00000 0.00000 0.00000 0.00001 0.00008 0.99991 ( 6)  1.000
 406 G   0.00368 0.00876 0.01443 0.02206 0.03621 0.91487 ( 6)  0.929
 407 A   0.28986 0.23542 0.19621 0.15858 0.11092 0.00901 ( 1)  0.116
 408 -   0.07369 0.07369 0.07369 0.07369 0.07369 0.63153 ( 6)  0.677
 409 L   0.00483 0.01139 0.01859 0.02811 0.04530 0.89177 ( 6)  0.909
 410 G   0.28742 0.23456 0.19631 0.15942 0.11239 0.00990 ( 1)  0.117
 411 L   0.00004 0.00021 0.00060 0.00147 0.00430 0.99338 ( 6)  0.995
 412 E   0.24019 0.21154 0.18922 0.16607 0.13330 0.05969 ( 1)  0.167
 413 A   0.28986 0.23542 0.19621 0.15858 0.11092 0.00901 ( 1)  0.116
 414 A   0.00000 0.00000 0.00000 0.00000 0.00000 1.00000 ( 6)  1.000
 415 A   0.13648 0.17880 0.19877 0.20778 0.20090 0.07727 ( 4)  0.198
 416 Q   0.28036 0.23198 0.19647 0.16175 0.11662 0.01282 ( 1)  0.121
 417 P   0.13649 0.17870 0.19855 0.20743 0.20043 0.07839 ( 4)  0.199
 418 W   0.00000 0.00000 0.00000 0.00001 0.00004 0.99995 ( 6)  1.000
 419 G   0.00000 0.00000 0.00000 0.00000 0.00000 1.00000 ( 6)  1.000
 420 A   0.22588 0.20210 0.18332 0.16354 0.13497 0.09019 ( 1)  0.195
 421 V   0.00001 0.00013 0.00046 0.00134 0.00480 0.99326 ( 6)  0.995
 422 V   0.00000 0.00001 0.00006 0.00020 0.00095 0.99878 ( 6)  0.999
 423 V   0.00001 0.00007 0.00026 0.00078 0.00291 0.99597 ( 6)  0.997
 424 -   0.07369 0.07369 0.07369 0.07369 0.07369 0.63153 ( 6)  0.677
 425 Q   0.28036 0.23198 0.19647 0.16175 0.11662 0.01282 ( 1)  0.121
 426 -   0.07369 0.07369 0.07369 0.07369 0.07369 0.63153 ( 6)  0.677
 427 P   0.23690 0.20923 0.18764 0.16520 0.13336 0.06767 ( 1)  0.174
 428 L   0.04351 0.09114 0.13405 0.17947 0.23582 0.31602 ( 6)  0.419
 429 P   0.00001 0.00011 0.00040 0.00118 0.00421 0.99409 ( 6)  0.995
 430 P   0.00000 0.00000 0.00000 0.00001 0.00008 0.99991 ( 6)  1.000
 431 G   0.00000 0.00000 0.00000 0.00001 0.00008 0.99991 ( 6)  1.000
 432 -   0.07369 0.07369 0.07369 0.07369 0.07369 0.63153 ( 6)  0.677
 433 H   0.30734 0.24132 0.19521 0.15233 0.10037 0.00343 ( 1)  0.109
 434 H   0.30734 0.24132 0.19521 0.15233 0.10037 0.00343 ( 1)  0.109
 435 Q   0.23823 0.21032 0.18853 0.16587 0.13369 0.06337 ( 1)  0.170
 436 -   0.07369 0.07369 0.07369 0.07369 0.07369 0.63153 ( 6)  0.677
 437 -   0.07369 0.07369 0.07369 0.07369 0.07369 0.63153 ( 6)  0.677
 438 Q   0.28036 0.23198 0.19647 0.16175 0.11662 0.01282 ( 1)  0.121
 439 R   0.00016 0.00080 0.00207 0.00468 0.01226 0.98003 ( 6)  0.984
 440 S   0.00000 0.00000 0.00000 0.00000 0.00000 1.00000 ( 6)  1.000
 441 G   0.21728 0.19615 0.17932 0.16145 0.13531 0.11049 ( 1)  0.214
 442 D   0.06725 0.09677 0.11675 0.13425 0.15225 0.43273 ( 6)  0.511
 443 D   0.13952 0.18197 0.20147 0.20957 0.20092 0.06655 ( 4)  0.188
 444 G   0.00000 0.00000 0.00002 0.00007 0.00038 0.99953 ( 6)  1.000
 445 -   0.07369 0.07369 0.07369 0.07369 0.07369 0.63153 ( 6)  0.677
 446 H   0.00034 0.00185 0.00486 0.01092 0.02760 0.95444 ( 6)  0.963
 447 G   0.00000 0.00003 0.00011 0.00033 0.00128 0.99826 ( 6)  0.999
 448 G   0.00000 0.00000 0.00000 0.00000 0.00002 0.99998 ( 6)  1.000
 449 Q   0.00001 0.00009 0.00032 0.00094 0.00345 0.99519 ( 6)  0.996
 450 L   0.22038 0.19846 0.18103 0.16255 0.13561 0.10197 ( 1)  0.206
 451 -   0.07369 0.07369 0.07369 0.07369 0.07369 0.63153 ( 6)  0.677
 452 G   0.05560 0.08097 0.09872 0.11495 0.13317 0.51659 ( 6)  0.584
 453 S   0.00029 0.00111 0.00242 0.00473 0.01053 0.98093 ( 6)  0.984
 454 V   0.29004 0.23569 0.19647 0.15877 0.11096 0.00808 ( 1)  0.115
 455 H   0.30734 0.24132 0.19521 0.15233 0.10037 0.00343 ( 1)  0.109
 456 A   0.00000 0.00000 0.00000 0.00000 0.00002 0.99998 ( 6)  1.000
 457 G   0.21728 0.19615 0.17932 0.16145 0.13531 0.11049 ( 1)  0.214
 458 G   0.21728 0.19615 0.17932 0.16145 0.13531 0.11049 ( 1)  0.214
 459 R   0.00000 0.00001 0.00003 0.00010 0.00044 0.99941 ( 6)  1.000
 460 G   0.00368 0.00878 0.01445 0.02208 0.03622 0.91479 ( 6)  0.928
 461 A   0.28914 0.23515 0.19622 0.15881 0.11135 0.00933 ( 1)  0.117
 462 W   0.00000 0.00000 0.00001 0.00006 0.00031 0.99961 ( 6)  1.000
 463 -   0.07369 0.07369 0.07369 0.07369 0.07369 0.63153 ( 6)  0.677
 464 A   0.00001 0.00011 0.00038 0.00112 0.00403 0.99435 ( 6)  0.995
 465 H   0.07489 0.10684 0.12794 0.14584 0.16299 0.38149 ( 6)  0.467
 466 G   0.27491 0.22954 0.19598 0.16291 0.11942 0.01723 ( 1)  0.125
 467 N   0.05212 0.10705 0.15478 0.20314 0.25814 0.22478 ( 5)  0.340
 468 L   0.14530 0.18761 0.20588 0.21191 0.19952 0.04979 ( 4)  0.173
 469 G   0.00000 0.00000 0.00000 0.00001 0.00008 0.99990 ( 6)  1.000
 470 A   0.00001 0.00009 0.00026 0.00066 0.00203 0.99695 ( 6)  0.998
 471 H   0.00891 0.02048 0.03268 0.04812 0.07421 0.81561 ( 6)  0.845
 472 G   0.13490 0.17732 0.19768 0.20730 0.20150 0.08129 ( 4)  0.202
 473 P   0.00023 0.00090 0.00196 0.00386 0.00871 0.98433 ( 6)  0.987
 474 A   0.00000 0.00000 0.00000 0.00002 0.00011 0.99987 ( 6)  1.000
 475 E   0.07611 0.10842 0.12967 0.14759 0.16453 0.37367 ( 6)  0.460
 476 A   0.00000 0.00001 0.00002 0.00008 0.00035 0.99954 ( 6)  1.000
 477 R   0.00001 0.00007 0.00022 0.00056 0.00174 0.99740 ( 6)  0.998
 478 E   0.00002 0.00011 0.00031 0.00078 0.00238 0.99641 ( 6)  0.997
 479 P   0.00028 0.00107 0.00234 0.00458 0.01022 0.98150 ( 6)  0.985
 480 S   0.03053 0.06577 0.09915 0.13665 0.18850 0.47940 ( 6)  0.559
 481 H   0.23741 0.20982 0.18826 0.16581 0.13389 0.06482 ( 1)  0.172
 482 -   0.07369 0.07369 0.07369 0.07369 0.07369 0.63153 ( 6)  0.677
 483 -   0.07369 0.07369 0.07369 0.07369 0.07369 0.63153 ( 6)  0.677
 484 T   0.00000 0.00000 0.00000 0.00002 0.00009 0.99989 ( 6)  1.000
 485 E   0.24019 0.21154 0.18922 0.16607 0.13330 0.05969 ( 1)  0.167
 486 A   0.22588 0.20210 0.18332 0.16354 0.13497 0.09019 ( 1)  0.195
 487 D   0.05970 0.08661 0.10526 0.12208 0.14045 0.48590 ( 6)  0.557
 488 E   0.28330 0.23315 0.19653 0.16091 0.11494 0.01116 ( 1)  0.119
 489 E   0.07792 0.11079 0.13228 0.15026 0.16695 0.36179 ( 6)  0.449
 490 T   0.00000 0.00001 0.00006 0.00021 0.00105 0.99866 ( 6)  0.999
 491 G   0.00000 0.00000 0.00000 0.00000 0.00000 1.00000 ( 6)  1.000
 492 S   0.00001 0.00009 0.00033 0.00100 0.00368 0.99489 ( 6)  0.996
 493 K   0.00000 0.00000 0.00000 0.00000 0.00000 1.00000 ( 6)  1.000
 494 -   0.07369 0.07369 0.07369 0.07369 0.07369 0.63153 ( 6)  0.677
 495 E   0.00012 0.00066 0.00179 0.00421 0.01140 0.98182 ( 6)  0.985
 496 P   0.04980 0.07302 0.08957 0.10503 0.12311 0.55947 ( 6)  0.621
 497 -   0.07369 0.07369 0.07369 0.07369 0.07369 0.63153 ( 6)  0.677
 498 S   0.00000 0.00000 0.00000 0.00000 0.00002 0.99998 ( 6)  1.000
 499 A   0.28986 0.23542 0.19621 0.15858 0.11092 0.00901 ( 1)  0.116
 500 S   0.00000 0.00000 0.00000 0.00000 0.00005 0.99995 ( 6)  1.000
 501 H   0.00808 0.01866 0.02989 0.04423 0.06875 0.83039 ( 6)  0.857
 502 P   0.00026 0.00141 0.00374 0.00847 0.02175 0.96437 ( 6)  0.971
 503 R   0.00000 0.00000 0.00000 0.00000 0.00000 1.00000 ( 6)  1.000
 504 S   0.29945 0.23889 0.19596 0.15541 0.10522 0.00507 ( 1)  0.111
 505 W   0.00009 0.00053 0.00144 0.00340 0.00933 0.98521 ( 6)  0.988
 506 -   0.07369 0.07369 0.07369 0.07369 0.07369 0.63153 ( 6)  0.677
 507 A   0.11841 0.15963 0.18194 0.19582 0.19886 0.14533 ( 5)  0.259
 508 R   0.00000 0.00000 0.00000 0.00001 0.00005 0.99995 ( 6)  1.000
 509 G   0.00016 0.00061 0.00136 0.00272 0.00632 0.98883 ( 6)  0.991
 510 C   0.00000 0.00000 0.00000 0.00000 0.00000 1.00000 ( 6)  1.000
 511 G   0.00014 0.00079 0.00213 0.00494 0.01321 0.97880 ( 6)  0.983
 512 R   0.00000 0.00000 0.00000 0.00000 0.00001 0.99998 ( 6)  1.000
 513 S   0.00000 0.00000 0.00000 0.00000 0.00000 1.00000 ( 6)  1.000
 514 L   0.00011 0.00064 0.00174 0.00409 0.01111 0.98231 ( 6)  0.986
 515 R   0.00000 0.00000 0.00000 0.00000 0.00001 0.99999 ( 6)  1.000
 516 S   0.10211 0.14044 0.16292 0.17903 0.18832 0.22717 ( 6)  0.331
 517 *   0.00000 0.00000 0.00001 0.00005 0.00030 0.99963 ( 6)  1.000
 518 -   0.00000 0.00000 0.00000 0.00000 0.00000 1.00000 ( 6)  1.000
 519 -   0.00000 0.00000 0.00000 0.00000 0.00002 0.99998 ( 6)  1.000
 520 -   0.00000 0.00000 0.00000 0.00002 0.00013 0.99985 ( 6)  1.000
 521 *   0.00345 0.01190 0.02377 0.04207 0.07927 0.83954 ( 6)  0.867
 522 P   0.00000 0.00000 0.00000 0.00000 0.00002 0.99998 ( 6)  1.000
 523 A   0.10884 0.14868 0.17144 0.18704 0.19431 0.18969 ( 5)  0.298
 524 S   0.00158 0.00563 0.01154 0.02105 0.04178 0.91842 ( 6)  0.932
 525 H   0.00002 0.00013 0.00036 0.00091 0.00276 0.99581 ( 6)  0.997
 526 P   0.00000 0.00000 0.00002 0.00008 0.00044 0.99946 ( 6)  1.000
 527 G   0.00000 0.00000 0.00000 0.00000 0.00000 1.00000 ( 6)  1.000
 528 S   0.03808 0.05669 0.07049 0.08397 0.10108 0.64969 ( 6)  0.699
 529 V   0.27512 0.22978 0.19621 0.16309 0.11950 0.01630 ( 1)  0.125
 530 G   0.00000 0.00004 0.00016 0.00049 0.00187 0.99743 ( 6)  0.998
 531 I   0.00000 0.00000 0.00000 0.00000 0.00000 1.00000 ( 6)  1.000
 532 G   0.00000 0.00001 0.00003 0.00009 0.00039 0.99948 ( 6)  1.000
 533 S   0.00000 0.00000 0.00000 0.00000 0.00000 1.00000 ( 6)  1.000
 534 S   0.01952 0.04313 0.06648 0.09404 0.13556 0.64126 ( 6)  0.697
 535 R   0.00000 0.00000 0.00000 0.00000 0.00000 1.00000 ( 6)  1.000
 536 C   0.00000 0.00000 0.00002 0.00007 0.00039 0.99951 ( 6)  1.000
 537 T   0.00000 0.00000 0.00000 0.00000 0.00000 1.00000 ( 6)  1.000
 538 E   0.00102 0.00368 0.00769 0.01431 0.02937 0.94393 ( 6)  0.954
 539 -   0.07369 0.07369 0.07369 0.07369 0.07369 0.63153 ( 6)  0.677
 540 A   0.26841 0.22654 0.19527 0.16413 0.12261 0.02304 ( 1)  0.131
 541 P   0.10966 0.14962 0.17234 0.18778 0.19467 0.18592 ( 5)  0.295
 542 Q   0.00219 0.00770 0.01566 0.02828 0.05513 0.89104 ( 6)  0.910
 543 Q   0.27221 0.22850 0.19598 0.16374 0.12103 0.01854 ( 1)  0.127
 544 R   0.00000 0.00000 0.00001 0.00004 0.00019 0.99975 ( 6)  1.000
 545 N   0.14126 0.18379 0.20303 0.21063 0.20096 0.06033 ( 4)  0.182
 546 Q   0.27027 0.22762 0.19579 0.16414 0.12201 0.02018 ( 1)  0.129
 547 H   0.00416 0.01423 0.02820 0.04942 0.09161 0.81239 ( 6)  0.844
 548 R   0.00000 0.00001 0.00002 0.00007 0.00031 0.99960 ( 6)  1.000
 549 Q   0.00001 0.00006 0.00021 0.00059 0.00209 0.99704 ( 6)  0.998
 550 L   0.28720 0.23461 0.19648 0.15966 0.11262 0.00943 ( 1)  0.117
 551 S   0.00001 0.00008 0.00028 0.00085 0.00311 0.99568 ( 6)  0.996
 552 L   0.21024 0.19119 0.17590 0.15954 0.13536 0.12778 ( 1)  0.230
 553 H   0.29601 0.23773 0.19615 0.15664 0.10732 0.00616 ( 1)  0.113
 554 R   0.00001 0.00006 0.00017 0.00043 0.00137 0.99796 ( 6)  0.998
 555 -   0.07369 0.07369 0.07369 0.07369 0.07369 0.63153 ( 6)  0.677
 556 P   0.26641 0.22552 0.19490 0.16434 0.12343 0.02540 ( 1)  0.134
 557 P   0.00000 0.00000 0.00000 0.00001 0.00007 0.99991 ( 6)  1.000
 558 L   0.28692 0.23450 0.19648 0.15974 0.11279 0.00956 ( 1)  0.117
 559 L   0.00000 0.00000 0.00000 0.00001 0.00005 0.99995 ( 6)  1.000
 560 R   0.00000 0.00000 0.00000 0.00001 0.00008 0.99990 ( 6)  1.000
 561 R   0.06124 0.08853 0.10727 0.12400 0.14191 0.47703 ( 6)  0.550
 562 I   0.00216 0.00761 0.01549 0.02801 0.05468 0.89205 ( 6)  0.910
 563 P   0.02785 0.06007 0.09069 0.12524 0.17352 0.52263 ( 6)  0.596
 564 V   0.00000 0.00001 0.00004 0.00012 0.00049 0.99935 ( 6)  0.999
 565 P   0.04443 0.06556 0.08087 0.09546 0.11315 0.60053 ( 6)  0.657
 566 A   0.00000 0.00000 0.00000 0.00000 0.00000 1.00000 ( 6)  1.000
 567 G   0.00000 0.00000 0.00000 0.00000 0.00001 0.99999 ( 6)  1.000
 568 T   0.00001 0.00006 0.00022 0.00067 0.00249 0.99656 ( 6)  0.997
 569 E   0.00000 0.00000 0.00000 0.00000 0.00000 1.00000 ( 6)  1.000
 570 P   0.00000 0.00000 0.00001 0.00004 0.00022 0.99972 ( 6)  1.000
 571 A   0.00000 0.00000 0.00001 0.00006 0.00031 0.99962 ( 6)  1.000
 572 R   0.00000 0.00000 0.00000 0.00000 0.00000 1.00000 ( 6)  1.000
 573 -   0.07369 0.07369 0.07369 0.07369 0.07369 0.63153 ( 6)  0.677
 574 R   0.00000 0.00000 0.00000 0.00000 0.00002 0.99998 ( 6)  1.000
 575 W   0.00000 0.00000 0.00002 0.00006 0.00032 0.99960 ( 6)  1.000
 576 D   0.00000 0.00000 0.00000 0.00000 0.00000 1.00000 ( 6)  1.000
 577 G   0.00000 0.00000 0.00000 0.00000 0.00000 1.00000 ( 6)  1.000
 578 T   0.00004 0.00026 0.00076 0.00194 0.00592 0.99107 ( 6)  0.993
 579 G   0.00000 0.00000 0.00000 0.00000 0.00000 1.00000 ( 6)  1.000
 580 S   0.00000 0.00000 0.00000 0.00000 0.00000 1.00000 ( 6)  1.000
 581 F   0.00000 0.00000 0.00000 0.00000 0.00000 1.00000 ( 6)  1.000
 582 *   0.00000 0.00000 0.00000 0.00000 0.00000 1.00000 ( 6)  1.000
 583 -   0.00559 0.01308 0.02120 0.03180 0.05061 0.87773 ( 6)  0.897
 584 -   0.01389 0.03125 0.04895 0.07053 0.10488 0.73050 ( 6)  0.773
 585 *   0.00000 0.00000 0.00000 0.00000 0.00000 1.00000 ( 6)  1.000
 586 W   0.00000 0.00001 0.00004 0.00013 0.00060 0.99922 ( 6)  0.999
 587 L   0.20837 0.18917 0.17383 0.15750 0.13351 0.13761 ( 1)  0.238
 588 -   0.07369 0.07369 0.07369 0.07369 0.07369 0.63153 ( 6)  0.677
 589 L   0.00000 0.00000 0.00002 0.00008 0.00045 0.99944 ( 6)  1.000
 590 H   0.00000 0.00000 0.00000 0.00000 0.00003 0.99996 ( 6)  1.000
 591 L   0.28692 0.23450 0.19648 0.15974 0.11279 0.00956 ( 1)  0.117
 592 S   0.03562 0.07585 0.11321 0.15420 0.20856 0.41256 ( 6)  0.502
 593 G   0.00000 0.00000 0.00000 0.00000 0.00001 0.99999 ( 6)  1.000
 594 -   0.07369 0.07369 0.07369 0.07369 0.07369 0.63153 ( 6)  0.677
 595 I   0.00000 0.00000 0.00000 0.00000 0.00000 1.00000 ( 6)  1.000
 596 A   0.00000 0.00000 0.00001 0.00005 0.00027 0.99966 ( 6)  1.000
 597 T   0.00001 0.00005 0.00018 0.00055 0.00210 0.99710 ( 6)  0.998
 598 Y   0.00001 0.00009 0.00032 0.00096 0.00349 0.99513 ( 6)  0.996
 599 R   0.26071 0.22271 0.19400 0.16511 0.12595 0.03152 ( 1)  0.140
 600 G   0.00000 0.00000 0.00000 0.00002 0.00011 0.99986 ( 6)  1.000
 601 S   0.00000 0.00000 0.00000 0.00000 0.00001 0.99999 ( 6)  1.000
 602 A   0.12654 0.16851 0.19004 0.20201 0.20090 0.11200 ( 4)  0.229
 603 G   0.00009 0.00050 0.00138 0.00326 0.00897 0.98580 ( 6)  0.988
 604 G   0.00000 0.00000 0.00000 0.00000 0.00000 1.00000 ( 6)  1.000
 605 G   0.26891 0.22682 0.19539 0.16412 0.12244 0.02232 ( 1)  0.131
 606 Q   0.11167 0.15231 0.17536 0.19093 0.19758 0.17215 ( 5)  0.283
 607 P   0.20407 0.18648 0.17230 0.15707 0.13444 0.14564 ( 1)  0.246
 608 H   0.00514 0.01743 0.03429 0.05961 0.10899 0.77454 ( 6)  0.812
 609 S   0.00000 0.00001 0.00003 0.00011 0.00055 0.99931 ( 6)  0.999
 610 S   0.00000 0.00000 0.00000 0.00001 0.00008 0.99991 ( 6)  1.000
 611 S   0.00000 0.00000 0.00000 0.00001 0.00008 0.99990 ( 6)  1.000
 612 T   0.02174 0.04768 0.07305 0.10259 0.14616 0.60879 ( 6)  0.669
 613 L   0.00027 0.00103 0.00225 0.00440 0.00985 0.98220 ( 6)  0.985
 614 P   0.00001 0.00005 0.00018 0.00056 0.00211 0.99709 ( 6)  0.998
 615 T   0.00000 0.00000 0.00000 0.00001 0.00007 0.99991 ( 6)  1.000
 616 Q   0.23331 0.20716 0.18664 0.16518 0.13448 0.07324 ( 1)  0.180
 617 S   0.13271 0.17516 0.19596 0.20634 0.20192 0.08792 ( 4)  0.208
 618 -   0.07369 0.07369 0.07369 0.07369 0.07369 0.63153 ( 6)  0.677
 619 I   0.00002 0.00013 0.00037 0.00092 0.00280 0.99575 ( 6)  0.997
 620 R   0.00000 0.00000 0.00000 0.00001 0.00006 0.99992 ( 6)  1.000
 621 C   0.00000 0.00001 0.00003 0.00011 0.00057 0.99928 ( 6)  0.999
 622 G   0.00000 0.00000 0.00000 0.00000 0.00001 0.99999 ( 6)  1.000
 623 H   0.00660 0.02212 0.04309 0.07401 0.13260 0.72158 ( 6)  0.768
 624 G   0.00000 0.00000 0.00000 0.00000 0.00002 0.99998 ( 6)  1.000
 625 W   0.00000 0.00000 0.00000 0.00000 0.00002 0.99998 ( 6)  1.000
 626 A   0.00001 0.00008 0.00030 0.00089 0.00326 0.99545 ( 6)  0.996
 627 A   0.00000 0.00000 0.00000 0.00000 0.00003 0.99997 ( 6)  1.000
 628 P   0.00000 0.00000 0.00000 0.00002 0.00015 0.99983 ( 6)  1.000
 629 H   0.00000 0.00000 0.00000 0.00000 0.00000 1.00000 ( 6)  1.000
 630 P   0.13097 0.17306 0.19385 0.20446 0.20073 0.09693 ( 4)  0.216
 631 T   0.00000 0.00000 0.00000 0.00000 0.00000 1.00000 ( 6)  1.000
 632 A   0.00556 0.01622 0.02995 0.04997 0.08862 0.80968 ( 6)  0.841
 633 Q   0.00000 0.00000 0.00002 0.00008 0.00040 0.99950 ( 6)  1.000
 634 *   0.00000 0.00000 0.00000 0.00000 0.00000 1.00000 ( 6)  1.000
 635 -   0.00374 0.00891 0.01466 0.02238 0.03667 0.91364 ( 6)  0.927
 636 -   0.09421 0.13113 0.15370 0.17091 0.18330 0.26676 ( 6)  0.366
 637 -   0.00373 0.00887 0.01459 0.02227 0.03648 0.91407 ( 6)  0.928
 638 -   0.00130 0.00467 0.00964 0.01776 0.03577 0.93087 ( 6)  0.943
 639 -   0.00000 0.00000 0.00000 0.00000 0.00000 1.00000 ( 6)  1.000
 640 -   0.00045 0.00172 0.00376 0.00736 0.01631 0.97040 ( 6)  0.976
 641 *   0.00000 0.00000 0.00000 0.00000 0.00000 1.00000 ( 6)  1.000
 642 P   0.00034 0.00128 0.00278 0.00539 0.01187 0.97834 ( 6)  0.982
 643 Q   0.00000 0.00000 0.00000 0.00000 0.00002 0.99998 ( 6)  1.000
 644 Q   0.00000 0.00000 0.00000 0.00000 0.00001 0.99999 ( 6)  1.000
 645 P   0.00001 0.00008 0.00025 0.00063 0.00195 0.99708 ( 6)  0.998
 646 T   0.00000 0.00000 0.00000 0.00000 0.00000 1.00000 ( 6)  1.000
 647 W   0.00000 0.00001 0.00005 0.00017 0.00073 0.99904 ( 6)  0.999
 648 G   0.00001 0.00006 0.00018 0.00045 0.00145 0.99786 ( 6)  0.998
 649 L   0.00032 0.00120 0.00260 0.00507 0.01122 0.97960 ( 6)  0.983
 650 H   0.00000 0.00001 0.00005 0.00015 0.00063 0.99916 ( 6)  0.999
 651 R   0.00000 0.00000 0.00000 0.00000 0.00000 1.00000 ( 6)  1.000
 652 A   0.00013 0.00074 0.00201 0.00467 0.01254 0.97990 ( 6)  0.984
 653 E   0.00000 0.00000 0.00000 0.00000 0.00000 1.00000 ( 6)  1.000
 654 -   0.07369 0.07369 0.07369 0.07369 0.07369 0.63153 ( 6)  0.677
 655 A   0.00001 0.00006 0.00021 0.00062 0.00227 0.99684 ( 6)  0.997
 656 L   0.00000 0.00000 0.00000 0.00001 0.00010 0.99988 ( 6)  1.000
 657 L   0.00003 0.00015 0.00043 0.00108 0.00322 0.99510 ( 6)  0.996
 658 *   0.00000 0.00000 0.00000 0.00000 0.00002 0.99998 ( 6)  1.000
 659 -   0.00000 0.00000 0.00000 0.00000 0.00000 1.00000 ( 6)  1.000
 660 -   0.00000 0.00000 0.00000 0.00002 0.00009 0.99988 ( 6)  1.000
 661 -   0.00000 0.00003 0.00012 0.00037 0.00144 0.99803 ( 6)  0.998
 662 *   0.00000 0.00000 0.00000 0.00000 0.00000 1.00000 ( 6)  1.000
 663 A   0.00000 0.00000 0.00000 0.00000 0.00000 1.00000 ( 6)  1.000
 664 A   0.00158 0.00562 0.01154 0.02105 0.04179 0.91841 ( 6)  0.932
 665 K   0.01641 0.03668 0.05712 0.08175 0.12012 0.68792 ( 6)  0.736
 666 A   0.00577 0.01349 0.02186 0.03277 0.05207 0.87403 ( 6)  0.894
 667 -   0.07369 0.07369 0.07369 0.07369 0.07369 0.63153 ( 6)  0.677
 668 L   0.00000 0.00001 0.00006 0.00021 0.00101 0.99871 ( 6)  0.999
 669 K   0.07052 0.10109 0.12155 0.13924 0.15689 0.41072 ( 6)  0.492
 670 -   0.07369 0.07369 0.07369 0.07369 0.07369 0.63153 ( 6)  0.677
 671 A   0.00000 0.00000 0.00000 0.00000 0.00000 1.00000 ( 6)  1.000
 672 *   0.00000 0.00000 0.00002 0.00009 0.00045 0.99943 ( 6)  1.000
 673 -   0.00000 0.00000 0.00001 0.00003 0.00017 0.99979 ( 6)  1.000
 674 *   0.00377 0.00898 0.01478 0.02257 0.03697 0.91291 ( 6)  0.927
 675 Y   0.00000 0.00000 0.00000 0.00000 0.00000 1.00000 ( 6)  1.000
 676 E   0.00000 0.00000 0.00000 0.00001 0.00007 0.99992 ( 6)  1.000
 677 Q   0.00000 0.00000 0.00000 0.00000 0.00000 1.00000 ( 6)  1.000
 678 P   0.00000 0.00000 0.00000 0.00000 0.00001 0.99999 ( 6)  1.000
 679 S   0.00000 0.00000 0.00001 0.00005 0.00026 0.99968 ( 6)  1.000
 680 S   0.00000 0.00000 0.00000 0.00000 0.00002 0.99998 ( 6)  1.000
 681 S   0.05672 0.08254 0.10057 0.11700 0.13533 0.50785 ( 6)  0.576
 682 F   0.00000 0.00000 0.00000 0.00000 0.00000 1.00000 ( 6)  1.000
 683 S   0.00000 0.00000 0.00000 0.00001 0.00008 0.99991 ( 6)  1.000
 684 A   0.02984 0.06416 0.09656 0.13286 0.18290 0.49368 ( 6)  0.571
 685 W   0.00000 0.00000 0.00002 0.00008 0.00041 0.99949 ( 6)  1.000
 686 E   0.00000 0.00001 0.00004 0.00014 0.00059 0.99922 ( 6)  0.999
 687 W   0.00000 0.00000 0.00002 0.00007 0.00036 0.99955 ( 6)  1.000
 688 C   0.00000 0.00000 0.00000 0.00000 0.00002 0.99998 ( 6)  1.000
 689 E   0.00150 0.00533 0.01096 0.02004 0.03992 0.92224 ( 6)  0.936
 690 E   0.00000 0.00000 0.00000 0.00000 0.00001 0.99998 ( 6)  1.000
 691 S   0.03113 0.06680 0.10038 0.13782 0.18902 0.47485 ( 6)  0.555
 692 -   0.07369 0.07369 0.07369 0.07369 0.07369 0.63153 ( 6)  0.677
 693 -   0.07369 0.07369 0.07369 0.07369 0.07369 0.63153 ( 6)  0.677
 694 S   0.03377 0.07193 0.10741 0.14641 0.19843 0.44206 ( 6)  0.527
 695 G   0.00000 0.00001 0.00004 0.00016 0.00082 0.99896 ( 6)  0.999
 696 P   0.11571 0.15658 0.17908 0.19350 0.19780 0.15733 ( 5)  0.270
 697 D   0.14023 0.18286 0.20240 0.21044 0.20151 0.06257 ( 4)  0.185
 698 C   0.00000 0.00000 0.00000 0.00000 0.00003 0.99996 ( 6)  1.000
 699 G   0.00001 0.00008 0.00030 0.00090 0.00329 0.99542 ( 6)  0.996
 700 Q   0.07031 0.10080 0.12124 0.13890 0.15657 0.41217 ( 6)  0.493
 701 H   0.00000 0.00001 0.00003 0.00013 0.00064 0.99920 ( 6)  0.999
 702 S   0.00000 0.00002 0.00008 0.00025 0.00101 0.99863 ( 6)  0.999
 703 L   0.00000 0.00000 0.00000 0.00000 0.00000 1.00000 ( 6)  1.000
 704 R   0.00000 0.00001 0.00003 0.00011 0.00047 0.99937 ( 6)  0.999
 705 A   0.00329 0.01134 0.02265 0.04008 0.07555 0.84710 ( 6)  0.873
 706 -   0.07369 0.07369 0.07369 0.07369 0.07369 0.63153 ( 6)  0.677
 707 S   0.00000 0.00001 0.00003 0.00009 0.00037 0.99951 ( 6)  1.000
 708 A   0.00034 0.00127 0.00275 0.00534 0.01178 0.97852 ( 6)  0.982
 709 A   0.00001 0.00005 0.00017 0.00053 0.00201 0.99724 ( 6)  0.998
 710 F   0.00001 0.00006 0.00018 0.00047 0.00149 0.99779 ( 6)  0.998
 711 -   0.07369 0.07369 0.07369 0.07369 0.07369 0.63153 ( 6)  0.677
 712 K   0.12112 0.16311 0.18570 0.19954 0.20193 0.12860 ( 5)  0.244
 713 H   0.00000 0.00000 0.00000 0.00001 0.00009 0.99989 ( 6)  1.000
 714 R   0.11330 0.15400 0.17679 0.19185 0.19750 0.16657 ( 5)  0.278
 715 -   0.07369 0.07369 0.07369 0.07369 0.07369 0.63153 ( 6)  0.677
 716 H   0.00000 0.00000 0.00000 0.00000 0.00000 1.00000 ( 6)  1.000
 717 E   0.00091 0.00330 0.00692 0.01295 0.02681 0.94911 ( 6)  0.958
 718 W   0.00000 0.00002 0.00006 0.00018 0.00075 0.99899 ( 6)  0.999
 719 G   0.03090 0.06628 0.09956 0.13665 0.18735 0.47926 ( 6)  0.559
 720 S   0.00006 0.00033 0.00091 0.00218 0.00616 0.99037 ( 6)  0.992
 721 N   0.00000 0.00000 0.00001 0.00004 0.00024 0.99971 ( 6)  1.000
 722 E   0.00000 0.00000 0.00000 0.00000 0.00000 1.00000 ( 6)  1.000
 723 Q   0.27595 0.23014 0.19626 0.16289 0.11906 0.01570 ( 1)  0.124
 724 S   0.00018 0.00101 0.00272 0.00628 0.01657 0.97324 ( 6)  0.978
 725 C   0.00001 0.00010 0.00036 0.00108 0.00391 0.99453 ( 6)  0.996
 726 P   0.00001 0.00008 0.00022 0.00057 0.00178 0.99734 ( 6)  0.998
 727 A   0.22145 0.19906 0.18129 0.16251 0.13519 0.10049 ( 1)  0.205
 728 A   0.28523 0.23368 0.19624 0.16002 0.11361 0.01121 ( 1)  0.119
 729 P   0.00000 0.00001 0.00003 0.00010 0.00044 0.99942 ( 6)  1.000
 730 A   0.00173 0.00615 0.01259 0.02291 0.04528 0.91135 ( 6)  0.926
 731 -   0.07369 0.07369 0.07369 0.07369 0.07369 0.63153 ( 6)  0.677
 732 C   0.00014 0.00078 0.00212 0.00494 0.01330 0.97872 ( 6)  0.983
 733 -   0.07369 0.07369 0.07369 0.07369 0.07369 0.63153 ( 6)  0.677
 734 Y   0.00001 0.00006 0.00022 0.00068 0.00256 0.99646 ( 6)  0.997
 735 -   0.07369 0.07369 0.07369 0.07369 0.07369 0.63153 ( 6)  0.677
 736 H   0.04763 0.07001 0.08608 0.10120 0.11915 0.57592 ( 6)  0.635
 737 A   0.00000 0.00000 0.00000 0.00000 0.00000 1.00000 ( 6)  1.000
 738 A   0.11312 0.15371 0.17641 0.19140 0.19699 0.16837 ( 5)  0.279
 739 P   0.00045 0.00167 0.00359 0.00689 0.01489 0.97250 ( 6)  0.977
 740 S   0.00000 0.00000 0.00000 0.00000 0.00000 1.00000 ( 6)  1.000
 741 L   0.21279 0.19307 0.17727 0.16041 0.13555 0.12091 ( 1)  0.223
 742 L   0.14030 0.18291 0.20240 0.21039 0.20138 0.06262 ( 4)  0.185
 743 P   0.00327 0.01126 0.02249 0.03976 0.07486 0.84835 ( 6)  0.874
 744 T   0.00000 0.00000 0.00000 0.00000 0.00002 0.99998 ( 6)  1.000
 745 H   0.00017 0.00093 0.00249 0.00573 0.01512 0.97557 ( 6)  0.980
 746 T   0.00020 0.00111 0.00296 0.00680 0.01781 0.97112 ( 6)  0.976
 747 -   0.07369 0.07369 0.07369 0.07369 0.07369 0.63153 ( 6)  0.677
 748 H   0.23306 0.20704 0.18660 0.16522 0.13461 0.07347 ( 1)  0.180
 749 Q   0.03376 0.07223 0.10826 0.14815 0.20196 0.43565 ( 6)  0.522
 750 -   0.07369 0.07369 0.07369 0.07369 0.07369 0.63153 ( 6)  0.677
 751 E   0.00038 0.00144 0.00310 0.00601 0.01315 0.97591 ( 6)  0.980
 752 R   0.00000 0.00001 0.00003 0.00011 0.00047 0.99938 ( 6)  0.999
 753 L   0.00000 0.00001 0.00002 0.00008 0.00033 0.99956 ( 6)  1.000
 754 Y   0.00000 0.00000 0.00000 0.00000 0.00000 1.00000 ( 6)  1.000
 755 G   0.21285 0.19297 0.17708 0.16013 0.13519 0.12178 ( 1)  0.224
 756 E   0.00001 0.00008 0.00028 0.00083 0.00308 0.99572 ( 6)  0.997
 757 *   0.00000 0.00000 0.00000 0.00000 0.00000 1.00000 ( 6)  1.000
 758 -   0.00142 0.00507 0.01045 0.01921 0.03855 0.92531 ( 6)  0.938
 759 -   0.00000 0.00000 0.00000 0.00001 0.00006 0.99992 ( 6)  1.000
 760 -   0.07369 0.07369 0.07369 0.07369 0.07369 0.63153 ( 6)  0.677
 761 -   0.00874 0.02006 0.03198 0.04705 0.07245 0.81972 ( 6)  0.848
 762 *   0.00000 0.00001 0.00002 0.00010 0.00049 0.99938 ( 6)  1.000
 763 -   0.07369 0.07369 0.07369 0.07369 0.07369 0.63153 ( 6)  0.677
 764 T   0.00015 0.00087 0.00233 0.00540 0.01433 0.97692 ( 6)  0.981
 765 E   0.12109 0.16304 0.18559 0.19939 0.20175 0.12914 ( 5)  0.245
 766 S   0.00000 0.00002 0.00008 0.00026 0.00104 0.99860 ( 6)  0.999
 767 G   0.02934 0.06322 0.09534 0.13147 0.18162 0.49900 ( 6)  0.576
 768 M   0.00735 0.01703 0.02737 0.04064 0.06355 0.84406 ( 6)  0.869
 769 L   0.01504 0.03373 0.05266 0.07561 0.11174 0.71122 ( 6)  0.756
 770 E   0.00201 0.00710 0.01449 0.02627 0.05152 0.89860 ( 6)  0.916
 771 M   0.11238 0.15336 0.17663 0.19237 0.19909 0.16618 ( 5)  0.278
 772 E   0.00000 0.00000 0.00001 0.00003 0.00016 0.99981 ( 6)  1.000
 773 P   0.00011 0.00064 0.00175 0.00410 0.01116 0.98224 ( 6)  0.985
 774 F   0.01597 0.03576 0.05576 0.07993 0.11778 0.69481 ( 6)  0.742
 775 L   0.00737 0.01708 0.02744 0.04075 0.06372 0.84365 ( 6)  0.868
 776 N   0.02760 0.05991 0.09090 0.12621 0.17627 0.51912 ( 6)  0.593
 777 Y   0.24786 0.21610 0.19160 0.16642 0.13128 0.04673 ( 1)  0.155
 778 P   0.01370 0.03075 0.04807 0.06913 0.10250 0.73584 ( 6)  0.777
 779 E   0.02115 0.04679 0.07219 0.10216 0.14721 0.61050 ( 6)  0.671
 780 E   0.01204 0.02732 0.04308 0.06258 0.09429 0.76069 ( 6)  0.798
 781 S   0.00027 0.00152 0.00402 0.00911 0.02341 0.96167 ( 6)  0.969
 782 F   0.26475 0.22514 0.19529 0.16532 0.12488 0.02464 ( 1)  0.133
 783 P   0.01538 0.03437 0.05352 0.07661 0.11269 0.70743 ( 6)  0.753
 784 C   0.29057 0.23588 0.19646 0.15860 0.11064 0.00785 ( 1)  0.115
 785 Q   0.02366 0.05178 0.07917 0.11091 0.15727 0.57721 ( 6)  0.642
 786 G   0.02172 0.04768 0.07310 0.10274 0.14653 0.60823 ( 6)  0.669
 787 T   0.00000 0.00000 0.00000 0.00001 0.00007 0.99991 ( 6)  1.000
 788 N   0.00000 0.00002 0.00007 0.00021 0.00087 0.99883 ( 6)  0.999
 789 V   0.00012 0.00068 0.00186 0.00437 0.01185 0.98111 ( 6)  0.985
 790 Q   0.12368 0.16588 0.18818 0.20136 0.20238 0.11852 ( 5)  0.235
 791 L   0.28857 0.23512 0.19646 0.15922 0.11181 0.00882 ( 1)  0.116
 792 Q   0.11980 0.16161 0.18426 0.19835 0.20135 0.13463 ( 5)  0.250
 793 C   0.00000 0.00000 0.00001 0.00005 0.00021 0.99973 ( 6)  1.000
 794 G   0.00515 0.01215 0.01982 0.02995 0.04820 0.88471 ( 6)  0.903
 795 G   0.11341 0.15413 0.17692 0.19198 0.19758 0.16598 ( 5)  0.277
 796 L   0.00001 0.00007 0.00026 0.00077 0.00285 0.99605 ( 6)  0.997
 797 Y   0.22332 0.20053 0.18245 0.16334 0.13557 0.09480 ( 1)  0.200
 798 G   0.00009 0.00051 0.00140 0.00331 0.00911 0.98559 ( 6)  0.988
 799 G   0.00000 0.00000 0.00000 0.00001 0.00004 0.99995 ( 6)  1.000
 800 T   0.00006 0.00025 0.00058 0.00122 0.00302 0.99486 ( 6)  0.996
 801 Q   0.00000 0.00000 0.00000 0.00000 0.00000 1.00000 ( 6)  1.000
 802 R   0.26230 0.22316 0.19376 0.16432 0.12469 0.03177 ( 1)  0.140
 803 T   0.03506 0.07471 0.11158 0.15208 0.20598 0.42059 ( 6)  0.509
 804 T   0.00000 0.00000 0.00000 0.00000 0.00000 1.00000 ( 6)  1.000
 805 G   0.00080 0.00292 0.00613 0.01149 0.02384 0.95482 ( 6)  0.963
 806 G   0.03375 0.05052 0.06311 0.07561 0.09190 0.68511 ( 6)  0.730
 807 M   0.06096 0.08830 0.10717 0.12409 0.14240 0.47708 ( 6)  0.550
 808 Q   0.05586 0.08130 0.09907 0.11529 0.13343 0.51504 ( 6)  0.583
 809 L   0.22174 0.19928 0.18146 0.16261 0.13523 0.09968 ( 1)  0.204
 810 N   0.06635 0.09550 0.11526 0.13260 0.15052 0.43977 ( 6)  0.517
 811 P   0.00041 0.00153 0.00329 0.00634 0.01379 0.97465 ( 6)  0.979
 812 G   0.23269 0.20662 0.18618 0.16481 0.13425 0.07545 ( 1)  0.182
 813 G   0.00164 0.00584 0.01198 0.02186 0.04339 0.91528 ( 6)  0.930
 814 H   0.11815 0.15930 0.18160 0.19550 0.19864 0.14680 ( 5)  0.260
 815 G   0.00171 0.00608 0.01244 0.02265 0.04476 0.91235 ( 6)  0.927
 816 E   0.02715 0.05897 0.08953 0.12439 0.17395 0.52600 ( 6)  0.599
 817 M   0.00188 0.00666 0.01364 0.02482 0.04899 0.90401 ( 6)  0.920
 818 E   0.27781 0.23092 0.19636 0.16242 0.11803 0.01445 ( 1)  0.123
 819 E   0.02935 0.06341 0.09585 0.13249 0.18367 0.49523 ( 6)  0.573
 820 G   0.00932 0.02157 0.03459 0.05117 0.07935 0.80400 ( 6)  0.835
 821 L   0.00898 0.02063 0.03290 0.04840 0.07453 0.81455 ( 6)  0.844
 822 L   0.24304 0.21318 0.19002 0.16608 0.13242 0.05526 ( 1)  0.163
 823 Q   0.11903 0.16074 0.18345 0.19770 0.20107 0.13801 ( 5)  0.253
 824 P   0.00052 0.00192 0.00409 0.00782 0.01677 0.96889 ( 6)  0.974
 825 D   0.12537 0.16772 0.18985 0.20263 0.20276 0.11168 ( 5)  0.229
 826 F   0.26280 0.22417 0.19497 0.16558 0.12575 0.02673 ( 1)  0.135
 827 A   0.03851 0.08153 0.12104 0.16383 0.21927 0.37583 ( 6)  0.470
 828 L   0.03993 0.08425 0.12472 0.16826 0.22397 0.35887 ( 6)  0.456
 829 P   0.08047 0.11384 0.13535 0.15302 0.16872 0.34860 ( 6)  0.438
 830 Q   0.02468 0.05388 0.08218 0.11482 0.16208 0.56236 ( 6)  0.630
 831 C   0.28961 0.23553 0.19648 0.15892 0.11122 0.00823 ( 1)  0.116
 832 Q   0.27595 0.23014 0.19626 0.16289 0.11906 0.01570 ( 1)  0.124
 833 M   0.00181 0.00643 0.01317 0.02400 0.04750 0.90709 ( 6)  0.923
 834 N   0.11013 0.15067 0.17394 0.18995 0.19752 0.17779 ( 5)  0.288
 835 Q   0.02582 0.05625 0.08563 0.11936 0.16782 0.54512 ( 6)  0.615
 836 H   0.03478 0.07421 0.11094 0.15139 0.20540 0.42329 ( 6)  0.511
 837 F   0.26224 0.22389 0.19488 0.16565 0.12599 0.02735 ( 1)  0.136
 838 P   0.00000 0.00000 0.00000 0.00000 0.00000 1.00000 ( 6)  1.000
 839 N   0.00000 0.00000 0.00000 0.00002 0.00012 0.99986 ( 6)  1.000
 840 L   0.00000 0.00002 0.00007 0.00023 0.00093 0.99875 ( 6)  0.999
 841 -   0.00000 0.00000 0.00000 0.00000 0.00002 0.99998 ( 6)  1.000
 842 -   0.01866 0.04128 0.06373 0.09030 0.13059 0.65543 ( 6)  0.709
 843 -   0.00000 0.00001 0.00003 0.00009 0.00040 0.99947 ( 6)  1.000
 844 -   0.00000 0.00000 0.00000 0.00000 0.00000 1.00000 ( 6)  1.000
 845 -   0.00757 0.01751 0.02809 0.04163 0.06489 0.84030 ( 6)  0.866
 846 -   0.00000 0.00004 0.00013 0.00041 0.00158 0.99784 ( 6)  0.998
 847 -   0.00290 0.01009 0.02031 0.03625 0.06927 0.86119 ( 6)  0.885
 848 *   0.00000 0.00000 0.00000 0.00000 0.00003 0.99997 ( 6)  1.000
 849 P   0.00000 0.00001 0.00004 0.00015 0.00074 0.99907 ( 6)  0.999
 850 I   0.00000 0.00000 0.00000 0.00000 0.00000 1.00000 ( 6)  1.000
 851 G   0.27051 0.22757 0.19559 0.16384 0.12167 0.02082 ( 1)  0.129
 852 R   0.00009 0.00049 0.00136 0.00323 0.00895 0.98588 ( 6)  0.988
 853 S   0.00000 0.00000 0.00000 0.00000 0.00003 0.99997 ( 6)  1.000
 854 P   0.00363 0.01250 0.02493 0.04400 0.08255 0.83239 ( 6)  0.861
 855 P   0.00001 0.00006 0.00022 0.00066 0.00247 0.99659 ( 6)  0.997
 856 I   0.00000 0.00000 0.00001 0.00005 0.00025 0.99969 ( 6)  1.000
 857 A   0.28309 0.23285 0.19623 0.16066 0.11485 0.01232 ( 1)  0.120
 858 -   0.07369 0.07369 0.07369 0.07369 0.07369 0.63153 ( 6)  0.677
 859 T   0.00000 0.00000 0.00000 0.00000 0.00000 1.00000 ( 6)  1.000
 860 -   0.07369 0.07369 0.07369 0.07369 0.07369 0.63153 ( 6)  0.677
 861 A   0.00000 0.00001 0.00003 0.00009 0.00037 0.99951 ( 6)  1.000
 862 P   0.00000 0.00000 0.00000 0.00000 0.00000 1.00000 ( 6)  1.000
 863 G   0.12867 0.17087 0.19221 0.20370 0.20154 0.10302 ( 4)  0.221
 864 *   0.22664 0.20270 0.18379 0.16388 0.13513 0.08787 ( 1)  0.193
 865 -   0.00038 0.00145 0.00312 0.00604 0.01323 0.97578 ( 6)  0.980
 866 -   0.00135 0.00483 0.00998 0.01838 0.03702 0.92845 ( 6)  0.941
 867 -   0.01925 0.04256 0.06564 0.09291 0.13410 0.64555 ( 6)  0.700
 868 -   0.00000 0.00000 0.00001 0.00003 0.00018 0.99979 ( 6)  1.000
 869 -   0.00022 0.00085 0.00187 0.00370 0.00838 0.98498 ( 6)  0.988
 870 *   0.00240 0.00841 0.01704 0.03066 0.05940 0.88210 ( 6)  0.902
 871 S   0.00001 0.00010 0.00036 0.00107 0.00389 0.99457 ( 6)  0.996
 872 I   0.00196 0.00694 0.01419 0.02577 0.05069 0.90045 ( 6)  0.917
 873 T   0.00000 0.00001 0.00004 0.00012 0.00049 0.99935 ( 6)  0.999
 874 L   0.00000 0.00000 0.00000 0.00000 0.00000 1.00000 ( 6)  1.000
 875 L   0.00000 0.00001 0.00003 0.00011 0.00059 0.99926 ( 6)  0.999
 876 R   0.00571 0.01339 0.02172 0.03262 0.05199 0.87456 ( 6)  0.895
 877 T   0.28925 0.23533 0.19640 0.15896 0.11139 0.00867 ( 1)  0.116
 878 Q   0.00000 0.00000 0.00001 0.00003 0.00023 0.99973 ( 6)  1.000
 879 -   0.07369 0.07369 0.07369 0.07369 0.07369 0.63153 ( 6)  0.677
 880 P   0.00595 0.01390 0.02249 0.03367 0.05338 0.87060 ( 6)  0.891
 881 I   0.00000 0.00000 0.00001 0.00005 0.00026 0.99968 ( 6)  1.000
 882 T   0.00001 0.00008 0.00023 0.00058 0.00180 0.99731 ( 6)  0.998
 883 A   0.00001 0.00005 0.00018 0.00055 0.00210 0.99711 ( 6)  0.998
 884 C   0.00018 0.00099 0.00266 0.00614 0.01617 0.97386 ( 6)  0.979
 885 S   0.14187 0.18443 0.20359 0.21101 0.20098 0.05812 ( 4)  0.180
 886 T   0.00000 0.00001 0.00003 0.00010 0.00054 0.99932 ( 6)  0.999
 887 T   0.05723 0.08315 0.10119 0.11756 0.13568 0.50520 ( 6)  0.574
 888 K   0.00000 0.00000 0.00000 0.00002 0.00012 0.99986 ( 6)  1.000
 889 -   0.07369 0.07369 0.07369 0.07369 0.07369 0.63153 ( 6)  0.677
 890 -   0.07369 0.07369 0.07369 0.07369 0.07369 0.63153 ( 6)  0.677
 891 A   0.05289 0.07727 0.09448 0.11037 0.12857 0.53642 ( 6)  0.601
 892 R   0.00000 0.00000 0.00000 0.00000 0.00000 1.00000 ( 6)  1.000
 893 V   0.00020 0.00113 0.00302 0.00691 0.01803 0.97070 ( 6)  0.976
 894 R   0.11271 0.15355 0.17659 0.19202 0.19828 0.16685 ( 5)  0.278
 895 M   0.09052 0.12673 0.14928 0.16695 0.18072 0.28579 ( 6)  0.383
 896 V   0.00000 0.00000 0.00000 0.00000 0.00002 0.99998 ( 6)  1.000
 897 D   0.00000 0.00001 0.00002 0.00008 0.00034 0.99955 ( 6)  1.000
 898 L   0.00020 0.00078 0.00171 0.00340 0.00774 0.98617 ( 6)  0.989
 899 T   0.00000 0.00000 0.00000 0.00001 0.00008 0.99991 ( 6)  1.000
 900 M   0.00000 0.00000 0.00000 0.00000 0.00000 1.00000 ( 6)  1.000
 901 G   0.00302 0.01047 0.02098 0.03728 0.07073 0.85752 ( 6)  0.882
 902 A   0.00026 0.00142 0.00377 0.00857 0.02209 0.96389 ( 6)  0.970
 903 A   0.00000 0.00000 0.00000 0.00000 0.00000 0.99999 ( 6)  1.000
 904 -   0.07369 0.07369 0.07369 0.07369 0.07369 0.63153 ( 6)  0.677
 905 T   0.02784 0.06029 0.09133 0.12656 0.17623 0.51775 ( 6)  0.592
 906 A   0.00000 0.00001 0.00006 0.00022 0.00106 0.99866 ( 6)  0.999
 907 C   0.00017 0.00096 0.00258 0.00598 0.01588 0.97444 ( 6)  0.979
 908 R   0.21988 0.19810 0.18077 0.16240 0.13558 0.10327 ( 1)  0.207
 909 S   0.21877 0.19731 0.18022 0.16209 0.13558 0.10603 ( 1)  0.210
 910 N   0.20226 0.18531 0.17161 0.15684 0.13478 0.14920 ( 1)  0.249
 911 R   0.00000 0.00000 0.00000 0.00000 0.00001 0.99998 ( 6)  1.000
 912 S   0.29466 0.23730 0.19626 0.15716 0.10815 0.00647 ( 1)  0.113
 913 S   0.29123 0.23609 0.19640 0.15834 0.11023 0.00772 ( 1)  0.115
 914 V   0.00000 0.00000 0.00000 0.00000 0.00000 1.00000 ( 6)  1.000
 915 I   0.02492 0.05436 0.08285 0.11565 0.16301 0.55921 ( 6)  0.627
 916 Q   0.00000 0.00001 0.00002 0.00010 0.00050 0.99937 ( 6)  0.999
 917 L   0.00000 0.00000 0.00000 0.00000 0.00004 0.99995 ( 6)  1.000
 918 P   0.00000 0.00000 0.00000 0.00000 0.00000 1.00000 ( 6)  1.000
 919 P   0.12954 0.17156 0.19254 0.20354 0.20060 0.10222 ( 4)  0.220
 920 R   0.00001 0.00007 0.00025 0.00077 0.00285 0.99605 ( 6)  0.997
 921 L   0.00000 0.00000 0.00000 0.00000 0.00004 0.99995 ( 6)  1.000
 922 -   0.07369 0.07369 0.07369 0.07369 0.07369 0.63153 ( 6)  0.677
 923 P   0.00000 0.00001 0.00005 0.00018 0.00089 0.99888 ( 6)  0.999
 924 H   0.00001 0.00007 0.00022 0.00055 0.00173 0.99742 ( 6)  0.998
 925 V   0.13129 0.17355 0.19445 0.20513 0.20140 0.09418 ( 4)  0.213
 926 T   0.00001 0.00008 0.00023 0.00059 0.00185 0.99723 ( 6)  0.998
 927 V   0.00000 0.00000 0.00000 0.00000 0.00000 1.00000 ( 6)  1.000
 928 P   0.00552 0.01292 0.02096 0.03148 0.05018 0.87895 ( 6)  0.898
 929 *   0.00000 0.00000 0.00000 0.00001 0.00009 0.99990 ( 6)  1.000
 930 -   0.00008 0.00033 0.00079 0.00170 0.00435 0.99275 ( 6)  0.994
 931 -   0.07369 0.07369 0.07369 0.07369 0.07369 0.63153 ( 6)  0.677
 932 *   0.00090 0.00324 0.00674 0.01252 0.02564 0.95097 ( 6)  0.959
 933 L   0.00056 0.00206 0.00438 0.00834 0.01777 0.96690 ( 6)  0.973
 934 H   0.00000 0.00000 0.00000 0.00000 0.00000 1.00000 ( 6)  1.000
 935 N   0.00000 0.00000 0.00000 0.00002 0.00011 0.99987 ( 6)  1.000
 936 S   0.00000 0.00001 0.00004 0.00017 0.00084 0.99893 ( 6)  0.999
 937 P   0.00000 0.00000 0.00002 0.00009 0.00046 0.99943 ( 6)  1.000
 938 *   0.00000 0.00000 0.00000 0.00000 0.00000 1.00000 ( 6)  1.000
 939 *   0.00000 0.00001 0.00002 0.00008 0.00034 0.99955 ( 6)  1.000
 940 L   0.00002 0.00013 0.00037 0.00092 0.00279 0.99577 ( 6)  0.997
 941 D   0.00282 0.00978 0.01964 0.03497 0.06660 0.86620 ( 6)  0.889
 942 V   0.00000 0.00000 0.00001 0.00005 0.00029 0.99965 ( 6)  1.000
 943 P   0.00048 0.00178 0.00380 0.00728 0.01567 0.97100 ( 6)  0.976
 944 -   0.07369 0.07369 0.07369 0.07369 0.07369 0.63153 ( 6)  0.677
 945 -   0.00000 0.00000 0.00000 0.00002 0.00009 0.99989 ( 6)  1.000
 946 -   0.07369 0.07369 0.07369 0.07369 0.07369 0.63153 ( 6)  0.677
 947 -   0.00000 0.00003 0.00009 0.00030 0.00118 0.99840 ( 6)  0.999
 948 *   0.00000 0.00001 0.00005 0.00015 0.00063 0.99915 ( 6)  0.999
 949 G   0.00000 0.00000 0.00000 0.00000 0.00000 1.00000 ( 6)  1.000
 950 G   0.00001 0.00006 0.00019 0.00049 0.00155 0.99770 ( 6)  0.998
 951 T   0.00000 0.00000 0.00000 0.00000 0.00001 0.99999 ( 6)  1.000
 952 R   0.00000 0.00000 0.00000 0.00000 0.00000 1.00000 ( 6)  1.000
 953 L   0.00000 0.00000 0.00000 0.00000 0.00001 0.99999 ( 6)  1.000
 954 R   0.00000 0.00003 0.00011 0.00033 0.00129 0.99825 ( 6)  0.999
 955 S   0.00000 0.00000 0.00000 0.00000 0.00000 1.00000 ( 6)  1.000
 956 R   0.00000 0.00000 0.00000 0.00001 0.00006 0.99993 ( 6)  1.000
 957 R   0.00000 0.00000 0.00000 0.00000 0.00000 1.00000 ( 6)  1.000
 958 T   0.00000 0.00000 0.00000 0.00000 0.00001 0.99999 ( 6)  1.000
 959 A   0.00003 0.00020 0.00056 0.00138 0.00406 0.99377 ( 6)  0.995
 960 A   0.00000 0.00000 0.00002 0.00006 0.00028 0.99964 ( 6)  1.000
 961 T   0.00774 0.01790 0.02871 0.04254 0.06627 0.83683 ( 6)  0.863
 962 W   0.02173 0.04784 0.07351 0.10359 0.14832 0.60502 ( 6)  0.666
 963 G   0.00040 0.00150 0.00323 0.00623 0.01358 0.97505 ( 6)  0.979
 964 C   0.00005 0.00030 0.00085 0.00206 0.00588 0.99086 ( 6)  0.993
 965 -   0.07369 0.07369 0.07369 0.07369 0.07369 0.63153 ( 6)  0.677
 966 A   0.28523 0.23368 0.19624 0.16002 0.11361 0.01121 ( 1)  0.119
 967 P   0.00000 0.00000 0.00000 0.00000 0.00000 1.00000 ( 6)  1.000
 968 G   0.00000 0.00000 0.00000 0.00000 0.00000 1.00000 ( 6)  1.000
 969 G   0.00000 0.00000 0.00000 0.00000 0.00000 1.00000 ( 6)  1.000
 970 G   0.00000 0.00001 0.00005 0.00015 0.00064 0.99915 ( 6)  0.999
 971 E   0.27917 0.23150 0.19643 0.16208 0.11729 0.01353 ( 1)  0.122
 972 P   0.03212 0.06865 0.10280 0.14061 0.19168 0.46413 ( 6)  0.546
 973 T   0.00031 0.00118 0.00255 0.00498 0.01103 0.97995 ( 6)  0.983
 974 P   0.00007 0.00040 0.00112 0.00271 0.00776 0.98794 ( 6)  0.990
 975 P   0.00565 0.01321 0.02142 0.03213 0.05111 0.87648 ( 6)  0.896
 976 L   0.01612 0.03595 0.05589 0.07984 0.11705 0.69514 ( 6)  0.743
 977 C   0.00442 0.01511 0.02995 0.05248 0.09726 0.80079 ( 6)  0.834
 978 R   0.08358 0.11798 0.13999 0.15789 0.17334 0.32722 ( 6)  0.419
 979 P   0.00032 0.00122 0.00264 0.00513 0.01134 0.97935 ( 6)  0.983
 980 K   0.10007 0.13869 0.16193 0.17919 0.19052 0.22961 ( 6)  0.334
 981 R   0.00008 0.00047 0.00129 0.00307 0.00854 0.98655 ( 6)  0.989
 982 -   0.07369 0.07369 0.07369 0.07369 0.07369 0.63153 ( 6)  0.677
 983 W   0.26779 0.22653 0.19559 0.16470 0.12333 0.02206 ( 1)  0.131
 984 S   0.29263 0.23658 0.19634 0.15786 0.10938 0.00721 ( 1)  0.114
 985 A   0.00028 0.00106 0.00232 0.00454 0.01014 0.98166 ( 6)  0.985
 986 A   0.00018 0.00070 0.00155 0.00308 0.00707 0.98743 ( 6)  0.990
 987 T   0.00001 0.00007 0.00024 0.00073 0.00274 0.99621 ( 6)  0.997
 988 C   0.03383 0.07239 0.10849 0.14847 0.20238 0.43444 ( 6)  0.521
 989 R   0.26890 0.22697 0.19562 0.16438 0.12268 0.02145 ( 1)  0.130
 990 H   0.00001 0.00006 0.00023 0.00070 0.00259 0.99641 ( 6)  0.997
 991 S   0.29466 0.23730 0.19626 0.15716 0.10815 0.00647 ( 1)  0.113
 992 R   0.26890 0.22697 0.19562 0.16438 0.12268 0.02145 ( 1)  0.130
 993 R   0.00331 0.01144 0.02291 0.04064 0.07687 0.84482 ( 6)  0.871
 994 -   0.07369 0.07369 0.07369 0.07369 0.07369 0.63153 ( 6)  0.677
 995 C   0.21738 0.19639 0.17964 0.16183 0.13574 0.10902 ( 1)  0.213
 996 G   0.27051 0.22757 0.19559 0.16384 0.12167 0.02082 ( 1)  0.129
 997 G   0.00012 0.00068 0.00186 0.00436 0.01183 0.98114 ( 6)  0.985
 998 *   0.00000 0.00001 0.00004 0.00015 0.00078 0.99902 ( 6)  0.999
 999 -   0.00070 0.00257 0.00546 0.01035 0.02188 0.95904 ( 6)  0.966
1000 -   0.07369 0.07369 0.07369 0.07369 0.07369 0.63153 ( 6)  0.677
1001 P   0.00000 0.00000 0.00000 0.00000 0.00001 0.99999 ( 6)  1.000
1002 P   0.00002 0.00010 0.00029 0.00073 0.00224 0.99663 ( 6)  0.997
1003 K   0.02191 0.04817 0.07395 0.10408 0.14875 0.60314 ( 6)  0.664
1004 R   0.00000 0.00000 0.00000 0.00000 0.00000 1.00000 ( 6)  1.000
1005 G   0.00000 0.00000 0.00002 0.00006 0.00034 0.99957 ( 6)  1.000
1006 R   0.00000 0.00003 0.00011 0.00035 0.00137 0.99813 ( 6)  0.998
1007 P   0.00000 0.00000 0.00000 0.00001 0.00008 0.99991 ( 6)  1.000
1008 A   0.00056 0.00207 0.00440 0.00839 0.01788 0.96670 ( 6)  0.972
1009 W   0.00186 0.00660 0.01350 0.02455 0.04845 0.90504 ( 6)  0.921
1010 G   0.00017 0.00096 0.00258 0.00595 0.01569 0.97465 ( 6)  0.979
1011 -   0.07369 0.07369 0.07369 0.07369 0.07369 0.63153 ( 6)  0.677
1012 A   0.06320 0.09121 0.11035 0.12732 0.14526 0.46267 ( 6)  0.537
1013 M   0.00000 0.00000 0.00000 0.00000 0.00000 1.00000 ( 6)  1.000
1014 N   0.00015 0.00087 0.00235 0.00545 0.01457 0.97661 ( 6)  0.981
1015 V   0.00001 0.00005 0.00018 0.00054 0.00204 0.99719 ( 6)  0.998
1016 G   0.00002 0.00015 0.00048 0.00134 0.00455 0.99346 ( 6)  0.995
1017 S   0.22547 0.20201 0.18344 0.16384 0.13546 0.08979 ( 1)  0.195
1018 T   0.02818 0.06102 0.09239 0.12796 0.17800 0.51244 ( 6)  0.587
1019 R   0.00000 0.00004 0.00014 0.00043 0.00167 0.99771 ( 6)  0.998
1020 A   0.00002 0.00015 0.00042 0.00104 0.00311 0.99527 ( 6)  0.996
1021 R   0.00026 0.00142 0.00376 0.00855 0.02207 0.96396 ( 6)  0.970
1022 -   0.00000 0.00000 0.00000 0.00002 0.00010 0.99988 ( 6)  1.000
1023 -   0.02645 0.05727 0.08675 0.12024 0.16762 0.54167 ( 6)  0.612
1024 -   0.00000 0.00000 0.00001 0.00004 0.00022 0.99973 ( 6)  1.000
1025 *   0.00033 0.00125 0.00272 0.00529 0.01168 0.97873 ( 6)  0.982
1026 P   0.00425 0.01006 0.01648 0.02501 0.04060 0.90360 ( 6)  0.919
1027 R   0.01525 0.03443 0.05403 0.07797 0.11604 0.70228 ( 6)  0.749
1028 P   0.28552 0.23374 0.19617 0.15986 0.11340 0.01131 ( 1)  0.119
1029 Q   0.08800 0.12365 0.14611 0.16399 0.17857 0.29968 ( 6)  0.395
1030 I   0.00000 0.00001 0.00005 0.00015 0.00062 0.99917 ( 6)  0.999
1031 L   0.12867 0.17116 0.19279 0.20459 0.20278 0.10002 ( 4)  0.219
1032 -   0.07369 0.07369 0.07369 0.07369 0.07369 0.63153 ( 6)  0.677
1033 L   0.00149 0.00367 0.00624 0.00987 0.01720 0.96152 ( 6)  0.968
1034 P   0.00566 0.01324 0.02146 0.03219 0.05123 0.87623 ( 6)  0.896
1035 T   0.00000 0.00000 0.00000 0.00000 0.00003 0.99997 ( 6)  1.000
1036 Q   0.00790 0.01827 0.02929 0.04337 0.06751 0.83366 ( 6)  0.860
1037 S   0.00000 0.00000 0.00000 0.00000 0.00004 0.99995 ( 6)  1.000
1038 Q   0.00000 0.00000 0.00000 0.00000 0.00000 1.00000 ( 6)  1.000
1039 S   0.00000 0.00001 0.00004 0.00012 0.00051 0.99932 ( 6)  0.999
1040 P   0.04450 0.06577 0.08124 0.09602 0.11403 0.59844 ( 6)  0.655
1041 A   0.05859 0.08500 0.10332 0.11986 0.13799 0.49524 ( 6)  0.565
1042 G   0.01754 0.03910 0.06073 0.08664 0.12662 0.66937 ( 6)  0.721
1043 A   0.00382 0.00908 0.01494 0.02280 0.03733 0.91204 ( 6)  0.926
1044 A   0.00173 0.00612 0.01251 0.02276 0.04493 0.91195 ( 6)  0.927
1045 G   0.00000 0.00000 0.00000 0.00002 0.00010 0.99988 ( 6)  1.000
1046 E   0.00000 0.00000 0.00000 0.00002 0.00012 0.99986 ( 6)  1.000
1047 P   0.07188 0.10266 0.12307 0.14050 0.15748 0.40441 ( 6)  0.486
1048 P   0.00000 0.00000 0.00000 0.00001 0.00006 0.99993 ( 6)  1.000
1049 P   0.04587 0.06757 0.08323 0.09808 0.11593 0.58932 ( 6)  0.647
1050 P   0.00001 0.00007 0.00022 0.00056 0.00175 0.99739 ( 6)  0.998
1051 E   0.00000 0.00003 0.00012 0.00038 0.00147 0.99800 ( 6)  0.998
1052 P   0.00001 0.00006 0.00022 0.00066 0.00243 0.99662 ( 6)  0.997
1053 P   0.00001 0.00009 0.00031 0.00092 0.00337 0.99530 ( 6)  0.996
1054 L   0.00000 0.00000 0.00000 0.00000 0.00001 0.99999 ( 6)  1.000
1055 L   0.21279 0.19307 0.17727 0.16041 0.13555 0.12091 ( 1)  0.223
1056 -   0.07369 0.07369 0.07369 0.07369 0.07369 0.63153 ( 6)  0.677
1057 P   0.28552 0.23374 0.19617 0.15986 0.11340 0.01131 ( 1)  0.119
1058 -   0.07369 0.07369 0.07369 0.07369 0.07369 0.63153 ( 6)  0.677
1059 Y   0.00000 0.00000 0.00000 0.00002 0.00011 0.99987 ( 6)  1.000
1060 G   0.00375 0.00891 0.01463 0.02228 0.03640 0.91403 ( 6)  0.928
1061 A   0.12844 0.17056 0.19186 0.20334 0.20121 0.10459 ( 4)  0.223
1062 T   0.00000 0.00000 0.00000 0.00000 0.00000 1.00000 ( 6)  1.000
1063 S   0.00375 0.01288 0.02561 0.04508 0.08419 0.82849 ( 6)  0.857
1064 P   0.00000 0.00001 0.00003 0.00013 0.00066 0.99917 ( 6)  0.999
1065 -   0.07369 0.07369 0.07369 0.07369 0.07369 0.63153 ( 6)  0.677
1066 R   0.00000 0.00000 0.00002 0.00008 0.00042 0.99948 ( 6)  1.000
1067 R   0.02174 0.04776 0.07326 0.10302 0.14705 0.60717 ( 6)  0.668
1068 -   0.07369 0.07369 0.07369 0.07369 0.07369 0.63153 ( 6)  0.677
1069 A   0.00405 0.01387 0.02754 0.04839 0.09010 0.81606 ( 6)  0.847
1070 T   0.00000 0.00000 0.00000 0.00000 0.00000 1.00000 ( 6)  1.000
1071 G   0.00000 0.00000 0.00002 0.00007 0.00036 0.99955 ( 6)  1.000
1072 P   0.00000 0.00001 0.00003 0.00010 0.00044 0.99941 ( 6)  1.000
1073 P   0.06558 0.09438 0.11389 0.13101 0.14873 0.44641 ( 6)  0.523
1074 K   0.00000 0.00000 0.00000 0.00000 0.00000 1.00000 ( 6)  1.000
1075 Q   0.00159 0.00566 0.01165 0.02134 0.04258 0.91718 ( 6)  0.931
1076 R   0.00000 0.00000 0.00000 0.00000 0.00000 1.00000 ( 6)  1.000
1077 G   0.00008 0.00045 0.00125 0.00298 0.00830 0.98694 ( 6)  0.989
1078 L   0.21249 0.19283 0.17707 0.16025 0.13546 0.12190 ( 1)  0.224
1079 W   0.00000 0.00001 0.00003 0.00012 0.00061 0.99923 ( 6)  0.999
1080 G   0.00000 0.00000 0.00000 0.00000 0.00000 1.00000 ( 6)  1.000
1081 -   0.07369 0.07369 0.07369 0.07369 0.07369 0.63153 ( 6)  0.677
1082 R   0.00000 0.00001 0.00003 0.00009 0.00038 0.99949 ( 6)  1.000
1083 G   0.00016 0.00090 0.00243 0.00563 0.01493 0.97595 ( 6)  0.980
1084 -   0.07369 0.07369 0.07369 0.07369 0.07369 0.63153 ( 6)  0.677
1085 P   0.00001 0.00006 0.00023 0.00070 0.00263 0.99636 ( 6)  0.997
1086 Q   0.00000 0.00000 0.00000 0.00000 0.00000 1.00000 ( 6)  1.000
1087 P   0.00000 0.00000 0.00000 0.00000 0.00003 0.99996 ( 6)  1.000
1088 I   0.00000 0.00000 0.00000 0.00000 0.00000 1.00000 ( 6)  1.000
1089 L   0.21644 0.19568 0.17911 0.16147 0.13562 0.11169 ( 1)  0.215
1090 -   0.07369 0.07369 0.07369 0.07369 0.07369 0.63153 ( 6)  0.677
1091 G   0.00000 0.00004 0.00015 0.00046 0.00177 0.99756 ( 6)  0.998
1092 N   0.00000 0.00000 0.00000 0.00000 0.00000 1.00000 ( 6)  1.000
1093 G   0.02554 0.05545 0.08417 0.11697 0.16376 0.55411 ( 6)  0.623
1094 Q   0.10437 0.14351 0.16641 0.18273 0.19188 0.21110 ( 6)  0.317
1095 R   0.01701 0.03784 0.05868 0.08358 0.12193 0.68096 ( 6)  0.731
1096 G   0.00000 0.00000 0.00000 0.00001 0.00004 0.99995 ( 6)  1.000
1097 L   0.00607 0.01418 0.02296 0.03440 0.05459 0.86779 ( 6)  0.889
1098 R   0.12419 0.16601 0.18783 0.20043 0.20061 0.12093 ( 5)  0.237
1099 L   0.21494 0.19458 0.17831 0.16098 0.13552 0.11567 ( 1)  0.219
1100 P   0.00011 0.00061 0.00166 0.00389 0.01057 0.98316 ( 6)  0.986
1101 P   0.00881 0.02022 0.03221 0.04738 0.07292 0.81847 ( 6)  0.847
1102 V   0.00014 0.00077 0.00209 0.00485 0.01299 0.97916 ( 6)  0.983
1103 H   0.03222 0.06900 0.10347 0.14175 0.19368 0.45987 ( 6)  0.542
1104 P   0.00009 0.00050 0.00137 0.00322 0.00878 0.98605 ( 6)  0.989
1105 A   0.00000 0.00000 0.00000 0.00001 0.00005 0.99994 ( 6)  1.000
1106 P   0.01314 0.02958 0.04636 0.06688 0.09965 0.74439 ( 6)  0.784
1107 Q   0.00008 0.00047 0.00130 0.00309 0.00859 0.98646 ( 6)  0.989
1108 V   0.01451 0.03257 0.05090 0.07316 0.10834 0.72051 ( 6)  0.764
1109 P   0.02636 0.05708 0.08646 0.11987 0.16714 0.54310 ( 6)  0.613
1110 S   0.00000 0.00000 0.00000 0.00000 0.00000 1.00000 ( 6)  1.000
1111 D   0.00003 0.00019 0.00053 0.00130 0.00384 0.99411 ( 6)  0.995
1112 G   0.00000 0.00000 0.00000 0.00000 0.00004 0.99996 ( 6)  1.000
1113 L   0.10209 0.14114 0.16442 0.18147 0.19207 0.21881 ( 6)  0.324
1114 L   0.00000 0.00000 0.00000 0.00000 0.00004 0.99996 ( 6)  1.000
1115 C   0.07037 0.10086 0.12127 0.13891 0.15651 0.41208 ( 6)  0.493
1116 Y   0.25969 0.22258 0.19440 0.16591 0.12705 0.03036 ( 1)  0.139
1117 Q   0.06589 0.09477 0.11433 0.13147 0.14915 0.44439 ( 6)  0.521
1118 A   0.00259 0.00902 0.01820 0.03256 0.06250 0.87512 ( 6)  0.896
1119 Q   0.27620 0.23024 0.19628 0.16283 0.11892 0.01552 ( 1)  0.124
1120 -   0.00000 0.00000 0.00001 0.00003 0.00017 0.99979 ( 6)  1.000
1121 -   0.05555 0.08079 0.09841 0.11446 0.13239 0.51839 ( 6)  0.585
1122 -   0.09314 0.12972 0.15214 0.16929 0.18181 0.27390 ( 6)  0.372
1123 -   0.00000 0.00000 0.00000 0.00000 0.00000 1.00000 ( 6)  1.000
1124 -   0.00574 0.01342 0.02174 0.03260 0.05183 0.87467 ( 6)  0.895
1125 V   0.00011 0.00060 0.00164 0.00387 0.01058 0.98320 ( 6)  0.986
1126 G   0.00291 0.01010 0.02029 0.03612 0.06875 0.86183 ( 6)  0.885
1127 K   0.05215 0.07634 0.09351 0.10945 0.12789 0.54067 ( 6)  0.605
1128 G   0.00702 0.01629 0.02620 0.03894 0.06102 0.85053 ( 6)  0.874
1129 G   0.01850 0.04110 0.06364 0.09048 0.13149 0.65478 ( 6)  0.708
1130 H   0.11632 0.15767 0.18055 0.19533 0.19997 0.15016 ( 5)  0.263
1131 K   0.25820 0.22180 0.19412 0.16605 0.12767 0.03216 ( 1)  0.141
1132 L   0.00130 0.00468 0.00969 0.01787 0.03609 0.93036 ( 6)  0.942
1133 Q   0.01983 0.04386 0.06767 0.09581 0.13830 0.63454 ( 6)  0.691
1134 G   0.00000 0.00000 0.00002 0.00006 0.00034 0.99958 ( 6)  1.000
1135 P   0.00000 0.00000 0.00001 0.00004 0.00025 0.99970 ( 6)  1.000
1136 P   0.00000 0.00000 0.00000 0.00000 0.00000 1.00000 ( 6)  1.000
1137 A   0.22068 0.19853 0.18094 0.16233 0.13524 0.10227 ( 1)  0.206
1138 V   0.01068 0.02432 0.03849 0.05614 0.08523 0.78514 ( 6)  0.819
1139 S   0.29493 0.23739 0.19625 0.15706 0.10799 0.00638 ( 1)  0.113
1140 C   0.24869 0.21652 0.19175 0.16632 0.13091 0.04580 ( 1)  0.154
1141 G   0.27076 0.22769 0.19562 0.16379 0.12155 0.02059 ( 1)  0.129
1142 G   0.21965 0.19784 0.18050 0.16212 0.13534 0.10456 ( 1)  0.208
1143 P   0.00000 0.00000 0.00000 0.00000 0.00004 0.99996 ( 6)  1.000
1144 G   0.10902 0.14901 0.17190 0.18762 0.19501 0.18744 ( 5)  0.296
1145 H   0.02207 0.04850 0.07440 0.10465 0.14939 0.60098 ( 6)  0.663
1146 C   0.08571 0.12076 0.14303 0.16098 0.17610 0.31342 ( 6)  0.407
1147 T   0.00001 0.00007 0.00020 0.00051 0.00160 0.99761 ( 6)  0.998
1148 G   0.07349 0.10471 0.12528 0.14268 0.15931 0.39453 ( 6)  0.478
1149 N   0.00021 0.00116 0.00310 0.00711 0.01861 0.96981 ( 6)  0.975
1150 M   0.00000 0.00000 0.00000 0.00000 0.00000 1.00000 ( 6)  1.000
1151 G   0.09910 0.13740 0.16048 0.17768 0.18910 0.23625 ( 6)  0.339
1152 G   0.00055 0.00202 0.00431 0.00821 0.01753 0.96738 ( 6)  0.973
1153 N   0.00021 0.00118 0.00314 0.00720 0.01881 0.96945 ( 6)  0.975
1154 K   0.07049 0.10106 0.12154 0.13925 0.15694 0.41072 ( 6)  0.492
1155 G   0.12517 0.16713 0.18890 0.20132 0.20108 0.11640 ( 4)  0.233
1156 S   0.13957 0.18219 0.20185 0.21010 0.20158 0.06472 ( 4)  0.187
1157 S   0.27028 0.22754 0.19567 0.16400 0.12189 0.02063 ( 1)  0.129
1158 C   0.00002 0.00010 0.00028 0.00072 0.00221 0.99668 ( 6)  0.997
1159 F   0.00000 0.00000 0.00002 0.00008 0.00042 0.99948 ( 6)  1.000
1160 Y   0.26359 0.22454 0.19507 0.16544 0.12537 0.02600 ( 1)  0.135
1161 P   0.01883 0.04174 0.06451 0.09153 0.13261 0.65077 ( 6)  0.705
1162 D   0.10611 0.14583 0.16901 0.18544 0.19439 0.19923 ( 6)  0.307
1163 S   0.26947 0.22722 0.19565 0.16424 0.12236 0.02106 ( 1)  0.130
1164 G   0.11441 0.15528 0.17802 0.19289 0.19804 0.16136 ( 5)  0.273
1165 Q   0.12431 0.16657 0.18881 0.20185 0.20253 0.11594 ( 5)  0.233
1166 Q   0.11694 0.15840 0.18126 0.19594 0.20031 0.14715 ( 5)  0.261
1167 A   0.02262 0.04965 0.07610 0.10692 0.15235 0.59235 ( 6)  0.655
1168 F   0.00013 0.00076 0.00205 0.00477 0.01279 0.97950 ( 6)  0.983
1169 N   0.27404 0.22939 0.19624 0.16346 0.12017 0.01670 ( 1)  0.125
1170 S   0.29493 0.23739 0.19625 0.15706 0.10799 0.00638 ( 1)  0.113
1171 L   0.26423 0.22473 0.19499 0.16514 0.12487 0.02605 ( 1)  0.135
1172 D   0.29493 0.23739 0.19625 0.15706 0.10799 0.00638 ( 1)  0.113
1173 S   0.27222 0.22847 0.19593 0.16369 0.12098 0.01872 ( 1)  0.127
1174 L   0.26344 0.22437 0.19491 0.16529 0.12527 0.02671 ( 1)  0.135
1175 D   0.29493 0.23739 0.19625 0.15706 0.10799 0.00638 ( 1)  0.113
1176 L   0.26708 0.22614 0.19543 0.16474 0.12359 0.02302 ( 1)  0.132
1177 E   0.27943 0.23160 0.19644 0.16201 0.11715 0.01337 ( 1)  0.121
1178 N   0.26837 0.22681 0.19568 0.16462 0.12306 0.02147 ( 1)  0.130
1179 T   0.27201 0.22837 0.19590 0.16372 0.12107 0.01892 ( 1)  0.127
1180 H   0.30260 0.23988 0.19567 0.15418 0.10328 0.00438 ( 1)  0.110
1181 L   0.22512 0.20170 0.18317 0.16362 0.13532 0.09106 ( 1)  0.196
1182 D   0.29331 0.23683 0.19632 0.15763 0.10897 0.00693 ( 1)  0.114
1183 F   0.20466 0.18710 0.17294 0.15771 0.13502 0.14257 ( 1)  0.243
1184 A   0.04977 0.07297 0.08951 0.10497 0.12305 0.55972 ( 6)  0.621
1185 A   0.28550 0.23378 0.19625 0.15994 0.11346 0.01106 ( 1)  0.119
1186 I   0.22383 0.20083 0.18261 0.16336 0.13543 0.09393 ( 1)  0.199
1187 V   0.27146 0.22819 0.19595 0.16394 0.12145 0.01901 ( 1)  0.128
1188 E   0.27150 0.22817 0.19590 0.16388 0.12138 0.01918 ( 1)  0.128
1189 D   0.09031 0.12655 0.14920 0.16701 0.18102 0.28591 ( 6)  0.383
1190 A   0.00000 0.00000 0.00001 0.00003 0.00016 0.99980 ( 6)  1.000
1191 E   0.27943 0.23160 0.19644 0.16201 0.11715 0.01337 ( 1)  0.121
1192 T   0.00000 0.00000 0.00000 0.00000 0.00001 0.99999 ( 6)  1.000
1193 P   0.01266 0.02853 0.04475 0.06461 0.09646 0.75299 ( 6)  0.792
1194 T   0.00000 0.00000 0.00000 0.00000 0.00000 1.00000 ( 6)  1.000
1195 L   0.00165 0.00587 0.01205 0.02200 0.04368 0.91475 ( 6)  0.929
1196 L   0.02015 0.04452 0.06862 0.09704 0.13980 0.62987 ( 6)  0.687
1197 P   0.25586 0.22024 0.19314 0.16565 0.12799 0.03712 ( 1)  0.145
1198 G   0.24567 0.21453 0.19050 0.16580 0.13129 0.05221 ( 1)  0.160
1199 P   0.03196 0.06837 0.10246 0.14025 0.19143 0.46553 ( 6)  0.547
1200 P   0.10242 0.14115 0.16400 0.18052 0.19031 0.22160 ( 6)  0.326
1201 S   0.00002 0.00018 0.00063 0.00184 0.00641 0.99093 ( 6)  0.993
1202 P   0.08463 0.11914 0.14103 0.15865 0.17348 0.32307 ( 6)  0.415
1203 N   0.00000 0.00000 0.00000 0.00000 0.00002 0.99997 ( 6)  1.000
1204 G   0.24496 0.21420 0.19043 0.16595 0.13166 0.05280 ( 1)  0.160
1205 G   0.10235 0.14110 0.16400 0.18057 0.19046 0.22153 ( 6)  0.326
1206 L   0.13462 0.17729 0.19794 0.20791 0.20255 0.07969 ( 4)  0.200
1207 L   0.26070 0.22297 0.19440 0.16557 0.12641 0.02996 ( 1)  0.139
1208 V   0.00737 0.01706 0.02741 0.04069 0.06358 0.84389 ( 6)  0.869
1209 P   0.24149 0.21203 0.18918 0.16556 0.13233 0.05941 ( 1)  0.167
1210 A   0.00003 0.00018 0.00052 0.00128 0.00378 0.99421 ( 6)  0.995
1211 P   0.00000 0.00000 0.00000 0.00000 0.00001 0.99999 ( 6)  1.000
1212 G   0.08609 0.12107 0.14317 0.16086 0.17551 0.31330 ( 6)  0.407
1213 G   0.04481 0.06613 0.08159 0.09631 0.11417 0.59700 ( 6)  0.654
1214 A   0.12496 0.16680 0.18848 0.20082 0.20052 0.11842 ( 4)  0.235
1215 N   0.27059 0.22784 0.19593 0.16420 0.12196 0.01948 ( 1)  0.128
1216 M   0.26515 0.22532 0.19533 0.16524 0.12467 0.02429 ( 1)  0.133
1217 A   0.21259 0.19276 0.17691 0.16000 0.13513 0.12262 ( 1)  0.225
1218 V   0.26855 0.22684 0.19563 0.16450 0.12290 0.02158 ( 1)  0.130
1219 G   0.22927 0.20437 0.18477 0.16420 0.13464 0.08275 ( 1)  0.188
1220 D   0.29109 0.23604 0.19641 0.15839 0.11031 0.00775 ( 1)  0.115
1221 M   0.26515 0.22532 0.19533 0.16524 0.12467 0.02429 ( 1)  0.133
1222 S   0.29066 0.23589 0.19642 0.15854 0.11057 0.00793 ( 1)  0.115
1223 S   0.28682 0.23446 0.19648 0.15978 0.11285 0.00961 ( 1)  0.117
1224 M   0.26515 0.22532 0.19533 0.16524 0.12467 0.02429 ( 1)  0.133
1225 L   0.25129 0.21785 0.19222 0.16603 0.12979 0.04282 ( 1)  0.151
1226 S   0.28904 0.23529 0.19645 0.15907 0.11153 0.00861 ( 1)  0.116
1227 T   0.23542 0.20844 0.18734 0.16533 0.13398 0.06950 ( 1)  0.176
1228 L   0.23706 0.20941 0.18783 0.16538 0.13350 0.06683 ( 1)  0.174
1229 A   0.22054 0.19840 0.18082 0.16222 0.13515 0.10287 ( 1)  0.207
1230 G   0.26663 0.22574 0.19510 0.16450 0.12352 0.02450 ( 1)  0.133
1231 E   0.27308 0.22889 0.19605 0.16356 0.12058 0.01784 ( 1)  0.126
1232 S   0.28915 0.23534 0.19646 0.15903 0.11147 0.00855 ( 1)  0.116
1233 H   0.26724 0.22618 0.19540 0.16465 0.12346 0.02308 ( 1)  0.132
1234 F   0.26159 0.22357 0.19478 0.16574 0.12629 0.02803 ( 1)  0.137
1235 L   0.28977 0.23556 0.19643 0.15882 0.11109 0.00832 ( 1)  0.116
1236 N   0.02232 0.04909 0.07537 0.10608 0.15159 0.59555 ( 6)  0.658
1237 S   0.13122 0.17381 0.19504 0.20608 0.20277 0.09108 ( 4)  0.211
1238 I   0.10773 0.14774 0.17091 0.18712 0.19545 0.19104 ( 5)  0.300
1239 S   0.13580 0.17846 0.19889 0.20845 0.20235 0.07606 ( 4)  0.197

Positively selected sites

	Prob(w>1)  mean w



lnL = -30194.847240

