

TREE # 1

  0  0.0000  33208.271623  x:  0.04113   0.03678   0.05007   0.01539   0.10847   0.10129   0.05848   0.07842   0.09484   0.04310   0.06584   0.07150   0.09977   0.06904   0.01110   0.04437   0.08931   0.01547   0.02133   0.05984   0.01417   0.05910   0.08738   0.10363   0.06270   0.10978   0.01086   0.10340   0.09060   0.03362   0.05215   0.04313   0.04470   0.02993   0.08430   0.03348   0.07307   0.06045   0.03227   0.07441   0.08835   0.10418   0.05234   0.02072   0.02691   0.08641   0.08135   0.03656   0.02063   0.10526   0.06048   0.09991   0.07373   2.00000   0.90000   0.64240   1.03142  
  1 99.0000  31243.575351  x:  0.02129   0.04123   0.06995   0.57023   0.09098   0.09881   0.06973   0.03273   0.17404   0.10339   0.04447   0.18368   0.07271   0.08903   0.17262   0.04466   0.19121   0.19174   0.12233   0.21946   0.04420   0.09470   0.05725   0.08391   0.04145   0.12955   0.17269   0.09778   0.13466   0.05785   0.04208   0.09566   0.13060   0.14630   0.16994   0.08232   0.11347   0.06615   0.25779   0.02820   0.05518   0.07158   0.07220   0.09269   0.03048   0.12279   0.09670   0.06231   0.02558   0.07988   0.03737   0.09254   0.06280   2.01748   0.87245   0.63260   1.03152  
  2 16698.9422  30964.957406  x:  0.01519   0.03747   0.06322   0.57402   0.06474   0.08378   0.07284   0.00000   0.19367   0.10630   0.03463   0.20440   0.05169   0.08722   0.15624   0.04321   0.21322   0.17862   0.11007   0.23275   0.02946   0.10235   0.04246   0.07925   0.04095   0.13468   0.17778   0.07240   0.15682   0.03973   0.02585   0.09538   0.13358   0.14480   0.18807   0.07630   0.11676   0.06620   0.25590   0.00004   0.03865   0.05531   0.07200   0.08008   0.03351   0.13763   0.10475   0.06958   0.02231   0.06298   0.03480   0.09290   0.06592   2.03098   0.83872   0.64187   1.02358  
  3 3055.5169  30772.270721  x:  0.07861   0.06193   0.06035   0.58986   0.00000   0.06082   0.10421   0.00000   0.22555   0.08980   0.01403   0.22984   0.01513   0.09169   0.12118   0.05159   0.24615   0.14565   0.08602   0.26058   0.01752   0.10857   0.04285   0.08069   0.04629   0.13791   0.19333   0.01595   0.17775   0.01010   0.02672   0.09730   0.13825   0.14938   0.20598   0.07100   0.12216   0.07565   0.25216   0.02150   0.04946   0.05133   0.08053   0.07043   0.03447   0.14802   0.10602   0.08564   0.02518   0.02174   0.07581   0.09490   0.06415   2.06832   0.79851   0.63849   1.01934  
  4 3032.3445  30728.942700  x:  0.08117   0.05739   0.06024   0.59560   0.00000   0.06835   0.12639   0.00000   0.24114   0.06882   0.00000   0.23692   0.01484   0.09611   0.10370   0.05484   0.25717   0.12637   0.07760   0.27189   0.02274   0.10804   0.04761   0.08261   0.04506   0.13708   0.20199   0.01471   0.18312   0.02037   0.03453   0.09772   0.13902   0.15213   0.20798   0.07217   0.12335   0.07295   0.24715   0.02060   0.05239   0.05639   0.08173   0.07194   0.03232   0.14795   0.10426   0.08201   0.02074   0.00621   0.07276   0.09600   0.05934   2.09308   0.78364   0.63083   1.02032  
  5 1377.0609  30717.818378  x:  0.08217   0.05528   0.06019   0.59842   0.00000   0.07167   0.13663   0.00000   0.24850   0.05920   0.00440   0.24022   0.01507   0.09815   0.09572   0.05618   0.26227   0.11747   0.07386   0.27715   0.02482   0.10777   0.04963   0.08345   0.04456   0.13669   0.20608   0.01409   0.18547   0.02402   0.03764   0.09789   0.13937   0.15337   0.20891   0.07267   0.12390   0.07179   0.24485   0.02007   0.05367   0.05857   0.08222   0.07265   0.03143   0.14793   0.10353   0.08048   0.01926   0.00172   0.07123   0.09650   0.05737   2.10493   0.77665   0.62710   1.02085  
  6 6144.4341  30695.818822  x:  0.08517   0.05070   0.06006   0.60539   0.00000   0.07893   0.16117   0.00000   0.26650   0.03696   0.00868   0.24818   0.01462   0.10306   0.07646   0.05913   0.27471   0.09594   0.06507   0.28998   0.02897   0.10712   0.05414   0.08537   0.04362   0.13574   0.21613   0.01184   0.19087   0.03032   0.04418   0.09826   0.14018   0.15629   0.21118   0.07373   0.12523   0.06943   0.23927   0.01917   0.05688   0.06351   0.08333   0.07423   0.02961   0.14793   0.10194   0.07744   0.01765   0.01246   0.06799   0.09772   0.05332   2.13463   0.75935   0.61768   1.02225  
  7 7687.6858  30666.280385  x:  0.07999   0.04499   0.06288   0.61015   0.00000   0.08985   0.19678   0.00000   0.29182   0.06251   0.00850   0.24877   0.01612   0.11124   0.06007   0.05526   0.28530   0.06948   0.06806   0.30444   0.02752   0.10124   0.05885   0.08761   0.04696   0.13124   0.23268   0.02270   0.18270   0.01260   0.04162   0.09687   0.13765   0.15738   0.20480   0.07513   0.12503   0.07079   0.22581   0.02353   0.06430   0.07126   0.08095   0.07965   0.03237   0.14175   0.10085   0.07618   0.03622   0.01235   0.05602   0.10019   0.06392   2.20766   0.73476   0.58643   1.03208  
  8 921.1673  30625.718331  x:  0.06815   0.04966   0.06412   0.60245   0.00000   0.08543   0.22087   0.00000   0.30974   0.05109   0.00715   0.23932   0.01213   0.11331   0.08109   0.04546   0.28989   0.07353   0.08661   0.31281   0.01813   0.09753   0.05670   0.08532   0.04690   0.12650   0.25049   0.00896   0.16928   0.00000   0.03288   0.09517   0.13325   0.15394   0.19329   0.07548   0.12199   0.07788   0.20766   0.03042   0.06570   0.06941   0.07620   0.08004   0.03168   0.13556   0.10163   0.06372   0.03167   0.01117   0.04494   0.09929   0.06812   2.33139   0.69837   0.53255   1.05216  
  9 1002.5272  30602.267155  x:  0.06201   0.05612   0.06417   0.59314   0.00000   0.07637   0.23624   0.00000   0.32318   0.05364   0.00817   0.23228   0.00542   0.11290   0.09507   0.03940   0.29382   0.07868   0.10003   0.31872   0.00778   0.09662   0.05188   0.08247   0.04782   0.12415   0.26523   0.00207   0.16207   0.02132   0.02669   0.09406   0.13006   0.15024   0.18587   0.07510   0.11943   0.08393   0.19313   0.03710   0.06522   0.06399   0.07333   0.07737   0.03236   0.13307   0.10368   0.06061   0.03310   0.01209   0.04264   0.09815   0.07293   2.44641   0.66354   0.48329   1.07115  
 10 4783.0585  30570.296238  x:  0.06197   0.06851   0.06095   0.57573   0.00000   0.05532   0.24529   0.00000   0.33610   0.04838   0.00773   0.22673   0.01884   0.10717   0.11120   0.03918   0.29955   0.09343   0.11277   0.32550   0.00835   0.10256   0.04144   0.07709   0.04757   0.12677   0.28590   0.03506   0.16306   0.02936   0.01848   0.09442   0.12814   0.14384   0.18450   0.07156   0.11687   0.08919   0.17872   0.04651   0.05920   0.04912   0.07419   0.06808   0.03221   0.13709   0.10804   0.06657   0.03102   0.01264   0.05490   0.09499   0.07188   2.63947   0.60203   0.40355   1.10417  
 11 3672.5268  30516.885221  x:  0.05125   0.05977   0.05811   0.55460   0.00000   0.04943   0.22424   0.00000   0.32239   0.06032   0.00976   0.22232   0.00191   0.09623   0.10870   0.05365   0.28808   0.11042   0.11124   0.31938   0.03931   0.11082   0.04746   0.07987   0.04487   0.13766   0.30085   0.03179   0.17226   0.02360   0.03945   0.09877   0.13317   0.14345   0.19369   0.07203   0.11899   0.07466   0.19030   0.04719   0.04922   0.05346   0.08364   0.07284   0.03236   0.14396   0.10838   0.07881   0.02726   0.01415   0.06066   0.09340   0.05669   2.87725   0.53860   0.30669   1.15558  
 12 2109.6501  30494.970444  x:  0.04688   0.05344   0.05764   0.54417   0.00000   0.04906   0.20482   0.00000   0.30943   0.06964   0.00949   0.22252   0.02468   0.09163   0.10337   0.06091   0.27899   0.11836   0.10472   0.31346   0.04728   0.11404   0.05090   0.08251   0.04430   0.14375   0.30901   0.01309   0.17902   0.02216   0.04951   0.10079   0.13720   0.14484   0.20130   0.07296   0.12191   0.06573   0.20338   0.04599   0.04408   0.05814   0.08841   0.07665   0.03314   0.14841   0.10789   0.08643   0.02568   0.01495   0.06414   0.09372   0.05157   3.03199   0.49746   0.24721   1.19136  
 13 6318.4025  30447.635098  x:  0.05244   0.04964   0.06610   0.54629   0.00000   0.08161   0.15228   0.00000   0.26854   0.05819   0.00887   0.23004   0.01943   0.09552   0.08367   0.05783   0.25604   0.11899   0.07477   0.29402   0.01636   0.10559   0.04885   0.08615   0.04625   0.14250   0.31318   0.01821   0.18460   0.01910   0.04117   0.09762   0.14203   0.15266   0.21090   0.07655   0.13042   0.06696   0.24257   0.04025   0.04884   0.06573   0.08313   0.08032   0.03270   0.14956   0.10183   0.08613   0.01968   0.01341   0.06696   0.09943   0.07303   3.26761   0.43858   0.18010   1.26109  
 14 2013.8778  30431.082543  x:  0.05986   0.05371   0.06235   0.55677   0.00000   0.07929   0.13148   0.00000   0.25065   0.05586   0.00845   0.23635   0.01921   0.10253   0.07702   0.04950   0.25327   0.10461   0.07039   0.28465   0.02645   0.10410   0.04885   0.08256   0.04188   0.13259   0.30219   0.01632   0.18011   0.02100   0.02690   0.09372   0.13805   0.15443   0.20717   0.07132   0.12754   0.07372   0.25449   0.03241   0.05548   0.06017   0.07714   0.07393   0.03236   0.14512   0.10219   0.08060   0.03186   0.01214   0.05782   0.09607   0.05180   3.35708   0.42568   0.18511   1.30774  
 15 754.1082  30406.431975  x:  0.07327   0.05036   0.04962   0.57666   0.00000   0.06109   0.12212   0.00000   0.23598   0.05905   0.00861   0.24766   0.01956   0.10319   0.07809   0.06012   0.26536   0.07883   0.07373   0.26999   0.03084   0.11045   0.04925   0.08055   0.05345   0.12481   0.26314   0.01643   0.18151   0.02114   0.03172   0.09585   0.13188   0.15482   0.20351   0.06276   0.12155   0.06925   0.25937   0.00951   0.05556   0.05224   0.08397   0.06726   0.03153   0.14322   0.10725   0.06351   0.01820   0.01283   0.05576   0.09577   0.06700   3.49731   0.44584   0.21993   1.41523  
 16 732.9088  30390.000358  x:  0.07455   0.04792   0.04964   0.58204   0.00000   0.05938   0.12335   0.00000   0.23485   0.05478   0.00811   0.25071   0.01917   0.10043   0.07903   0.06353   0.27139   0.07645   0.07425   0.26526   0.02590   0.11102   0.04727   0.07991   0.05014   0.12496   0.24368   0.01568   0.18499   0.01982   0.03306   0.09633   0.13114   0.15384   0.20466   0.06333   0.12231   0.06798   0.25744   0.00000   0.05343   0.05265   0.08565   0.06687   0.03126   0.14481   0.10825   0.07066   0.02432   0.01199   0.05744   0.09589   0.06746   3.55560   0.46064   0.23789   1.46639  
 17 1684.4759  30345.907593  x:  0.05753   0.04187   0.05201   0.58960   0.00000   0.06690   0.12430   0.00000   0.24370   0.06379   0.00837   0.26039   0.01888   0.09464   0.06724   0.06023   0.28435   0.08236   0.06739   0.26354   0.01981   0.11143   0.03988   0.07872   0.04282   0.12982   0.20414   0.01410   0.20080   0.01832   0.02329   0.09415   0.13423   0.15033   0.21708   0.06547   0.12713   0.06848   0.25185   0.00000   0.03866   0.04971   0.08105   0.06490   0.03280   0.15511   0.10941   0.07237   0.00338   0.01331   0.05555   0.09520   0.05644   3.66520   0.48453   0.28799   1.57517  
 18 1593.4753  30312.801945  x:  0.02650   0.03914   0.04840   0.58822   0.00000   0.07460   0.11719   0.00000   0.25576   0.06272   0.00811   0.27037   0.01934   0.09157   0.05833   0.05363   0.29152   0.09622   0.05708   0.27029   0.02643   0.11573   0.03745   0.07986   0.05537   0.13715   0.18345   0.01110   0.21977   0.01811   0.01838   0.09283   0.14037   0.14769   0.23459   0.06300   0.12990   0.06641   0.24961   0.00000   0.02172   0.04220   0.07654   0.06110   0.03326   0.16847   0.10975   0.04817   0.01541   0.01276   0.05133   0.09586   0.06289   3.72341   0.48928   0.32904   1.64466  
 19 2242.9797  30301.998176  x:  0.01163   0.03932   0.04510   0.58264   0.00000   0.07469   0.11039   0.00000   0.26041   0.06171   0.00821   0.27509   0.01975   0.09398   0.06298   0.04973   0.29213   0.09675   0.05606   0.27547   0.03008   0.11813   0.03773   0.07898   0.05826   0.13892   0.18548   0.01113   0.22576   0.01862   0.02106   0.09308   0.14180   0.14745   0.24145   0.05964   0.12949   0.06476   0.25081   0.00000   0.03509   0.04325   0.07707   0.06017   0.03655   0.17336   0.11215   0.05276   0.01395   0.01288   0.04299   0.09639   0.06984   3.72557   0.48024   0.34243   1.65574  
 20 782.1177  30295.989072  x:  0.01871   0.03733   0.04506   0.57195   0.00000   0.07950   0.10513   0.00000   0.26514   0.06236   0.00848   0.27844   0.02030   0.09716   0.07169   0.04681   0.29032   0.09621   0.06090   0.28081   0.03343   0.11935   0.03889   0.07830   0.05666   0.14061   0.19217   0.01217   0.22899   0.01998   0.02364   0.09381   0.14234   0.14785   0.24678   0.05884   0.12953   0.06225   0.25318   0.00000   0.03050   0.04597   0.07766   0.06381   0.03574   0.17673   0.11440   0.05591   0.01329   0.01329   0.02903   0.09720   0.07591   3.72379   0.46751   0.35489   1.66541  
 21 492.5680  30291.620615  x:  0.01525   0.03532   0.04742   0.55925   0.00000   0.08568   0.10369   0.00000   0.26785   0.06373   0.00872   0.28280   0.02075   0.10073   0.07995   0.04944   0.28807   0.09179   0.07023   0.28576   0.03552   0.12004   0.04052   0.07882   0.05251   0.14131   0.20041   0.01204   0.22815   0.02099   0.02344   0.09591   0.14155   0.15058   0.24977   0.06118   0.12969   0.06394   0.25944   0.00000   0.02613   0.04982   0.07930   0.06883   0.03208   0.17786   0.11706   0.05635   0.01308   0.01368   0.03903   0.09879   0.07862   3.73717   0.45401   0.37599   1.69609  
 22 425.9357  30286.493641  x:  0.01693   0.04075   0.05363   0.53927   0.00000   0.09180   0.11095   0.00000   0.27106   0.06582   0.00886   0.28680   0.02149   0.09639   0.08094   0.05984   0.28637   0.09965   0.07659   0.29143   0.03112   0.12237   0.03940   0.08398   0.05625   0.14664   0.21145   0.01245   0.22726   0.02063   0.02633   0.10098   0.14402   0.15539   0.25376   0.06725   0.13260   0.06640   0.27114   0.00000   0.03273   0.04603   0.08218   0.07001   0.03605   0.18053   0.12198   0.05293   0.01465   0.01400   0.03862   0.10081   0.07415   3.77680   0.44480   0.40834   1.76972  
 23 532.6989  30280.346327  x:  0.01801   0.04080   0.05010   0.51859   0.00000   0.08445   0.12003   0.00000   0.27640   0.06484   0.00866   0.28493   0.02145   0.09560   0.07480   0.05252   0.28449   0.11538   0.06881   0.30220   0.02921   0.12453   0.04453   0.08528   0.06371   0.14829   0.23697   0.01240   0.22148   0.02011   0.02531   0.10152   0.14964   0.15989   0.25252   0.06249   0.13316   0.06277   0.28617   0.00000   0.03022   0.04927   0.08281   0.06564   0.03193   0.17936   0.11756   0.06299   0.01334   0.01387   0.04087   0.10179   0.07688   3.82420   0.44015   0.43914   1.88268  
 24 535.8990  30276.018075  x:  0.01962   0.04071   0.05154   0.50574   0.00000   0.07478   0.11788   0.00000   0.28194   0.06468   0.00851   0.28176   0.02131   0.09873   0.07342   0.04918   0.28616   0.11775   0.05845   0.31008   0.03019   0.12361   0.03760   0.08091   0.05321   0.15137   0.25863   0.01229   0.22513   0.01934   0.02786   0.09830   0.15209   0.15927   0.25452   0.06135   0.13577   0.06571   0.29057   0.00000   0.03078   0.05168   0.08391   0.06945   0.03944   0.18106   0.11634   0.05872   0.01421   0.01365   0.04296   0.10144   0.08105   3.84945   0.44065   0.44651   1.97051  
 25 551.8917  30269.602768  x:  0.01884   0.04397   0.05421   0.49267   0.00000   0.07121   0.10552   0.00000   0.28682   0.06382   0.00819   0.27913   0.02038   0.10244   0.07457   0.05582   0.29232   0.10672   0.05812   0.31881   0.02639   0.12237   0.04251   0.08228   0.05476   0.15629   0.29443   0.01066   0.24065   0.01799   0.02156   0.09342   0.15073   0.15355   0.26258   0.06565   0.13839   0.06747   0.28648   0.00000   0.03151   0.04181   0.08117   0.06812   0.03279   0.18612   0.11155   0.06149   0.01384   0.01320   0.04183   0.10003   0.07959   3.86183   0.43655   0.43181   2.10528  
 26 498.3409  30263.951628  x:  0.02064   0.04387   0.04899   0.48639   0.00000   0.07535   0.10041   0.00000   0.28418   0.06278   0.00797   0.28312   0.01953   0.09791   0.07347   0.05222   0.29860   0.10039   0.06651   0.32026   0.01914   0.12243   0.03660   0.08254   0.06151   0.15410   0.31948   0.01022   0.25382   0.01646   0.02085   0.09605   0.14828   0.14890   0.27065   0.06158   0.13637   0.06449   0.27807   0.00000   0.03032   0.05052   0.07935   0.06069   0.03840   0.19177   0.11792   0.06098   0.01428   0.01286   0.04516   0.09916   0.07242   3.86151   0.41925   0.41016   2.22896  
 27 741.1313  30257.775070  x:  0.02041   0.04604   0.05160   0.48267   0.00000   0.07933   0.10959   0.00000   0.27345   0.06330   0.00787   0.29577   0.01970   0.09120   0.07071   0.04577   0.30440   0.10195   0.06577   0.31194   0.02068   0.12552   0.03567   0.07877   0.05638   0.14676   0.32931   0.00759   0.26003   0.01502   0.02351   0.10113   0.14656   0.14953   0.27759   0.05714   0.13530   0.06978   0.26563   0.00000   0.03002   0.04102   0.08343   0.06187   0.03461   0.19695   0.12352   0.06395   0.01418   0.01284   0.04540   0.10190   0.07684   3.85118   0.38224   0.38055   2.36545  
 28 654.3751  30254.222061  x:  0.02161   0.04469   0.05333   0.48029   0.00000   0.07347   0.11381   0.00000   0.27341   0.06368   0.00779   0.30595   0.01900   0.09568   0.07375   0.05065   0.30983   0.10683   0.06001   0.30646   0.02058   0.12834   0.03925   0.08083   0.05640   0.14731   0.32201   0.00815   0.25941   0.01550   0.01569   0.09937   0.14813   0.15261   0.28108   0.06152   0.13616   0.06973   0.25853   0.00000   0.03151   0.04780   0.08318   0.06356   0.03495   0.19993   0.12505   0.06339   0.01461   0.01280   0.04476   0.10267   0.07766   3.84724   0.35534   0.36235   2.44930  
 29 657.2113  30252.285752  x:  0.02157   0.04622   0.05340   0.47885   0.00000   0.07112   0.11178   0.00000   0.28026   0.06395   0.00777   0.31168   0.01882   0.10285   0.07464   0.05022   0.31312   0.10836   0.05947   0.30596   0.01807   0.12716   0.03806   0.08343   0.05813   0.14960   0.30967   0.00896   0.25559   0.01471   0.02304   0.09669   0.15078   0.15564   0.28149   0.06331   0.13798   0.07121   0.25731   0.00000   0.03038   0.04731   0.07922   0.06235   0.03495   0.20031   0.12292   0.06467   0.01460   0.01282   0.04588   0.10268   0.07593   3.84846   0.33903   0.35163   2.50193  
 30 522.4091  30250.787314  x:  0.02339   0.04732   0.05235   0.47619   0.00000   0.07413   0.10888   0.00000   0.29065   0.06199   0.00757   0.31442   0.01880   0.10444   0.07291   0.04822   0.31485   0.10880   0.06352   0.30998   0.02134   0.12579   0.03632   0.08380   0.05909   0.15402   0.29301   0.00786   0.25242   0.01535   0.01995   0.09651   0.15367   0.15685   0.28144   0.06114   0.14026   0.07088   0.26116   0.00000   0.03205   0.04515   0.08068   0.06303   0.03781   0.20041   0.12124   0.06686   0.01439   0.01261   0.04811   0.10336   0.07817   3.85375   0.32990   0.34185   2.54621  
 31 384.7395  30250.140884  x:  0.02302   0.04924   0.05178   0.47421   0.00000   0.07392   0.10849   0.00000   0.29546   0.06229   0.00753   0.31423   0.01865   0.10212   0.07437   0.04702   0.31426   0.10663   0.06260   0.31564   0.01847   0.12688   0.03922   0.08149   0.05790   0.15526   0.28398   0.00862   0.25185   0.01546   0.01972   0.09889   0.15376   0.15673   0.28179   0.05905   0.14053   0.07169   0.26692   0.00000   0.03216   0.04597   0.08344   0.06278   0.03662   0.20026   0.12142   0.06565   0.01467   0.01259   0.04787   0.10322   0.07666   3.85384   0.32564   0.33592   2.56341  
 32 190.0755  30249.869149  x:  0.02292   0.04852   0.05256   0.47272   0.00000   0.07287   0.11021   0.00000   0.29554   0.06214   0.00751   0.31287   0.01860   0.10108   0.07518   0.04717   0.31284   0.10512   0.06191   0.32094   0.01907   0.12740   0.03698   0.08148   0.05841   0.15399   0.27994   0.00850   0.25218   0.01548   0.01940   0.09921   0.15218   0.15652   0.28208   0.06075   0.13986   0.07210   0.27186   0.00000   0.03210   0.04601   0.08150   0.06157   0.03550   0.19989   0.12281   0.06608   0.01458   0.01257   0.04750   0.10320   0.07709   3.85112   0.32357   0.33207   2.56806  
 33 82.5651  30249.802803  x:  0.02281   0.04817   0.05248   0.47222   0.00000   0.07226   0.11075   0.00000   0.29463   0.06188   0.00749   0.31240   0.01856   0.10193   0.07452   0.04731   0.31283   0.10547   0.06270   0.32312   0.01850   0.12744   0.03784   0.08195   0.05833   0.15298   0.27874   0.00864   0.25279   0.01545   0.01944   0.09830   0.15154   0.15611   0.28218   0.06054   0.13940   0.07224   0.27308   0.00000   0.03182   0.04547   0.08118   0.06247   0.03647   0.19997   0.12368   0.06626   0.01455   0.01254   0.04748   0.10311   0.07710   3.85044   0.32310   0.33121   2.56871  
 34 36.6743  30249.761588  x:  0.02285   0.04848   0.05259   0.47190   0.00000   0.07249   0.11090   0.00000   0.29351   0.06213   0.00752   0.31223   0.01857   0.10293   0.07420   0.04761   0.31366   0.10624   0.06319   0.32486   0.01839   0.12711   0.03738   0.08202   0.05803   0.15231   0.27763   0.00861   0.25359   0.01542   0.01951   0.09784   0.15157   0.15574   0.28222   0.06014   0.13928   0.07223   0.27291   0.00000   0.03215   0.04597   0.08194   0.06223   0.03558   0.20020   0.12320   0.06605   0.01463   0.01258   0.04737   0.10308   0.07714   3.85121   0.32316   0.33137   2.56922  
 35 17.1606  30249.665599  x:  0.02314   0.04874   0.05273   0.47149   0.00000   0.07370   0.11050   0.00000   0.29146   0.06254   0.00758   0.31192   0.01862   0.10314   0.07539   0.04710   0.31576   0.10655   0.06213   0.32812   0.01882   0.12659   0.03824   0.08164   0.05834   0.15153   0.27567   0.00854   0.25429   0.01540   0.01967   0.09878   0.15235   0.15584   0.28180   0.06101   0.13947   0.07211   0.27106   0.00000   0.03213   0.04583   0.08171   0.06173   0.03664   0.20044   0.12257   0.06635   0.01461   0.01264   0.04793   0.10327   0.07719   3.85324   0.32365   0.33242   2.56900  
 36 15.9890  30249.403078  x:  0.02306   0.04828   0.05245   0.47131   0.00000   0.07307   0.10869   0.00000   0.28886   0.06256   0.00759   0.31099   0.01867   0.10059   0.07493   0.04785   0.31763   0.10602   0.06167   0.33267   0.01808   0.12679   0.03675   0.08219   0.05906   0.15255   0.27483   0.00880   0.25263   0.01542   0.01948   0.09967   0.15341   0.15712   0.28020   0.06035   0.13992   0.07178   0.26780   0.00000   0.03216   0.04572   0.08106   0.06503   0.03623   0.19970   0.12154   0.06672   0.01461   0.01261   0.04773   0.10344   0.07659   3.85029   0.32292   0.33321   2.55988  
 37 27.4344  30248.389037  x:  0.02276   0.04747   0.05369   0.47128   0.00000   0.07208   0.10668   0.00000   0.28580   0.06242   0.00760   0.30987   0.01887   0.09701   0.07182   0.04951   0.31849   0.10530   0.06406   0.33866   0.01765   0.12908   0.03840   0.08272   0.05493   0.15825   0.27381   0.00891   0.24851   0.01547   0.01982   0.09715   0.15388   0.16008   0.27849   0.06038   0.14206   0.07318   0.26255   0.00000   0.03127   0.04668   0.08081   0.05934   0.03705   0.19852   0.12320   0.06723   0.01467   0.01257   0.04670   0.10348   0.07867   3.83834   0.32350   0.33446   2.52273  
 38 82.6503  30241.615413  x:  0.02428   0.04412   0.04875   0.46259   0.00000   0.07315   0.11528   0.00000   0.28627   0.06593   0.00760   0.31114   0.01763   0.10486   0.07516   0.04173   0.31463   0.10020   0.06015   0.34397   0.01325   0.13450   0.03272   0.08197   0.05496   0.17776   0.26001   0.01065   0.24532   0.01574   0.01835   0.08932   0.14905   0.16086   0.28274   0.06388   0.14595   0.06984   0.24613   0.00000   0.03201   0.04045   0.09108   0.05857   0.03518   0.20108   0.13400   0.07214   0.01587   0.01257   0.04894   0.10217   0.07341   3.77913   0.34224   0.34469   2.28656  
 39 298.1429  30231.154795  x:  0.02325   0.05490   0.05738   0.44813   0.00000   0.06337   0.12293   0.00000   0.30122   0.06912   0.00754   0.31587   0.01690   0.10498   0.07024   0.04175   0.31893   0.09782   0.06402   0.33784   0.01441   0.12868   0.03298   0.07758   0.05482   0.18323   0.23217   0.01336   0.25459   0.01645   0.01731   0.09961   0.14406   0.14877   0.29055   0.05972   0.14725   0.07904   0.22918   0.00000   0.02926   0.04836   0.07801   0.06470   0.03456   0.20878   0.13636   0.08330   0.01693   0.01250   0.04818   0.10213   0.07493   3.70237   0.37327   0.36737   1.92878  
 40 1389.8029  30226.009908  x:  0.02597   0.04560   0.05553   0.43877   0.00000   0.06026   0.12343   0.00000   0.31536   0.07277   0.00763   0.31414   0.01632   0.09735   0.07024   0.04698   0.32674   0.09974   0.06583   0.33143   0.01055   0.12193   0.03339   0.07889   0.04619   0.16991   0.22476   0.01509   0.25874   0.01617   0.01680   0.10104   0.14673   0.14372   0.28885   0.06190   0.14173   0.07412   0.22724   0.00000   0.03340   0.04346   0.07579   0.06124   0.03684   0.21009   0.12640   0.08344   0.01854   0.01260   0.04988   0.10206   0.07374   3.65047   0.38030   0.37456   1.74651  
 41 1271.9582  30224.594630  x:  0.02413   0.04731   0.05762   0.43473   0.00000   0.06088   0.12196   0.00000   0.32028   0.07303   0.00763   0.31209   0.01632   0.09436   0.07079   0.04947   0.33356   0.09836   0.06477   0.32781   0.01098   0.12338   0.03130   0.07994   0.04834   0.16101   0.22440   0.01540   0.25914   0.01612   0.01650   0.09644   0.14830   0.14502   0.28483   0.06399   0.14094   0.07716   0.22930   0.00000   0.02980   0.04414   0.08275   0.06063   0.04060   0.20906   0.12430   0.08645   0.01826   0.01261   0.04847   0.10196   0.07311   3.63232   0.38199   0.37500   1.69234  
 42 514.7204  30224.264853  x:  0.02428   0.04709   0.05817   0.43181   0.00000   0.06257   0.12128   0.00000   0.32159   0.07353   0.00767   0.31081   0.01629   0.09508   0.07074   0.04935   0.34041   0.09892   0.06482   0.32546   0.01088   0.12799   0.03115   0.07842   0.04809   0.15928   0.22471   0.01539   0.25986   0.01604   0.01645   0.09562   0.14887   0.14726   0.28184   0.06313   0.14287   0.07646   0.23168   0.00000   0.03052   0.04415   0.08062   0.06122   0.03915   0.20884   0.12701   0.08625   0.01842   0.01265   0.04866   0.10227   0.07290   3.62748   0.38331   0.37403   1.67928  
 43 99.4747  30224.201199  x:  0.02399   0.04725   0.05751   0.43078   0.00000   0.06223   0.12132   0.00000   0.32113   0.07355   0.00768   0.31045   0.01627   0.09553   0.07058   0.04869   0.34330   0.09887   0.06486   0.32462   0.01098   0.12659   0.03119   0.07966   0.04760   0.16021   0.22535   0.01552   0.25975   0.01610   0.01622   0.09695   0.14858   0.14775   0.28084   0.06357   0.14338   0.07657   0.23319   0.00000   0.03029   0.04410   0.08094   0.06114   0.03878   0.20868   0.12808   0.08616   0.01841   0.01265   0.04833   0.10217   0.07301   3.62521   0.38327   0.37325   1.67587  
 44 37.4329  30224.183401  x:  0.02399   0.04681   0.05780   0.43054   0.00000   0.06221   0.12159   0.00000   0.32071   0.07357   0.00769   0.31047   0.01628   0.09530   0.07076   0.04864   0.34448   0.09885   0.06491   0.32433   0.01104   0.12570   0.03131   0.07889   0.04803   0.16110   0.22556   0.01555   0.25955   0.01614   0.01632   0.09649   0.14829   0.14735   0.28069   0.06342   0.14339   0.07674   0.23389   0.00000   0.03033   0.04410   0.08094   0.06114   0.03883   0.20866   0.12796   0.08613   0.01841   0.01266   0.04832   0.10209   0.07290   3.62463   0.38301   0.37312   1.67519  
 45 14.6497  30224.159406  x:  0.02387   0.04748   0.05770   0.43046   0.00000   0.06246   0.12199   0.00000   0.32021   0.07358   0.00769   0.31067   0.01628   0.09506   0.07091   0.04829   0.34548   0.09855   0.06499   0.32411   0.01105   0.12640   0.03123   0.07920   0.04767   0.16192   0.22563   0.01556   0.25905   0.01617   0.01636   0.09606   0.14818   0.14638   0.28105   0.06366   0.14250   0.07634   0.23452   0.00000   0.03022   0.04419   0.08060   0.06129   0.03916   0.20864   0.12698   0.08610   0.01842   0.01267   0.04829   0.10217   0.07301   3.62492   0.38295   0.37317   1.67585  
 46  5.6462  30224.039354  x:  0.02395   0.04573   0.05980   0.43015   0.00000   0.06195   0.12178   0.00000   0.32008   0.07324   0.00765   0.31101   0.01621   0.09617   0.07038   0.04729   0.34684   0.09833   0.06561   0.32423   0.01075   0.12822   0.03105   0.07944   0.04811   0.16212   0.22613   0.01568   0.25731   0.01623   0.01634   0.09785   0.14840   0.14512   0.28259   0.06399   0.14147   0.07697   0.23473   0.00000   0.03036   0.04404   0.08141   0.06102   0.03956   0.20848   0.12583   0.08599   0.01842   0.01263   0.04819   0.10222   0.07271   3.62658   0.38320   0.37314   1.68047  
 47  8.2414  30222.309522  x:  0.02329   0.04472   0.05541   0.42980   0.00000   0.06606   0.12306   0.00000   0.32399   0.07156   0.00726   0.31375   0.01592   0.09874   0.07007   0.05401   0.35456   0.09795   0.06358   0.32702   0.01107   0.12610   0.03031   0.07623   0.04689   0.15746   0.22939   0.01532   0.24507   0.01625   0.01596   0.10001   0.14911   0.14598   0.29590   0.06140   0.13654   0.07968   0.23263   0.00000   0.02895   0.04333   0.08052   0.06044   0.03922   0.20682   0.12935   0.08762   0.01841   0.01233   0.04675   0.10147   0.07249   3.66179   0.38652   0.37781   1.75950  
 48 50.5045  30218.381236  x:  0.02346   0.04467   0.05988   0.43358   0.00000   0.06441   0.12657   0.00000   0.33367   0.06868   0.00652   0.31832   0.01537   0.09048   0.07010   0.04602   0.36704   0.09354   0.06610   0.33011   0.01233   0.12048   0.03309   0.08048   0.04575   0.14912   0.22950   0.01667   0.24134   0.01599   0.01720   0.09242   0.14678   0.14995   0.31046   0.06431   0.14206   0.07434   0.22610   0.00000   0.03124   0.04518   0.08131   0.06274   0.03497   0.20645   0.13354   0.08681   0.01892   0.01180   0.04719   0.10145   0.07218   3.75396   0.38955   0.39689   1.94850  
 49 545.1221  30210.188266  x:  0.02019   0.04284   0.06019   0.44948   0.00000   0.06690   0.14596   0.00000   0.34688   0.06279   0.00495   0.31280   0.01390   0.09758   0.07088   0.04956   0.37263   0.08232   0.07081   0.33255   0.01203   0.12228   0.03166   0.07782   0.04344   0.15272   0.23769   0.01665   0.26284   0.01342   0.01615   0.09897   0.14476   0.15246   0.28885   0.06104   0.15324   0.06869   0.21817   0.00000   0.02741   0.04427   0.08198   0.06085   0.04288   0.20149   0.12168   0.09068   0.01934   0.01073   0.04368   0.10414   0.07067   3.92048   0.37704   0.43385   2.32723  
 50 812.0472  30208.783996  x:  0.02144   0.03909   0.05554   0.45363   0.00000   0.06914   0.14638   0.00000   0.35178   0.06185   0.00468   0.31246   0.01401   0.09605   0.06868   0.04830   0.37425   0.08314   0.07111   0.33326   0.01244   0.12435   0.03269   0.07761   0.04364   0.15551   0.23735   0.01633   0.26873   0.01257   0.01752   0.09847   0.14597   0.14827   0.28023   0.06702   0.14735   0.07670   0.21545   0.00000   0.02892   0.04596   0.08262   0.06254   0.04017   0.20350   0.12411   0.09168   0.01960   0.01051   0.04344   0.10295   0.07143   3.95418   0.37548   0.44238   2.39635  
 51 560.4680  30208.558220  x:  0.02140   0.03947   0.05859   0.45503   0.00000   0.06995   0.14556   0.00000   0.35334   0.06168   0.00463   0.31306   0.01398   0.09625   0.06867   0.04880   0.37424   0.08326   0.06956   0.33395   0.01262   0.12346   0.03273   0.07860   0.04339   0.15606   0.23778   0.01611   0.26845   0.01240   0.01776   0.09833   0.14692   0.14576   0.27619   0.06621   0.14351   0.07480   0.21485   0.00000   0.02880   0.04566   0.08297   0.06233   0.03939   0.20516   0.12762   0.09194   0.01958   0.01048   0.04374   0.10290   0.07143   3.95907   0.37506   0.44370   2.40706  
 52 93.9729  30208.548969  x:  0.02132   0.03969   0.05857   0.45488   0.00000   0.06978   0.14546   0.00000   0.35333   0.06162   0.00462   0.31363   0.01397   0.09633   0.06836   0.04876   0.37411   0.08325   0.06977   0.33412   0.01256   0.12335   0.03272   0.07802   0.04339   0.15595   0.23796   0.01613   0.26816   0.01237   0.01775   0.09842   0.14678   0.14600   0.27567   0.06674   0.14327   0.07443   0.21489   0.00000   0.02874   0.04566   0.08304   0.06238   0.03938   0.20598   0.12755   0.09192   0.01957   0.01047   0.04366   0.10323   0.07140   3.95896   0.37521   0.44352   2.40723  
 53 11.0538  30208.544208  x:  0.02133   0.03954   0.05853   0.45468   0.00000   0.06981   0.14554   0.00000   0.35329   0.06163   0.00462   0.31437   0.01395   0.09625   0.06853   0.04877   0.37400   0.08318   0.06975   0.33428   0.01257   0.12337   0.03271   0.07826   0.04337   0.15587   0.23807   0.01613   0.26794   0.01238   0.01772   0.09836   0.14666   0.14616   0.27523   0.06649   0.14338   0.07465   0.21500   0.00000   0.02874   0.04567   0.08295   0.06234   0.03943   0.20693   0.12730   0.09189   0.01957   0.01047   0.04364   0.10326   0.07134   3.95897   0.37549   0.44334   2.40734  
 54  7.3593  30208.541640  x:  0.02130   0.03958   0.05848   0.45462   0.00000   0.06982   0.14557   0.00000   0.35323   0.06162   0.00461   0.31465   0.01394   0.09624   0.06850   0.04880   0.37395   0.08316   0.06978   0.33434   0.01255   0.12341   0.03269   0.07819   0.04337   0.15577   0.23813   0.01613   0.26782   0.01238   0.01773   0.09840   0.14679   0.14594   0.27509   0.06658   0.14364   0.07456   0.21505   0.00000   0.02873   0.04566   0.08294   0.06237   0.03943   0.20698   0.12730   0.09189   0.01957   0.01046   0.04363   0.10261   0.07142   3.95893   0.37551   0.44333   2.40736  
 55  1.4334  30208.501302  x:  0.02124   0.03956   0.05790   0.45425   0.00000   0.06955   0.14552   0.00000   0.35320   0.06164   0.00460   0.31657   0.01388   0.09618   0.06862   0.04897   0.37379   0.08332   0.06978   0.33476   0.01261   0.12354   0.03265   0.07818   0.04342   0.15534   0.23835   0.01619   0.26754   0.01239   0.01779   0.09830   0.14758   0.14390   0.27454   0.06687   0.14519   0.07455   0.21532   0.00000   0.02866   0.04561   0.08297   0.06230   0.03927   0.20558   0.12783   0.09191   0.01955   0.01047   0.04354   0.10392   0.07131   3.95932   0.37576   0.44375   2.40841  
 56  1.6322  30207.815496  x:  0.02114   0.03989   0.05834   0.44980   0.00000   0.06804   0.14499   0.00000   0.35543   0.06205   0.00440   0.32771   0.01313   0.09609   0.06947   0.04853   0.37497   0.08615   0.06929   0.33679   0.01293   0.12470   0.03254   0.07827   0.04440   0.15630   0.23611   0.01647   0.27106   0.01192   0.01769   0.09850   0.14284   0.14739   0.27353   0.06578   0.14054   0.07387   0.21652   0.00000   0.02869   0.04506   0.08269   0.06194   0.03929   0.19620   0.12771   0.09269   0.01952   0.01049   0.04354   0.10234   0.07204   3.97518   0.37908   0.45568   2.43408  
 57 11.0916  30205.681306  x:  0.02104   0.04184   0.05536   0.44416   0.00000   0.06101   0.15020   0.00000   0.35666   0.06162   0.00375   0.32441   0.01116   0.09872   0.07141   0.04694   0.37806   0.08339   0.07136   0.33547   0.01423   0.12700   0.03302   0.07814   0.04857   0.15595   0.22623   0.01764   0.26946   0.01120   0.01714   0.09736   0.15383   0.14937   0.27831   0.06327   0.13749   0.07334   0.22272   0.00000   0.02916   0.04420   0.08132   0.06075   0.03691   0.20530   0.13111   0.09474   0.01938   0.01038   0.04330   0.10261   0.07423   4.02579   0.38118   0.49815   2.51659  
 58 100.4059  30205.198450  x:  0.02134   0.04238   0.05376   0.44529   0.00000   0.06111   0.14921   0.00000   0.35893   0.06156   0.00363   0.32083   0.01090   0.09928   0.07096   0.04784   0.37999   0.08523   0.06974   0.33552   0.01494   0.12880   0.03320   0.07864   0.04949   0.15474   0.22382   0.01753   0.26619   0.01101   0.01784   0.09844   0.14561   0.14597   0.27878   0.06333   0.14067   0.07233   0.22318   0.00000   0.02939   0.04413   0.08195   0.06052   0.03668   0.20953   0.13138   0.09555   0.01932   0.01036   0.04364   0.10290   0.07499   4.03833   0.38001   0.50933   2.53623  
 59 130.3867  30203.816559  x:  0.02101   0.04166   0.05574   0.44231   0.00000   0.06513   0.14531   0.00000   0.35439   0.06445   0.00303   0.32302   0.00916   0.09863   0.07133   0.04592   0.37861   0.08291   0.07114   0.33383   0.01221   0.12616   0.03308   0.07793   0.04633   0.15464   0.23261   0.01654   0.26401   0.00991   0.01775   0.09745   0.14479   0.14638   0.28038   0.06274   0.14210   0.07521   0.22202   0.00000   0.02951   0.04460   0.08200   0.06098   0.03630   0.20880   0.13247   0.09634   0.02019   0.01096   0.04207   0.10318   0.07418   4.06135   0.38160   0.57540   2.70443  
 60  0.0985  30202.348837  x:  0.02241   0.04027   0.05530   0.45014   0.00000   0.06466   0.14263   0.00000   0.35039   0.06301   0.00228   0.32200   0.01025   0.09863   0.07252   0.04793   0.37795   0.08325   0.07203   0.33479   0.01676   0.12696   0.03310   0.07786   0.04574   0.15357   0.22612   0.01482   0.26189   0.01075   0.01848   0.09895   0.14773   0.14816   0.27468   0.06378   0.14082   0.07364   0.21716   0.00000   0.02969   0.04404   0.08292   0.06126   0.03823   0.20621   0.12869   0.09231   0.02031   0.01239   0.04225   0.10339   0.07354   4.00366   0.38284   0.65752   3.02238  
 61  0.1239  30200.614435  x:  0.02233   0.04406   0.05451   0.45467   0.00000   0.06437   0.14310   0.00000   0.35154   0.05957   0.00168   0.32130   0.01047   0.09750   0.07148   0.04789   0.37950   0.08548   0.07089   0.33446   0.01235   0.12556   0.03314   0.07961   0.04987   0.15318   0.22452   0.01440   0.26715   0.01095   0.01692   0.09786   0.14621   0.14638   0.27475   0.06386   0.14123   0.07491   0.22471   0.00000   0.02890   0.04493   0.08088   0.06034   0.03798   0.20730   0.12933   0.08983   0.02025   0.01445   0.04296   0.10324   0.07383   3.97262   0.38448   0.77310   3.74764  
 62  0.3431  30199.049148  x:  0.02125   0.04163   0.05590   0.44581   0.00000   0.06256   0.14525   0.00000   0.35522   0.06383   0.00290   0.32466   0.01018   0.09911   0.07109   0.04695   0.38115   0.08367   0.06986   0.33445   0.01416   0.12831   0.03258   0.07758   0.04638   0.15476   0.23178   0.01601   0.26973   0.01142   0.01767   0.09762   0.14464   0.14592   0.28365   0.06320   0.14142   0.07434   0.22401   0.00000   0.02901   0.04403   0.08242   0.06069   0.03651   0.21135   0.13340   0.09053   0.02041   0.01763   0.04312   0.10281   0.07333   3.93164   0.38226   0.89678   4.56436  
 63  0.4038  30198.041171  x:  0.02117   0.04062   0.05551   0.45215   0.00000   0.06563   0.14727   0.00000   0.35709   0.06180   0.00226   0.32464   0.00972   0.09924   0.06987   0.04750   0.38105   0.08276   0.07014   0.33417   0.01358   0.12672   0.03299   0.07813   0.04646   0.15529   0.21895   0.01706   0.26455   0.01084   0.01732   0.09863   0.14717   0.14766   0.27800   0.06366   0.14219   0.07402   0.21973   0.00000   0.02950   0.04391   0.08262   0.06091   0.03740   0.20861   0.13059   0.09464   0.02020   0.01877   0.04306   0.10345   0.07344   3.95337   0.37468   1.03173   5.59146  
 64  0.4554  30197.251321  x:  0.02143   0.04245   0.05470   0.44485   0.00000   0.06345   0.14488   0.00000   0.35255   0.06167   0.00218   0.31935   0.01097   0.09772   0.07072   0.04786   0.37679   0.08389   0.07008   0.33278   0.01389   0.12666   0.03338   0.07879   0.04778   0.15367   0.23349   0.01662   0.26389   0.01049   0.01825   0.09848   0.14617   0.14651   0.27535   0.06348   0.14073   0.07368   0.22022   0.00000   0.02933   0.04485   0.08170   0.06082   0.03748   0.20694   0.12915   0.09676   0.01928   0.01959   0.04330   0.10323   0.07356   3.94810   0.38045   1.18701   6.69882  
 65  0.5110  30196.578256  x:  0.02157   0.04102   0.05616   0.43568   0.00000   0.06263   0.14345   0.00000   0.34951   0.06252   0.00229   0.31923   0.01078   0.09847   0.07145   0.04628   0.37338   0.08367   0.07055   0.33207   0.01408   0.12610   0.03273   0.07758   0.04622   0.15438   0.21875   0.01683   0.26288   0.01086   0.01741   0.09671   0.14364   0.14519   0.27787   0.06331   0.14056   0.07375   0.22355   0.00000   0.02924   0.04433   0.08191   0.06059   0.03628   0.20637   0.13119   0.09660   0.01844   0.01938   0.04239   0.10240   0.07347   3.94605   0.37500   1.34388   8.03411  
 66  0.5536  30195.998425  x:  0.02154   0.04094   0.05515   0.43004   0.00000   0.06471   0.14479   0.00000   0.34931   0.06132   0.00216   0.31993   0.01019   0.09869   0.06965   0.04680   0.37442   0.08060   0.07027   0.32812   0.01393   0.12625   0.03324   0.07815   0.04744   0.15369   0.22142   0.01708   0.26186   0.01116   0.01765   0.09747   0.14432   0.14515   0.27590   0.06268   0.14032   0.07310   0.21444   0.00000   0.02940   0.04376   0.08140   0.06020   0.03628   0.20614   0.13081   0.09424   0.01763   0.01730   0.04196   0.10251   0.07323   3.94400   0.37659   1.50140   9.39171  
 67  0.6086  30195.642587  x:  0.02139   0.04134   0.05529   0.43041   0.00000   0.06456   0.14435   0.00000   0.34803   0.06189   0.00262   0.31617   0.01049   0.09774   0.06971   0.04774   0.37256   0.08308   0.06951   0.32535   0.01376   0.12561   0.03293   0.07791   0.04640   0.15246   0.21976   0.01636   0.26222   0.01120   0.01835   0.09774   0.14477   0.14467   0.27211   0.06312   0.13982   0.07355   0.21887   0.00000   0.02934   0.04455   0.08163   0.06043   0.03766   0.20572   0.12908   0.09205   0.01789   0.01509   0.04228   0.10266   0.07311   3.96420   0.37590   1.61498  10.45256  
 68  0.5871  30195.350752  x:  0.02143   0.04144   0.05560   0.43251   0.00000   0.06256   0.14434   0.00000   0.34930   0.06184   0.00268   0.31794   0.01011   0.09766   0.07031   0.04711   0.37338   0.08165   0.06972   0.32965   0.01431   0.12593   0.03278   0.07757   0.04684   0.15318   0.22246   0.01650   0.26180   0.01136   0.01733   0.09700   0.14301   0.14452   0.27543   0.06345   0.13975   0.07386   0.21880   0.00000   0.02944   0.04429   0.08163   0.06041   0.03686   0.20516   0.13017   0.09142   0.01907   0.01266   0.04303   0.10236   0.07322   3.95690   0.37164   1.75701  11.69456  
 69  0.4972  30195.171376  x:  0.02113   0.04134   0.05547   0.43683   0.00000   0.06424   0.14464   0.00000   0.35072   0.06280   0.00286   0.31992   0.01029   0.09851   0.07054   0.04699   0.37517   0.08328   0.07044   0.33137   0.01390   0.12625   0.03321   0.07829   0.04716   0.15415   0.22168   0.01644   0.26220   0.01117   0.01781   0.09758   0.14498   0.14587   0.27698   0.06321   0.14072   0.07381   0.21893   0.00000   0.02908   0.04415   0.08162   0.06062   0.03655   0.20652   0.13084   0.09297   0.02025   0.01250   0.04276   0.10255   0.07318   3.93847   0.37140   1.88753  12.61755  
 70  0.5115  30195.086609  x:  0.02147   0.04125   0.05503   0.43969   0.00000   0.06410   0.14451   0.00000   0.35085   0.06244   0.00275   0.31963   0.01031   0.09835   0.07031   0.04726   0.37581   0.08274   0.07017   0.32999   0.01396   0.12635   0.03288   0.07801   0.04683   0.15341   0.22430   0.01662   0.26357   0.01098   0.01794   0.09785   0.14522   0.14573   0.27537   0.06301   0.14044   0.07372   0.21995   0.00000   0.02938   0.04421   0.08170   0.06056   0.03712   0.20680   0.13015   0.09376   0.02057   0.01265   0.04252   0.10276   0.07372   3.93531   0.36762   2.04787  13.80090  
 71  0.6823  30194.968275  x:  0.02168   0.04151   0.05531   0.43841   0.00000   0.06342   0.14393   0.00000   0.35023   0.06184   0.00255   0.31932   0.01031   0.09798   0.07029   0.04727   0.37582   0.08270   0.06961   0.33012   0.01406   0.12656   0.03297   0.07776   0.04678   0.15388   0.22221   0.01660   0.26381   0.01111   0.01754   0.09773   0.14440   0.14522   0.27580   0.06340   0.14050   0.07368   0.22007   0.00000   0.02941   0.04453   0.08188   0.06077   0.03740   0.20696   0.12996   0.09346   0.02024   0.01283   0.04197   0.10275   0.07353   3.94345   0.37209   2.45171  16.67038  
 72  0.8513  30194.894828  x:  0.02145   0.04150   0.05532   0.43710   0.00000   0.06397   0.14401   0.00000   0.34998   0.06238   0.00272   0.31950   0.01041   0.09807   0.07045   0.04709   0.37548   0.08338   0.06988   0.33060   0.01396   0.12626   0.03308   0.07812   0.04724   0.15399   0.22267   0.01656   0.26361   0.01119   0.01767   0.09754   0.14481   0.14542   0.27650   0.06333   0.14061   0.07364   0.21908   0.00000   0.02915   0.04426   0.08163   0.06057   0.03702   0.20702   0.13031   0.09289   0.01990   0.01295   0.04221   0.10259   0.07314   3.94657   0.36761   2.77930  19.09969  
 73  1.6409  30194.863154  x:  0.02143   0.04123   0.05525   0.43831   0.00000   0.06398   0.14455   0.00000   0.35078   0.06241   0.00276   0.31994   0.01029   0.09846   0.07029   0.04730   0.37554   0.08229   0.07018   0.33048   0.01396   0.12623   0.03294   0.07807   0.04684   0.15340   0.22310   0.01654   0.26308   0.01112   0.01797   0.09767   0.14497   0.14578   0.27610   0.06302   0.14044   0.07381   0.21979   0.00000   0.02936   0.04410   0.08165   0.06048   0.03681   0.20635   0.13054   0.09301   0.01987   0.01304   0.04277   0.10263   0.07340   3.94507   0.36824   3.12546  21.59040  
 74  1.4003  30194.852318  x:  0.02137   0.04137   0.05534   0.43826   0.00000   0.06385   0.14460   0.00000   0.35080   0.06229   0.00275   0.31961   0.01027   0.09822   0.07033   0.04719   0.37566   0.08308   0.07008   0.33040   0.01400   0.12635   0.03297   0.07799   0.04689   0.15369   0.22321   0.01648   0.26316   0.01110   0.01763   0.09768   0.14483   0.14556   0.27594   0.06322   0.14046   0.07382   0.21939   0.00000   0.02924   0.04427   0.08174   0.06061   0.03705   0.20672   0.13027   0.09309   0.01978   0.01299   0.04269   0.10268   0.07342   3.94551   0.36816   3.34823  23.20273  
 75  1.0173  30194.849270  x:  0.02139   0.04142   0.05533   0.43815   0.00000   0.06389   0.14453   0.00000   0.35066   0.06233   0.00275   0.31961   0.01030   0.09820   0.07041   0.04723   0.37561   0.08278   0.07006   0.33055   0.01395   0.12630   0.03302   0.07804   0.04697   0.15373   0.22287   0.01643   0.26319   0.01110   0.01778   0.09768   0.14475   0.14554   0.27608   0.06328   0.14049   0.07378   0.21961   0.00000   0.02928   0.04428   0.08173   0.06063   0.03700   0.20664   0.13033   0.09313   0.01972   0.01296   0.04259   0.10267   0.07332   3.94433   0.36789   3.53624  24.56462  
 76  0.8593  30194.848686  x:  0.02142   0.04136   0.05532   0.43815   0.00000   0.06391   0.14450   0.00000   0.35064   0.06233   0.00275   0.31966   0.01028   0.09826   0.07036   0.04720   0.37558   0.08285   0.07007   0.33047   0.01398   0.12628   0.03297   0.07803   0.04693   0.15364   0.22302   0.01649   0.26322   0.01112   0.01776   0.09765   0.14483   0.14557   0.27607   0.06321   0.14048   0.07379   0.21956   0.00000   0.02930   0.04423   0.08169   0.06057   0.03698   0.20664   0.13034   0.09317   0.01973   0.01295   0.04259   0.10265   0.07337   3.94429   0.36797   3.60085  25.02798  
 77  0.4123  30194.848569  x:  0.02141   0.04137   0.05531   0.43814   0.00000   0.06388   0.14449   0.00000   0.35064   0.06233   0.00275   0.31966   0.01030   0.09825   0.07036   0.04722   0.37559   0.08284   0.07006   0.33045   0.01397   0.12632   0.03300   0.07802   0.04691   0.15368   0.22301   0.01649   0.26322   0.01111   0.01776   0.09766   0.14482   0.14558   0.27604   0.06320   0.14047   0.07378   0.21953   0.00000   0.02928   0.04425   0.08172   0.06059   0.03699   0.20665   0.13034   0.09319   0.01975   0.01294   0.04259   0.10266   0.07336   3.94455   0.36795   3.63247  25.25246  
 78  0.1153  30194.848399  x:  0.02141   0.04137   0.05532   0.43805   0.00000   0.06391   0.14446   0.00000   0.35061   0.06232   0.00275   0.31963   0.01031   0.09823   0.07035   0.04721   0.37555   0.08282   0.07006   0.33044   0.01398   0.12629   0.03296   0.07803   0.04696   0.15368   0.22295   0.01651   0.26321   0.01111   0.01775   0.09768   0.14480   0.14555   0.27605   0.06324   0.14047   0.07377   0.21955   0.00000   0.02928   0.04425   0.08170   0.06059   0.03698   0.20664   0.13032   0.09312   0.01981   0.01294   0.04261   0.10266   0.07335   3.94482   0.36801   3.64673  25.34009  
 79  0.0225  30194.848155  x:  0.02140   0.04137   0.05531   0.43796   0.00000   0.06387   0.14450   0.00000   0.35060   0.06230   0.00275   0.31963   0.01029   0.09826   0.07035   0.04721   0.37554   0.08283   0.07005   0.33042   0.01398   0.12628   0.03299   0.07803   0.04692   0.15363   0.22294   0.01650   0.26319   0.01110   0.01777   0.09764   0.14482   0.14556   0.27604   0.06319   0.14047   0.07379   0.21952   0.00000   0.02928   0.04423   0.08169   0.06056   0.03698   0.20661   0.13033   0.09303   0.01988   0.01294   0.04261   0.10265   0.07337   3.94471   0.36813   3.61042  25.05029  
 80  0.0963  30194.847739  x:  0.02142   0.04137   0.05530   0.43808   0.00000   0.06393   0.14450   0.00000   0.35062   0.06234   0.00276   0.31958   0.01029   0.09823   0.07037   0.04720   0.37550   0.08281   0.07006   0.33038   0.01398   0.12632   0.03298   0.07801   0.04693   0.15368   0.22304   0.01648   0.26315   0.01111   0.01773   0.09768   0.14480   0.14556   0.27593   0.06322   0.14044   0.07378   0.21948   0.00000   0.02929   0.04424   0.08171   0.06062   0.03699   0.20663   0.13035   0.09306   0.01988   0.01294   0.04256   0.10266   0.07338   3.94421   0.36833   3.54848  24.55027  
 81  0.1020  30194.847292  x:  0.02143   0.04137   0.05532   0.43806   0.00000   0.06389   0.14451   0.00000   0.35065   0.06232   0.00276   0.31962   0.01029   0.09824   0.07036   0.04720   0.37553   0.08285   0.07006   0.33045   0.01398   0.12630   0.03297   0.07802   0.04693   0.15367   0.22298   0.01648   0.26317   0.01112   0.01777   0.09767   0.14481   0.14556   0.27604   0.06322   0.14047   0.07377   0.21953   0.00000   0.02928   0.04425   0.08171   0.06059   0.03700   0.20663   0.13033   0.09315   0.01979   0.01290   0.04256   0.10266   0.07337   3.94442   0.36845   3.54977  24.50552  
 82  0.0182  30194.847244  x:  0.02142   0.04137   0.05531   0.43809   0.00000   0.06389   0.14450   0.00000   0.35064   0.06233   0.00276   0.31965   0.01029   0.09825   0.07036   0.04721   0.37556   0.08283   0.07006   0.33044   0.01398   0.12629   0.03299   0.07803   0.04693   0.15366   0.22298   0.01649   0.26321   0.01112   0.01775   0.09766   0.14482   0.14557   0.27605   0.06321   0.14047   0.07378   0.21955   0.00000   0.02929   0.04424   0.08170   0.06058   0.03698   0.20663   0.13034   0.09315   0.01977   0.01291   0.04259   0.10266   0.07336   3.94444   0.36847   3.55058  24.50612  
 83  0.0008  30194.847240  x:  0.02141   0.04137   0.05531   0.43810   0.00000   0.06389   0.14450   0.00000   0.35064   0.06232   0.00276   0.31966   0.01029   0.09825   0.07036   0.04721   0.37557   0.08283   0.07006   0.33044   0.01398   0.12630   0.03298   0.07803   0.04693   0.15367   0.22298   0.01649   0.26322   0.01111   0.01775   0.09766   0.14482   0.14557   0.27605   0.06321   0.14047   0.07378   0.21954   0.00000   0.02929   0.04424   0.08170   0.06059   0.03698   0.20664   0.13034   0.09314   0.01977   0.01291   0.04260   0.10266   0.07336   3.94446   0.36847   3.54752  24.48345  
 84  0.0200  30194.847240  x:  0.02141   0.04137   0.05531   0.43811   0.00000   0.06389   0.14450   0.00000   0.35064   0.06232   0.00276   0.31965   0.01029   0.09825   0.07036   0.04721   0.37557   0.08283   0.07006   0.33044   0.01398   0.12630   0.03298   0.07803   0.04693   0.15367   0.22298   0.01649   0.26322   0.01111   0.01775   0.09766   0.14482   0.14557   0.27605   0.06321   0.14047   0.07378   0.21955   0.00000   0.02928   0.04424   0.08170   0.06058   0.03699   0.20664   0.13034   0.09314   0.01977   0.01291   0.04259   0.10266   0.07336   3.94445   0.36847   3.54760  24.48425  
 85  0.0005  30194.847240  x:  0.02141   0.04137   0.05531   0.43810   0.00000   0.06389   0.14450   0.00000   0.35064   0.06232   0.00276   0.31965   0.01029   0.09825   0.07036   0.04721   0.37557   0.08283   0.07006   0.33044   0.01398   0.12630   0.03298   0.07803   0.04693   0.15367   0.22298   0.01650   0.26322   0.01111   0.01775   0.09766   0.14482   0.14557   0.27605   0.06321   0.14047   0.07378   0.21954   0.00000   0.02928   0.04424   0.08170   0.06058   0.03698   0.20664   0.13034   0.09314   0.01977   0.01291   0.04259   0.10266   0.07336   3.94445   0.36847   3.54772  24.48504  
 86  0.0007  30194.847240  x:  0.02141   0.04137   0.05531   0.43810   0.00000   0.06389   0.14450   0.00000   0.35064   0.06232   0.00276   0.31965   0.01029   0.09825   0.07036   0.04721   0.37557   0.08283   0.07006   0.33044   0.01398   0.12630   0.03298   0.07803   0.04693   0.15367   0.22298   0.01650   0.26322   0.01111   0.01775   0.09766   0.14482   0.14557   0.27605   0.06321   0.14047   0.07378   0.21954   0.00000   0.02928   0.04424   0.08170   0.06058   0.03698   0.20664   0.13034   0.09314   0.01977   0.01291   0.04259   0.10266   0.07336   3.94445   0.36847   3.54769  24.48484  
 87  0.0030  30194.847240  x:  0.02141   0.04137   0.05531   0.43810   0.00000   0.06389   0.14450   0.00000   0.35064   0.06232   0.00276   0.31965   0.01029   0.09825   0.07036   0.04721   0.37557   0.08283   0.07006   0.33044   0.01398   0.12630   0.03298   0.07803   0.04693   0.15367   0.22298   0.01650   0.26322   0.01111   0.01775   0.09766   0.14482   0.14557   0.27605   0.06321   0.14047   0.07378   0.21954   0.00000   0.02928   0.04424   0.08170   0.06058   0.03698   0.20664   0.13034   0.09314   0.01977   0.01291   0.04259   0.10266   0.07336   3.94445   0.36847   3.54769  24.48484  