Supplemental results for CODEML (seqf: sufu.fasta  treef: sufu_tree.txt)


MLEs of dN/dS (w) for site classes (K=6)

p:   0.19928  0.19928  0.19928  0.19928  0.19928  0.00361
w:   0.00022  0.00175  0.00502  0.01132  0.02728  1.00000

Naive Empirical Bayes (NEB) probabilities for 6 classes & postmean_w
(amino acids refer to 1st sequence: Camarhynchus_parvulus)

   1 M   0.21198 0.20978 0.20518 0.19660 0.17646 0.00001 ( 1)  0.008
   2 Y   0.20679 0.20557 0.20301 0.19816 0.18639 0.00009 ( 1)  0.009
   3 R   0.21013 0.20829 0.20442 0.19718 0.17997 0.00002 ( 1)  0.009
   4 N   0.20974 0.20797 0.20426 0.19729 0.18071 0.00002 ( 1)  0.009
   5 L   0.00000 0.00000 0.00000 0.00000 0.00016 0.99984 ( 6)  1.000
   6 G   0.20935 0.20765 0.20410 0.19741 0.18147 0.00002 ( 1)  0.009
   7 N   0.20977 0.20799 0.20427 0.19729 0.18066 0.00002 ( 1)  0.009
   8 P   0.00509 0.04088 0.11555 0.25416 0.57520 0.00912 ( 5)  0.028
   9 A   0.00519 0.04159 0.11729 0.25681 0.57446 0.00466 ( 5)  0.024
  10 L   0.20484 0.20397 0.20214 0.19867 0.19014 0.00025 ( 1)  0.009
  11 N   0.20929 0.20761 0.20408 0.19743 0.18157 0.00002 ( 1)  0.009
  12 V   0.20621 0.20510 0.20275 0.19831 0.18751 0.00012 ( 1)  0.009
  13 P   0.20532 0.20437 0.20236 0.19855 0.18922 0.00019 ( 1)  0.009
  14 E   0.21030 0.20842 0.20449 0.19712 0.17965 0.00001 ( 1)  0.009
  15 H   0.20820 0.20672 0.20362 0.19775 0.18366 0.00004 ( 1)  0.009
  16 W   0.20628 0.20515 0.20279 0.19830 0.18737 0.00011 ( 1)  0.009
  17 H   0.20820 0.20673 0.20362 0.19775 0.18366 0.00004 ( 1)  0.009
  18 Y   0.20655 0.20537 0.20290 0.19822 0.18686 0.00010 ( 1)  0.009
  19 V   0.00508 0.04076 0.11526 0.25370 0.57512 0.01008 ( 5)  0.029
  20 S   0.20959 0.20785 0.20420 0.19734 0.18100 0.00002 ( 1)  0.009
  21 F   0.20615 0.20505 0.20273 0.19833 0.18761 0.00012 ( 1)  0.009
  22 G   0.20948 0.20776 0.20415 0.19737 0.18121 0.00002 ( 1)  0.009
  23 L   0.20428 0.20351 0.20189 0.19880 0.19119 0.00034 ( 1)  0.009
  24 S   0.20908 0.20744 0.20399 0.19750 0.18198 0.00003 ( 1)  0.009
  25 D   0.20965 0.20790 0.20423 0.19732 0.18088 0.00002 ( 1)  0.009
  26 L   0.20455 0.20373 0.20201 0.19874 0.19068 0.00029 ( 1)  0.009
  27 Y   0.20641 0.20526 0.20284 0.19826 0.18712 0.00011 ( 1)  0.009
  28 G   0.20940 0.20769 0.20412 0.19740 0.18137 0.00002 ( 1)  0.009
  29 D   0.20966 0.20790 0.20423 0.19732 0.18087 0.00002 ( 1)  0.009
  30 N   0.20978 0.20800 0.20428 0.19728 0.18064 0.00002 ( 1)  0.009
  31 R   0.20979 0.20800 0.20426 0.19726 0.18065 0.00004 ( 1)  0.009
  32 V   0.20832 0.20682 0.20367 0.19772 0.18344 0.00004 ( 1)  0.009
  33 H   0.20776 0.20636 0.20343 0.19788 0.18451 0.00005 ( 1)  0.009
  34 E   0.21030 0.20842 0.20449 0.19712 0.17965 0.00001 ( 1)  0.009
  35 F   0.20609 0.20500 0.20270 0.19835 0.18773 0.00012 ( 1)  0.009
  36 T   0.20836 0.20685 0.20368 0.19771 0.18336 0.00004 ( 1)  0.009
  37 G   0.20939 0.20769 0.20412 0.19740 0.18138 0.00002 ( 1)  0.009
  38 T   0.20834 0.20684 0.20367 0.19771 0.18340 0.00004 ( 1)  0.009
  39 D   0.00525 0.04203 0.11832 0.25827 0.57323 0.00290 ( 5)  0.022
  40 G   0.20939 0.20769 0.20412 0.19740 0.18138 0.00002 ( 1)  0.009
  41 P   0.20721 0.20592 0.20319 0.19804 0.18557 0.00007 ( 1)  0.009
  42 S   0.20910 0.20745 0.20399 0.19749 0.18195 0.00003 ( 1)  0.009
  43 G   0.20746 0.20612 0.20330 0.19797 0.18509 0.00006 ( 1)  0.009
  44 F   0.20631 0.20518 0.20280 0.19829 0.18730 0.00011 ( 1)  0.009
  45 G   0.20937 0.20768 0.20411 0.19741 0.18141 0.00002 ( 1)  0.009
  46 F   0.20609 0.20500 0.20270 0.19835 0.18773 0.00012 ( 1)  0.009
  47 E   0.21039 0.20850 0.20453 0.19710 0.17948 0.00001 ( 1)  0.009
  48 L   0.20474 0.20389 0.20210 0.19869 0.19031 0.00026 ( 1)  0.009
  49 T   0.20840 0.20689 0.20370 0.19770 0.18328 0.00004 ( 1)  0.009
  50 F   0.20618 0.20508 0.20274 0.19832 0.18756 0.00012 ( 1)  0.009
  51 R   0.20527 0.20433 0.20234 0.19856 0.18930 0.00020 ( 1)  0.009
  52 L   0.20502 0.20412 0.20223 0.19862 0.18978 0.00022 ( 1)  0.009
  53 K   0.21040 0.20851 0.20454 0.19709 0.17945 0.00001 ( 1)  0.009
  54 R   0.21008 0.20824 0.20440 0.19719 0.18007 0.00002 ( 1)  0.009
  55 E   0.21062 0.20869 0.20463 0.19702 0.17903 0.00001 ( 1)  0.009
  56 T   0.20824 0.20675 0.20363 0.19774 0.18359 0.00004 ( 1)  0.009
  57 G   0.20955 0.20782 0.20418 0.19735 0.18108 0.00002 ( 1)  0.009
  58 E   0.21030 0.20842 0.20449 0.19712 0.17965 0.00001 ( 1)  0.009
  59 S   0.20624 0.20513 0.20277 0.19831 0.18744 0.00012 ( 1)  0.009
  60 A   0.20831 0.20681 0.20366 0.19772 0.18346 0.00004 ( 1)  0.009
  61 P   0.20726 0.20596 0.20321 0.19802 0.18547 0.00007 ( 1)  0.009
  62 P   0.20547 0.20449 0.20243 0.19851 0.18892 0.00017 ( 1)  0.009
  63 T   0.20692 0.20568 0.20306 0.19812 0.18614 0.00008 ( 1)  0.009
  64 W   0.20628 0.20515 0.20279 0.19830 0.18737 0.00011 ( 1)  0.009
  65 P   0.20726 0.20596 0.20321 0.19802 0.18548 0.00007 ( 1)  0.009
  66 A   0.20842 0.20690 0.20371 0.19769 0.18324 0.00004 ( 1)  0.009
  67 E   0.21031 0.20843 0.20450 0.19712 0.17963 0.00001 ( 1)  0.009
  68 L   0.20438 0.20358 0.20190 0.19871 0.19090 0.00054 ( 1)  0.009
  69 M   0.21198 0.20978 0.20518 0.19660 0.17646 0.00001 ( 1)  0.008
  70 Q   0.20679 0.20558 0.20301 0.19815 0.18638 0.00009 ( 1)  0.009
  71 G   0.20798 0.20654 0.20352 0.19782 0.18410 0.00005 ( 1)  0.009
  72 L   0.20434 0.20356 0.20192 0.19878 0.19107 0.00032 ( 1)  0.009
  73 A   0.20697 0.20572 0.20309 0.19810 0.18603 0.00008 ( 1)  0.009
  74 R   0.21004 0.20822 0.20439 0.19720 0.18014 0.00002 ( 1)  0.009
  75 Y   0.20674 0.20553 0.20299 0.19817 0.18648 0.00009 ( 1)  0.009
  76 V   0.20672 0.20552 0.20298 0.19817 0.18651 0.00009 ( 1)  0.009
  77 F   0.20655 0.20537 0.20290 0.19822 0.18686 0.00010 ( 1)  0.009
  78 Q   0.20656 0.20538 0.20291 0.19822 0.18683 0.00010 ( 1)  0.009
  79 S   0.20592 0.20486 0.20263 0.19839 0.18806 0.00014 ( 1)  0.009
  80 E   0.21069 0.20874 0.20466 0.19700 0.17889 0.00001 ( 1)  0.009
  81 N   0.20978 0.20800 0.20428 0.19728 0.18064 0.00002 ( 1)  0.009
  82 T   0.20685 0.20562 0.20304 0.19814 0.18627 0.00008 ( 1)  0.009
  83 F   0.20645 0.20530 0.20286 0.19825 0.18704 0.00010 ( 1)  0.009
  84 C   0.20720 0.20590 0.20318 0.19804 0.18560 0.00007 ( 1)  0.009
  85 S   0.20961 0.20786 0.20421 0.19734 0.18097 0.00002 ( 1)  0.009
  86 G   0.20734 0.20602 0.20325 0.19800 0.18532 0.00007 ( 1)  0.009
  87 D   0.20966 0.20791 0.20423 0.19732 0.18086 0.00002 ( 1)  0.009
  88 H   0.20769 0.20631 0.20340 0.19790 0.18465 0.00005 ( 1)  0.009
  89 V   0.20823 0.20675 0.20363 0.19775 0.18361 0.00004 ( 1)  0.009
  90 S   0.20624 0.20512 0.20277 0.19831 0.18744 0.00012 ( 1)  0.009
  91 W   0.20628 0.20515 0.20279 0.19830 0.18737 0.00011 ( 1)  0.009
  92 H   0.20822 0.20674 0.20362 0.19775 0.18363 0.00004 ( 1)  0.009
  93 S   0.00528 0.04229 0.11895 0.25912 0.57221 0.00214 ( 5)  0.021
  94 P   0.20534 0.20438 0.20237 0.19854 0.18918 0.00019 ( 1)  0.009
  95 L   0.20465 0.20382 0.20206 0.19871 0.19049 0.00027 ( 1)  0.009
  96 D   0.20966 0.20791 0.20423 0.19732 0.18086 0.00002 ( 1)  0.009
  97 N   0.20978 0.20800 0.20428 0.19728 0.18064 0.00002 ( 1)  0.009
  98 S   0.20906 0.20742 0.20398 0.19750 0.18201 0.00003 ( 1)  0.009
  99 E   0.21060 0.20867 0.20462 0.19703 0.17907 0.00001 ( 1)  0.009
 100 S   0.20540 0.20444 0.20240 0.19853 0.18905 0.00018 ( 1)  0.009
 101 R   0.20908 0.20744 0.20399 0.19749 0.18197 0.00003 ( 1)  0.009
 102 I   0.20741 0.20608 0.20328 0.19798 0.18520 0.00006 ( 1)  0.009
 103 Q   0.20656 0.20539 0.20291 0.19822 0.18682 0.00010 ( 1)  0.009
 104 H   0.20788 0.20647 0.20348 0.19785 0.18428 0.00005 ( 1)  0.009
 105 M   0.21198 0.20978 0.20518 0.19660 0.17646 0.00001 ( 1)  0.008
 106 L   0.20443 0.20363 0.20196 0.19876 0.19091 0.00031 ( 1)  0.009
 107 L   0.20481 0.20395 0.20213 0.19867 0.19019 0.00025 ( 1)  0.009
 108 T   0.20859 0.20704 0.20378 0.19764 0.18292 0.00003 ( 1)  0.009
 109 E   0.21070 0.20875 0.20466 0.19700 0.17888 0.00001 ( 1)  0.009
 110 D   0.20966 0.20791 0.20423 0.19732 0.18086 0.00002 ( 1)  0.009
 111 P   0.20566 0.20465 0.20251 0.19846 0.18856 0.00016 ( 1)  0.009
 112 Q   0.20656 0.20538 0.20291 0.19822 0.18683 0.00010 ( 1)  0.009
 113 M   0.21198 0.20978 0.20518 0.19660 0.17646 0.00001 ( 1)  0.008
 114 Q   0.20656 0.20538 0.20291 0.19822 0.18683 0.00010 ( 1)  0.009
 115 P   0.20698 0.20573 0.20309 0.19810 0.18602 0.00008 ( 1)  0.009
 116 V   0.20805 0.20660 0.20355 0.19780 0.18395 0.00004 ( 1)  0.009
 117 Q   0.20660 0.20542 0.20293 0.19821 0.18675 0.00010 ( 1)  0.009
 118 T   0.20630 0.20517 0.20280 0.19829 0.18733 0.00011 ( 1)  0.009
 119 P   0.20532 0.20437 0.20236 0.19855 0.18922 0.00019 ( 1)  0.009
 120 F   0.20609 0.20500 0.20270 0.19835 0.18773 0.00012 ( 1)  0.009
 121 G   0.20954 0.20781 0.20418 0.19736 0.18110 0.00002 ( 1)  0.009
 122 V   0.20636 0.20522 0.20282 0.19827 0.18721 0.00011 ( 1)  0.009
 123 V   0.20621 0.20510 0.20276 0.19831 0.18750 0.00012 ( 1)  0.009
 124 T   0.20635 0.20521 0.20282 0.19828 0.18723 0.00011 ( 1)  0.009
 125 F   0.20655 0.20537 0.20290 0.19822 0.18686 0.00010 ( 1)  0.009
 126 L   0.20504 0.20414 0.20224 0.19862 0.18974 0.00022 ( 1)  0.009
 127 Q   0.20656 0.20538 0.20291 0.19822 0.18683 0.00010 ( 1)  0.009
 128 I   0.20688 0.20564 0.20305 0.19813 0.18622 0.00008 ( 1)  0.009
 129 V   0.20618 0.20508 0.20274 0.19832 0.18755 0.00012 ( 1)  0.009
 130 G   0.20954 0.20781 0.20418 0.19736 0.18110 0.00002 ( 1)  0.009
 131 V   0.20618 0.20508 0.20274 0.19832 0.18755 0.00012 ( 1)  0.009
 132 C   0.20730 0.20599 0.20323 0.19801 0.18541 0.00007 ( 1)  0.009
 133 T   0.20634 0.20520 0.20281 0.19828 0.18726 0.00011 ( 1)  0.009
 134 E   0.21030 0.20842 0.20449 0.19712 0.17965 0.00001 ( 1)  0.009
 135 E   0.21070 0.20875 0.20466 0.19700 0.17888 0.00001 ( 1)  0.009
 136 L   0.20484 0.20398 0.20215 0.19867 0.19012 0.00025 ( 1)  0.009
 137 H   0.20771 0.20633 0.20341 0.19790 0.18461 0.00005 ( 1)  0.009
 138 A   0.20800 0.20656 0.20353 0.19781 0.18405 0.00005 ( 1)  0.009
 139 A   0.20628 0.20516 0.20279 0.19830 0.18737 0.00011 ( 1)  0.009
 140 Q   0.20658 0.20540 0.20292 0.19821 0.18679 0.00010 ( 1)  0.009
 141 Q   0.20662 0.20543 0.20293 0.19820 0.18672 0.00010 ( 1)  0.009
 142 W   0.20628 0.20515 0.20279 0.19830 0.18737 0.00011 ( 1)  0.009
 143 N   0.20937 0.20767 0.20411 0.19741 0.18143 0.00002 ( 1)  0.009
 144 G   0.20892 0.20731 0.20392 0.19754 0.18228 0.00003 ( 1)  0.009
 145 Q   0.20681 0.20559 0.20302 0.19815 0.18635 0.00009 ( 1)  0.009
 146 G   0.20957 0.20783 0.20419 0.19735 0.18104 0.00002 ( 1)  0.009
 147 I   0.20741 0.20608 0.20328 0.19798 0.18519 0.00006 ( 1)  0.009
 148 L   0.20467 0.20383 0.20207 0.19871 0.19046 0.00027 ( 1)  0.009
 149 E   0.21059 0.20866 0.20461 0.19704 0.17910 0.00001 ( 1)  0.009
 150 L   0.20485 0.20398 0.20215 0.19866 0.19011 0.00024 ( 1)  0.009
 151 L   0.20525 0.20431 0.20233 0.19857 0.18935 0.00020 ( 1)  0.009
 152 R   0.20736 0.20604 0.20326 0.19799 0.18528 0.00007 ( 1)  0.009
 153 T   0.20634 0.20521 0.20281 0.19828 0.18724 0.00011 ( 1)  0.009
 154 I   0.00511 0.04102 0.11590 0.25471 0.57516 0.00810 ( 5)  0.027
 155 P   0.20680 0.20558 0.20301 0.19815 0.18636 0.00009 ( 1)  0.009
 156 V   0.20844 0.20692 0.20372 0.19768 0.18320 0.00004 ( 1)  0.009
 157 A   0.20626 0.20514 0.20278 0.19830 0.18742 0.00012 ( 1)  0.009
 158 G   0.20908 0.20743 0.20398 0.19750 0.18198 0.00003 ( 1)  0.009
 159 G   0.20809 0.20663 0.20357 0.19779 0.18388 0.00004 ( 1)  0.009
 160 P   0.20579 0.20475 0.20257 0.19843 0.18831 0.00015 ( 1)  0.009
 161 W   0.20628 0.20515 0.20279 0.19830 0.18737 0.00011 ( 1)  0.009
 162 L   0.20466 0.20382 0.20206 0.19871 0.19047 0.00028 ( 1)  0.009
 163 I   0.21125 0.20919 0.20488 0.19683 0.17784 0.00001 ( 1)  0.009
 164 T   0.20860 0.20705 0.20378 0.19764 0.18290 0.00003 ( 1)  0.009
 165 D   0.20920 0.20753 0.20404 0.19746 0.18175 0.00002 ( 1)  0.009
 166 M   0.21198 0.20978 0.20518 0.19660 0.17646 0.00001 ( 1)  0.008
 167 R   0.20505 0.20414 0.20224 0.19861 0.18973 0.00023 ( 1)  0.009
 168 R   0.21007 0.20824 0.20440 0.19720 0.18009 0.00002 ( 1)  0.009
 169 G   0.20939 0.20769 0.20412 0.19740 0.18138 0.00002 ( 1)  0.009
 170 E   0.21041 0.20851 0.20454 0.19709 0.17944 0.00001 ( 1)  0.009
 171 T   0.20821 0.20673 0.20362 0.19775 0.18364 0.00004 ( 1)  0.009
 172 I   0.21120 0.20915 0.20486 0.19685 0.17793 0.00001 ( 1)  0.009
 173 F   0.20619 0.20509 0.20275 0.19832 0.18753 0.00012 ( 1)  0.009
 174 E   0.21039 0.20850 0.20453 0.19710 0.17947 0.00001 ( 1)  0.009
 175 I   0.20691 0.20567 0.20306 0.19812 0.18615 0.00008 ( 1)  0.009
 176 D   0.20964 0.20789 0.20422 0.19733 0.18090 0.00002 ( 1)  0.009
 177 P   0.20725 0.20595 0.20321 0.19803 0.18550 0.00007 ( 1)  0.009
 178 H   0.20768 0.20630 0.20339 0.19791 0.18468 0.00005 ( 1)  0.009
 179 L   0.20485 0.20398 0.20215 0.19866 0.19011 0.00024 ( 1)  0.009
 180 Q   0.20663 0.20544 0.20294 0.19820 0.18669 0.00010 ( 1)  0.009
 181 E   0.21030 0.20842 0.20449 0.19712 0.17965 0.00001 ( 1)  0.009
 182 R   0.20985 0.20806 0.20430 0.19726 0.18051 0.00002 ( 1)  0.009
 183 V   0.20678 0.20557 0.20301 0.19816 0.18640 0.00009 ( 1)  0.009
 184 D   0.20962 0.20788 0.20421 0.19733 0.18094 0.00002 ( 1)  0.009
 185 K   0.21081 0.20884 0.20470 0.19697 0.17867 0.00001 ( 1)  0.009
 186 G   0.20954 0.20781 0.20418 0.19736 0.18110 0.00002 ( 1)  0.009
 187 I   0.20689 0.20566 0.20305 0.19813 0.18619 0.00008 ( 1)  0.009
 188 E   0.21030 0.20843 0.20449 0.19712 0.17964 0.00001 ( 1)  0.009
 189 T   0.20854 0.20699 0.20376 0.19766 0.18302 0.00003 ( 1)  0.009
 190 D   0.20903 0.20740 0.20397 0.19751 0.18206 0.00003 ( 1)  0.009
 191 G   0.20798 0.20654 0.20352 0.19782 0.18410 0.00005 ( 1)  0.009
 192 S   0.20591 0.20485 0.20262 0.19839 0.18808 0.00014 ( 1)  0.009
 193 N   0.20978 0.20800 0.20428 0.19728 0.18064 0.00002 ( 1)  0.009
 194 L   0.20486 0.20399 0.20215 0.19866 0.19009 0.00024 ( 1)  0.009
 195 S   0.20923 0.20756 0.20405 0.19745 0.18168 0.00002 ( 1)  0.009
 196 G   0.20908 0.20744 0.20398 0.19749 0.18198 0.00003 ( 1)  0.009
 197 V   0.20808 0.20662 0.20356 0.19779 0.18390 0.00004 ( 1)  0.009
 198 S   0.20903 0.20739 0.20396 0.19751 0.18208 0.00003 ( 1)  0.009
 199 A   0.20680 0.20558 0.20301 0.19815 0.18636 0.00009 ( 1)  0.009
 200 K   0.21071 0.20876 0.20466 0.19700 0.17886 0.00001 ( 1)  0.009
 201 C   0.20678 0.20556 0.20300 0.19816 0.18641 0.00009 ( 1)  0.009
 202 A   0.20680 0.20558 0.20301 0.19815 0.18636 0.00009 ( 1)  0.009
 203 W   0.20628 0.20515 0.20279 0.19830 0.18737 0.00011 ( 1)  0.009
 204 D   0.20919 0.20753 0.20403 0.19746 0.18177 0.00002 ( 1)  0.009
 205 D   0.20920 0.20754 0.20404 0.19746 0.18174 0.00002 ( 1)  0.009
 206 L   0.20551 0.20452 0.20244 0.19850 0.18886 0.00017 ( 1)  0.009
 207 S   0.20965 0.20790 0.20423 0.19732 0.18088 0.00002 ( 1)  0.009
 208 R   0.20736 0.20604 0.20326 0.19799 0.18528 0.00007 ( 1)  0.009
 209 P   0.20620 0.20509 0.20275 0.19832 0.18753 0.00012 ( 1)  0.009
 210 P   0.20673 0.20553 0.20298 0.19817 0.18650 0.00009 ( 1)  0.009
 211 E   0.21030 0.20842 0.20449 0.19712 0.17965 0.00001 ( 1)  0.009
 212 D   0.20906 0.20742 0.20398 0.19750 0.18202 0.00003 ( 1)  0.009
 213 D   0.20932 0.20764 0.20409 0.19742 0.18151 0.00002 ( 1)  0.009
 214 E   0.21068 0.20873 0.20465 0.19701 0.17893 0.00001 ( 1)  0.009
 215 D   0.20966 0.20791 0.20423 0.19732 0.18086 0.00002 ( 1)  0.009
 216 S   0.20966 0.20791 0.20423 0.19732 0.18086 0.00002 ( 1)  0.009
 217 R   0.21027 0.20840 0.20448 0.19713 0.17971 0.00001 ( 1)  0.009
 218 S   0.20966 0.20790 0.20423 0.19732 0.18087 0.00002 ( 1)  0.009
 219 I   0.20691 0.20567 0.20306 0.19812 0.18616 0.00008 ( 1)  0.009
 220 C   0.20732 0.20600 0.20324 0.19801 0.18537 0.00006 ( 1)  0.009
 221 I   0.20692 0.20568 0.20307 0.19812 0.18613 0.00008 ( 1)  0.009
 222 G   0.20950 0.20778 0.20416 0.19737 0.18117 0.00002 ( 1)  0.009
 223 T   0.00004 0.00243 0.01968 0.09767 0.53342 0.34676 ( 5)  0.363
 224 Q   0.20656 0.20538 0.20291 0.19822 0.18683 0.00010 ( 1)  0.009
 225 P   0.20663 0.20544 0.20294 0.19820 0.18669 0.00009 ( 1)  0.009
 226 R   0.20736 0.20604 0.20326 0.19799 0.18528 0.00007 ( 1)  0.009
 227 R   0.00512 0.04111 0.11611 0.25503 0.57505 0.00759 ( 5)  0.027
 228 L   0.20562 0.20461 0.20250 0.19847 0.18864 0.00016 ( 1)  0.009
 229 S   0.20549 0.20451 0.20244 0.19850 0.18888 0.00017 ( 1)  0.009
 230 G   0.20957 0.20783 0.20419 0.19735 0.18105 0.00002 ( 1)  0.009
 231 K   0.21080 0.20883 0.20470 0.19697 0.17869 0.00001 ( 1)  0.009
 232 D   0.20903 0.20739 0.20396 0.19751 0.18208 0.00003 ( 1)  0.009
 233 T   0.20840 0.20688 0.20370 0.19770 0.18329 0.00004 ( 1)  0.009
 234 E   0.21033 0.20845 0.20451 0.19711 0.17958 0.00001 ( 1)  0.009
 235 Q   0.20681 0.20559 0.20302 0.19815 0.18635 0.00009 ( 1)  0.009
 236 I   0.20741 0.20608 0.20328 0.19798 0.18519 0.00006 ( 1)  0.009
 237 R   0.21027 0.20840 0.20448 0.19713 0.17970 0.00001 ( 1)  0.009
 238 E   0.21030 0.20842 0.20449 0.19712 0.17965 0.00001 ( 1)  0.009
 239 T   0.20632 0.20519 0.20280 0.19828 0.18729 0.00011 ( 1)  0.009
 240 L   0.20465 0.20382 0.20206 0.19871 0.19048 0.00027 ( 1)  0.009
 241 R   0.20708 0.20581 0.20313 0.19807 0.18583 0.00008 ( 1)  0.009
 242 R   0.21007 0.20824 0.20440 0.19720 0.18009 0.00002 ( 1)  0.009
 243 G   0.20957 0.20783 0.20419 0.19735 0.18104 0.00002 ( 1)  0.009
 244 L   0.20521 0.20428 0.20231 0.19858 0.18943 0.00020 ( 1)  0.009
 245 E   0.21031 0.20843 0.20450 0.19712 0.17963 0.00001 ( 1)  0.009
 246 I   0.20689 0.20565 0.20305 0.19813 0.18620 0.00008 ( 1)  0.009
 247 N   0.20978 0.20800 0.20428 0.19728 0.18064 0.00002 ( 1)  0.009
 248 N   0.00528 0.04229 0.11893 0.25910 0.57223 0.00218 ( 5)  0.021
 249 K   0.21079 0.20882 0.20470 0.19697 0.17871 0.00001 ( 1)  0.009
 250 P   0.20532 0.20437 0.20236 0.19855 0.18922 0.00019 ( 1)  0.009
 251 V   0.20632 0.20519 0.20280 0.19828 0.18729 0.00011 ( 1)  0.009
 252 L   0.00492 0.03955 0.11218 0.24834 0.57124 0.02377 ( 5)  0.043
 253 P   0.20532 0.20437 0.20236 0.19855 0.18922 0.00019 ( 1)  0.009
 254 P   0.20724 0.20594 0.20320 0.19803 0.18551 0.00007 ( 1)  0.009
 255 I   0.21027 0.20840 0.20448 0.19713 0.17970 0.00001 ( 1)  0.009
 256 N   0.20914 0.20748 0.20401 0.19748 0.18186 0.00002 ( 1)  0.009
 257 A   0.00520 0.04166 0.11744 0.25703 0.57429 0.00439 ( 5)  0.024
 258 Q   0.20681 0.20559 0.20302 0.19815 0.18635 0.00009 ( 1)  0.009
 259 R   0.21007 0.20824 0.20440 0.19720 0.18009 0.00002 ( 1)  0.009
 260 Q   0.20656 0.20539 0.20291 0.19822 0.18683 0.00010 ( 1)  0.009
 261 N   0.20925 0.20757 0.20406 0.19744 0.18165 0.00002 ( 1)  0.009
 262 G   0.20957 0.20783 0.20419 0.19735 0.18104 0.00002 ( 1)  0.009
 263 L   0.20465 0.20381 0.20206 0.19871 0.19049 0.00027 ( 1)  0.009
 264 N   0.00528 0.04229 0.11895 0.25912 0.57220 0.00216 ( 5)  0.021
 265 L   0.00513 0.04114 0.11618 0.25515 0.57516 0.00725 ( 5)  0.026
 266 D   0.20966 0.20791 0.20423 0.19732 0.18086 0.00002 ( 1)  0.009
 267 R   0.20501 0.20411 0.20222 0.19862 0.18980 0.00023 ( 1)  0.009
 268 A   0.20854 0.20700 0.20376 0.19766 0.18302 0.00003 ( 1)  0.009
 269 P   0.20726 0.20596 0.20321 0.19802 0.18548 0.00007 ( 1)  0.009
 270 S   0.20885 0.20725 0.20389 0.19756 0.18241 0.00003 ( 1)  0.009
 271 R   0.20589 0.20484 0.20261 0.19840 0.18812 0.00014 ( 1)  0.009
 272 K   0.20954 0.20781 0.20418 0.19736 0.18109 0.00002 ( 1)  0.009
 273 D   0.20886 0.20726 0.20389 0.19756 0.18240 0.00003 ( 1)  0.009
 274 S   0.20828 0.20678 0.20365 0.19773 0.18352 0.00004 ( 1)  0.009
 275 L   0.20392 0.20321 0.20172 0.19888 0.19187 0.00040 ( 1)  0.009
 276 E   0.20980 0.20802 0.20428 0.19728 0.18060 0.00002 ( 1)  0.009
 277 S   0.20875 0.20717 0.20385 0.19759 0.18260 0.00003 ( 1)  0.009
 278 E   0.20944 0.20773 0.20414 0.19739 0.18128 0.00002 ( 1)  0.009
 279 S   0.20885 0.20725 0.20389 0.19756 0.18241 0.00003 ( 1)  0.009
 280 S   0.20542 0.20445 0.20240 0.19852 0.18903 0.00018 ( 1)  0.009
 281 A   0.20779 0.20639 0.20344 0.19787 0.18446 0.00005 ( 1)  0.009
 282 A   0.20595 0.20489 0.20264 0.19838 0.18800 0.00014 ( 1)  0.009
 283 I   0.20678 0.20557 0.20301 0.19816 0.18640 0.00009 ( 1)  0.009
 284 I   0.20631 0.20518 0.20280 0.19829 0.18731 0.00011 ( 1)  0.009
 285 P   0.20488 0.20401 0.20216 0.19866 0.19006 0.00024 ( 1)  0.009
 286 H   0.20713 0.20585 0.20316 0.19806 0.18573 0.00007 ( 1)  0.009
 287 E   0.20944 0.20773 0.20414 0.19739 0.18128 0.00002 ( 1)  0.009
 288 L   0.20461 0.20379 0.20204 0.19872 0.19056 0.00028 ( 1)  0.009
 289 I   0.00508 0.04079 0.11532 0.25381 0.57517 0.00983 ( 5)  0.029
 290 R   0.20623 0.20511 0.20276 0.19831 0.18747 0.00012 ( 1)  0.009
 291 T   0.20753 0.20618 0.20333 0.19795 0.18496 0.00006 ( 1)  0.009
 292 R   0.20918 0.20752 0.20402 0.19746 0.18179 0.00003 ( 1)  0.009
 293 Q   0.20601 0.20493 0.20267 0.19837 0.18790 0.00013 ( 1)  0.009
 294 L   0.20442 0.20363 0.20195 0.19877 0.19093 0.00031 ( 1)  0.009
 295 E   0.20949 0.20777 0.20416 0.19737 0.18119 0.00002 ( 1)  0.009
 296 S   0.20878 0.20719 0.20386 0.19759 0.18256 0.00003 ( 1)  0.009
 297 V   0.00515 0.04130 0.11659 0.25578 0.57499 0.00619 ( 5)  0.025
 298 H   0.20754 0.20618 0.20333 0.19795 0.18495 0.00006 ( 1)  0.009
 299 L   0.20442 0.20363 0.20195 0.19877 0.19092 0.00031 ( 1)  0.009
 300 K   0.20985 0.20806 0.20431 0.19726 0.18050 0.00002 ( 1)  0.009
 301 F   0.20571 0.20469 0.20254 0.19845 0.18846 0.00015 ( 1)  0.009
 302 N   0.20897 0.20734 0.20394 0.19753 0.18220 0.00003 ( 1)  0.009
 303 Q   0.20601 0.20493 0.20267 0.19837 0.18790 0.00013 ( 1)  0.009
 304 E   0.20944 0.20773 0.20414 0.19739 0.18128 0.00002 ( 1)  0.009
 305 S   0.20517 0.20425 0.20229 0.19859 0.18950 0.00021 ( 1)  0.009
 306 G   0.20861 0.20706 0.20379 0.19763 0.18288 0.00003 ( 1)  0.009
 307 A   0.20749 0.20614 0.20331 0.19796 0.18504 0.00006 ( 1)  0.009
 308 L   0.20486 0.20399 0.20215 0.19866 0.19010 0.00024 ( 1)  0.009
 309 I   0.20640 0.20526 0.20284 0.19826 0.18713 0.00011 ( 1)  0.009
 310 P   0.20538 0.20442 0.20239 0.19853 0.18910 0.00018 ( 1)  0.009
 311 L   0.20523 0.20429 0.20232 0.19857 0.18939 0.00020 ( 1)  0.009
 312 C   0.20625 0.20513 0.20277 0.19830 0.18742 0.00012 ( 1)  0.009
 313 L   0.20463 0.20380 0.20205 0.19872 0.19053 0.00028 ( 1)  0.009
 314 R   0.20942 0.20771 0.20413 0.19739 0.18133 0.00002 ( 1)  0.009
 315 G   0.20861 0.20706 0.20379 0.19763 0.18288 0.00003 ( 1)  0.009
 316 R   0.20942 0.20771 0.20413 0.19739 0.18133 0.00002 ( 1)  0.009
 317 L   0.20503 0.20413 0.20223 0.19862 0.18976 0.00022 ( 1)  0.009
 318 L   0.20383 0.20314 0.20168 0.19890 0.19203 0.00042 ( 1)  0.009
 319 H   0.20705 0.20578 0.20312 0.19808 0.18589 0.00007 ( 1)  0.009
 320 G   0.20861 0.20706 0.20379 0.19763 0.18288 0.00003 ( 1)  0.009
 321 R   0.20675 0.20554 0.20299 0.19817 0.18647 0.00009 ( 1)  0.009
 322 H   0.20754 0.20618 0.20333 0.19795 0.18495 0.00006 ( 1)  0.009
 323 F   0.20558 0.20458 0.20248 0.19848 0.18872 0.00016 ( 1)  0.009
 324 T   0.20781 0.20641 0.20345 0.19787 0.18441 0.00005 ( 1)  0.009
 325 Y   0.20574 0.20472 0.20255 0.19844 0.18840 0.00015 ( 1)  0.009
 326 K   0.20991 0.20811 0.20433 0.19724 0.18038 0.00002 ( 1)  0.009
 327 S   0.20842 0.20690 0.20371 0.19769 0.18325 0.00004 ( 1)  0.009
 328 I   0.20629 0.20516 0.20279 0.19829 0.18735 0.00011 ( 1)  0.009
 329 T   0.20788 0.20646 0.20348 0.19785 0.18428 0.00005 ( 1)  0.009
 330 G   0.20873 0.20715 0.20384 0.19760 0.18266 0.00003 ( 1)  0.009
 331 D   0.20839 0.20688 0.20369 0.19770 0.18330 0.00004 ( 1)  0.009
 332 T   0.20788 0.20646 0.20348 0.19785 0.18428 0.00005 ( 1)  0.009
 333 A   0.20779 0.20639 0.20344 0.19787 0.18446 0.00005 ( 1)  0.009
 334 I   0.20679 0.20557 0.20301 0.19816 0.18639 0.00009 ( 1)  0.009
 335 T   0.20761 0.20624 0.20336 0.19792 0.18480 0.00006 ( 1)  0.009
 336 F   0.20558 0.20458 0.20248 0.19848 0.18872 0.00016 ( 1)  0.009
 337 V   0.20773 0.20634 0.20341 0.19789 0.18457 0.00005 ( 1)  0.009
 338 S   0.20542 0.20445 0.20240 0.19852 0.18903 0.00018 ( 1)  0.009
 339 T   0.20770 0.20631 0.20340 0.19790 0.18464 0.00005 ( 1)  0.009
 340 G   0.20861 0.20706 0.20379 0.19763 0.18288 0.00003 ( 1)  0.009
 341 V   0.20771 0.20632 0.20340 0.19790 0.18461 0.00005 ( 1)  0.009
 342 E   0.20982 0.20803 0.20429 0.19727 0.18057 0.00002 ( 1)  0.009
 343 G   0.20859 0.20704 0.20378 0.19764 0.18291 0.00003 ( 1)  0.009
 344 A   0.20649 0.20533 0.20288 0.19824 0.18696 0.00010 ( 1)  0.009
 345 F   0.20558 0.20458 0.20248 0.19848 0.18872 0.00016 ( 1)  0.009
 346 A   0.20590 0.20484 0.20262 0.19840 0.18810 0.00014 ( 1)  0.009
 347 T   0.20788 0.20646 0.20348 0.19785 0.18428 0.00005 ( 1)  0.009
 348 E   0.20967 0.20791 0.20423 0.19732 0.18085 0.00002 ( 1)  0.009
 349 E   0.20944 0.20773 0.20414 0.19739 0.18128 0.00002 ( 1)  0.009
 350 H   0.20754 0.20618 0.20333 0.19795 0.18495 0.00006 ( 1)  0.009
 351 P   0.20530 0.20435 0.20235 0.19855 0.18926 0.00019 ( 1)  0.009
 352 Y   0.20572 0.20470 0.20254 0.19844 0.18845 0.00015 ( 1)  0.009
 353 A   0.20783 0.20642 0.20345 0.19786 0.18439 0.00005 ( 1)  0.009
 354 A   0.20750 0.20616 0.20332 0.19795 0.18501 0.00006 ( 1)  0.009
 355 H   0.20709 0.20581 0.20314 0.19807 0.18582 0.00007 ( 1)  0.009
 356 G   0.20861 0.20706 0.20379 0.19763 0.18288 0.00003 ( 1)  0.009
 357 P   0.20490 0.20402 0.20217 0.19865 0.19001 0.00024 ( 1)  0.009
 358 W   0.20575 0.20472 0.20255 0.19844 0.18840 0.00015 ( 1)  0.009
 359 L   0.20383 0.20314 0.20168 0.19890 0.19203 0.00042 ( 1)  0.009
 360 Q   0.20624 0.20512 0.20277 0.19831 0.18745 0.00012 ( 1)  0.009
 361 I   0.20678 0.20557 0.20301 0.19816 0.18640 0.00009 ( 1)  0.009
 362 L   0.20466 0.20382 0.20206 0.19871 0.19047 0.00027 ( 1)  0.009
 363 L   0.20424 0.20348 0.20187 0.19881 0.19126 0.00034 ( 1)  0.009
 364 T   0.20622 0.20511 0.20276 0.19831 0.18749 0.00012 ( 1)  0.009
 365 E   0.20982 0.20803 0.20429 0.19727 0.18057 0.00002 ( 1)  0.009
 366 E   0.20945 0.20774 0.20414 0.19738 0.18127 0.00002 ( 1)  0.009
 367 F   0.20588 0.20483 0.20261 0.19840 0.18815 0.00014 ( 1)  0.009
 368 V   0.20774 0.20635 0.20342 0.19789 0.18456 0.00005 ( 1)  0.009
 369 E   0.20944 0.20773 0.20414 0.19739 0.18128 0.00002 ( 1)  0.009
 370 R   0.20923 0.20756 0.20405 0.19745 0.18169 0.00002 ( 1)  0.009
 371 M   0.21099 0.20898 0.20478 0.19691 0.17834 0.00001 ( 1)  0.009
 372 L   0.20442 0.20363 0.20195 0.19877 0.19092 0.00031 ( 1)  0.009
 373 E   0.20982 0.20803 0.20429 0.19727 0.18057 0.00002 ( 1)  0.009
 374 D   0.20831 0.20681 0.20366 0.19772 0.18345 0.00004 ( 1)  0.009
 375 L   0.20386 0.20316 0.20170 0.19889 0.19197 0.00042 ( 1)  0.009
 376 E   0.20981 0.20803 0.20429 0.19727 0.18058 0.00002 ( 1)  0.009
 377 D   0.20831 0.20681 0.20366 0.19772 0.18345 0.00004 ( 1)  0.009
 378 L   0.20442 0.20363 0.20195 0.19877 0.19092 0.00031 ( 1)  0.009
 379 N   0.20844 0.20692 0.20372 0.19768 0.18320 0.00004 ( 1)  0.009
 380 S   0.20480 0.20394 0.20213 0.19868 0.19021 0.00025 ( 1)  0.009
 381 P   0.20651 0.20534 0.20289 0.19823 0.18692 0.00010 ( 1)  0.009
 382 E   0.20944 0.20773 0.20414 0.19739 0.18128 0.00002 ( 1)  0.009
 383 E   0.20980 0.20802 0.20428 0.19728 0.18060 0.00002 ( 1)  0.009
 384 F   0.20560 0.20460 0.20248 0.19848 0.18868 0.00016 ( 1)  0.009
 385 K   0.20991 0.20811 0.20433 0.19724 0.18038 0.00002 ( 1)  0.009
 386 L   0.20480 0.20394 0.20213 0.19868 0.19021 0.00025 ( 1)  0.009
 387 P   0.20660 0.20542 0.20293 0.19821 0.18675 0.00010 ( 1)  0.009
 388 K   0.20954 0.20781 0.20418 0.19736 0.18109 0.00002 ( 1)  0.009
 389 E   0.20944 0.20773 0.20414 0.19739 0.18128 0.00002 ( 1)  0.009
 390 Y   0.20622 0.20511 0.20276 0.19831 0.18748 0.00012 ( 1)  0.009
 391 S   0.20886 0.20726 0.20389 0.19756 0.18240 0.00003 ( 1)  0.009
 392 W   0.20575 0.20472 0.20255 0.19844 0.18840 0.00015 ( 1)  0.009
 393 P   0.20488 0.20401 0.20217 0.19866 0.19004 0.00024 ( 1)  0.009
 394 E   0.20982 0.20803 0.20429 0.19727 0.18057 0.00002 ( 1)  0.009
 395 K   0.20954 0.20781 0.20418 0.19736 0.18109 0.00002 ( 1)  0.009
 396 K   0.20991 0.20811 0.20433 0.19724 0.18038 0.00002 ( 1)  0.009
 397 L   0.20442 0.20363 0.20195 0.19877 0.19092 0.00031 ( 1)  0.009
 398 K   0.20991 0.20811 0.20433 0.19724 0.18038 0.00002 ( 1)  0.009
 399 V   0.20589 0.20483 0.20261 0.19840 0.18812 0.00014 ( 1)  0.009
 400 S   0.20523 0.20429 0.20232 0.19857 0.18939 0.00020 ( 1)  0.009
 401 I   0.20679 0.20557 0.20301 0.19816 0.18639 0.00009 ( 1)  0.009
 402 L   0.20424 0.20348 0.20187 0.19881 0.19126 0.00034 ( 1)  0.009
 403 P   0.20667 0.20547 0.20296 0.19819 0.18662 0.00009 ( 1)  0.009
 404 D   0.20830 0.20681 0.20366 0.19772 0.18347 0.00004 ( 1)  0.009
 405 A   0.20598 0.20491 0.20266 0.19837 0.18794 0.00013 ( 1)  0.009
 406 V   0.20740 0.20607 0.20327 0.19798 0.18520 0.00006 ( 1)  0.009
 407 F   0.20599 0.20492 0.20266 0.19837 0.18792 0.00013 ( 1)  0.009
 408 D   0.20886 0.20726 0.20389 0.19756 0.18240 0.00003 ( 1)  0.009
 409 N   0.00523 0.04192 0.11806 0.25791 0.57360 0.00328 ( 5)  0.023
 410 P   0.20646 0.20530 0.20286 0.19825 0.18702 0.00010 ( 1)  0.009
 411 L   0.20442 0.20363 0.20195 0.19877 0.19092 0.00031 ( 1)  0.009
 412 H   0.20706 0.20579 0.20312 0.19808 0.18587 0.00007 ( 1)  0.009

Positively selected sites

	Prob(w>1)  mean w



lnL = -4933.198891

