Supplemental results for CODEML (seqf: ccna2.fasta  treef: ccna2_tree.txt)


MLEs of dN/dS (w) for site classes (K=6)

p:   0.18808  0.18808  0.18808  0.18808  0.18808  0.05959
w:   0.00000  0.00000  0.00000  0.00000  0.21386  1.00000

Naive Empirical Bayes (NEB) probabilities for 6 classes & postmean_w
(amino acids refer to 1st sequence: Numida_meleagris)

   1 M   0.23917 0.23917 0.23917 0.23916 0.04331 0.00003 ( 1)  0.009
   2 D   0.23500 0.23500 0.23500 0.23499 0.05988 0.00015 ( 1)  0.013
   3 I   0.23225 0.23225 0.23225 0.23224 0.07068 0.00033 ( 1)  0.015
   4 S   0.22676 0.22676 0.22676 0.22676 0.09181 0.00115 ( 1)  0.021
   5 I   0.00000 0.00000 0.00000 0.00000 0.90403 0.09597 ( 5)  0.289
   6 T   0.00000 0.00000 0.00000 0.00000 0.04572 0.95428 ( 6)  0.964
   7 S   0.00000 0.00000 0.00000 0.00006 0.95836 0.04158 ( 5)  0.247
   8 E   0.00000 0.00000 0.00000 0.00000 0.93059 0.06941 ( 5)  0.268
   9 P   0.00000 0.00000 0.00000 0.00000 0.00046 0.99954 ( 6)  1.000
  10 E   0.00000 0.00000 0.00000 0.00010 0.99007 0.00984 ( 5)  0.222
  11 E   0.23064 0.23064 0.23064 0.23063 0.07698 0.00048 ( 1)  0.017
  12 R   0.00000 0.00000 0.00000 0.00000 0.04063 0.95937 ( 6)  0.968
  13 P   0.00000 0.00000 0.00000 0.00000 0.89740 0.10260 ( 5)  0.295
  14 N   0.00000 0.00000 0.00000 0.00000 0.95915 0.04085 ( 5)  0.246
  15 V   0.22902 0.22902 0.22902 0.22901 0.08324 0.00070 ( 1)  0.019
  16 N   0.23630 0.23630 0.23630 0.23630 0.05469 0.00010 ( 1)  0.012
  17 N   0.00000 0.00000 0.00000 0.00000 0.95749 0.04251 ( 5)  0.247
  18 V   0.00000 0.00000 0.00000 0.00005 0.94428 0.05567 ( 5)  0.258
  19 P   0.23155 0.23155 0.23155 0.23154 0.07343 0.00038 ( 1)  0.016
  20 D   0.23430 0.23430 0.23430 0.23429 0.06262 0.00018 ( 1)  0.014
  21 Y   0.23064 0.23064 0.23064 0.23063 0.07696 0.00049 ( 1)  0.017
  22 I   0.00000 0.00000 0.00000 0.00000 0.17110 0.82890 ( 6)  0.865
  23 T   0.00000 0.00000 0.00000 0.00000 0.00022 0.99978 ( 6)  1.000
  24 D   0.00000 0.00000 0.00000 0.00009 0.98949 0.01042 ( 5)  0.222
  25 I   0.23164 0.23164 0.23164 0.23164 0.07305 0.00038 ( 1)  0.016
  26 H   0.23430 0.23430 0.23430 0.23429 0.06263 0.00018 ( 1)  0.014
  27 T   0.00000 0.00000 0.00000 0.00000 0.00719 0.99281 ( 6)  0.994
  28 Y   0.22974 0.22974 0.22974 0.22973 0.08044 0.00061 ( 1)  0.018
  29 L   0.22655 0.22655 0.22655 0.22655 0.09261 0.00119 ( 1)  0.021
  30 R   0.22963 0.22963 0.22963 0.22963 0.08078 0.00070 ( 1)  0.018
  31 E   0.23648 0.23648 0.23648 0.23647 0.05399 0.00009 ( 1)  0.012
  32 M   0.23917 0.23917 0.23917 0.23916 0.04331 0.00003 ( 1)  0.009
  33 E   0.23064 0.23064 0.23064 0.23063 0.07698 0.00048 ( 1)  0.017
  34 V   0.22786 0.22786 0.22786 0.22786 0.08766 0.00090 ( 1)  0.020
  35 K   0.23739 0.23739 0.23739 0.23738 0.05039 0.00007 ( 1)  0.011
  36 C   0.22976 0.22976 0.22976 0.22975 0.08038 0.00058 ( 1)  0.018
  37 K   0.23288 0.23288 0.23288 0.23288 0.06819 0.00028 ( 1)  0.015
  38 P   0.22843 0.22843 0.22843 0.22842 0.08549 0.00080 ( 1)  0.019
  39 K   0.23802 0.23802 0.23802 0.23801 0.04787 0.00006 ( 1)  0.010
  40 I   0.00000 0.00000 0.00000 0.00000 0.04428 0.95572 ( 6)  0.965
  41 G   0.22881 0.22881 0.22881 0.22880 0.08405 0.00073 ( 1)  0.019
  42 Y   0.22974 0.22974 0.22974 0.22974 0.08042 0.00061 ( 1)  0.018
  43 M   0.23917 0.23917 0.23917 0.23916 0.04331 0.00003 ( 1)  0.009
  44 K   0.00000 0.00000 0.00000 0.00008 0.97935 0.02057 ( 5)  0.230
  45 K   0.23260 0.23260 0.23260 0.23259 0.06931 0.00030 ( 1)  0.015
  46 Q   0.22950 0.22950 0.22950 0.22950 0.08135 0.00064 ( 1)  0.018
  47 P   0.22856 0.22856 0.22856 0.22855 0.08501 0.00078 ( 1)  0.019
  48 D   0.23487 0.23487 0.23487 0.23486 0.06039 0.00015 ( 1)  0.013
  49 I   0.23169 0.23169 0.23169 0.23168 0.07288 0.00038 ( 1)  0.016
  50 T   0.23424 0.23424 0.23424 0.23423 0.06286 0.00019 ( 1)  0.014
  51 N   0.23601 0.23601 0.23601 0.23600 0.05586 0.00011 ( 1)  0.012
  52 N   0.00000 0.00000 0.00000 0.00000 0.82715 0.17285 ( 5)  0.350
  53 M   0.23917 0.23917 0.23917 0.23916 0.04331 0.00003 ( 1)  0.009
  54 R   0.22439 0.22439 0.22439 0.22438 0.10065 0.00180 ( 1)  0.023
  55 A   0.22885 0.22885 0.22885 0.22884 0.08389 0.00072 ( 1)  0.019
  56 I   0.23256 0.23256 0.23256 0.23255 0.06947 0.00030 ( 1)  0.015
  57 L   0.22732 0.22732 0.22732 0.22732 0.08970 0.00102 ( 1)  0.020
  58 V   0.22650 0.22650 0.22650 0.22650 0.09280 0.00118 ( 1)  0.021
  59 D   0.23428 0.23428 0.23428 0.23427 0.06270 0.00018 ( 1)  0.014
  60 W   0.22178 0.22178 0.22178 0.22178 0.11011 0.00275 ( 1)  0.026
  61 L   0.21866 0.21866 0.21866 0.21865 0.12086 0.00451 ( 1)  0.030
  62 V   0.22678 0.22678 0.22678 0.22677 0.09177 0.00112 ( 1)  0.021
  63 E   0.23643 0.23643 0.23643 0.23643 0.05418 0.00009 ( 1)  0.012
  64 V   0.22930 0.22930 0.22930 0.22930 0.08214 0.00066 ( 1)  0.018
  65 G   0.23201 0.23201 0.23201 0.23200 0.07164 0.00034 ( 1)  0.016
  66 E   0.23659 0.23659 0.23659 0.23658 0.05356 0.00009 ( 1)  0.012
  67 E   0.23578 0.23578 0.23578 0.23577 0.05677 0.00012 ( 1)  0.012
  68 Y   0.22974 0.22974 0.22974 0.22973 0.08044 0.00061 ( 1)  0.018
  69 K   0.23751 0.23751 0.23751 0.23750 0.04991 0.00007 ( 1)  0.011
  70 L   0.22459 0.22459 0.22459 0.22458 0.09972 0.00194 ( 1)  0.023
  71 Q   0.22501 0.22501 0.22501 0.22501 0.09837 0.00158 ( 1)  0.023
  72 N   0.23653 0.23653 0.23653 0.23652 0.05381 0.00010 ( 1)  0.012
  73 E   0.23659 0.23659 0.23659 0.23658 0.05356 0.00009 ( 1)  0.012
  74 T   0.22986 0.22986 0.22986 0.22985 0.07997 0.00059 ( 1)  0.018
  75 L   0.21866 0.21866 0.21866 0.21865 0.12086 0.00451 ( 1)  0.030
  76 H   0.00000 0.00000 0.00000 0.00008 0.98491 0.01500 ( 5)  0.226
  77 L   0.22480 0.22480 0.22480 0.22479 0.09911 0.00170 ( 1)  0.023
  78 A   0.22900 0.22900 0.22900 0.22900 0.08330 0.00070 ( 1)  0.019
  79 V   0.23373 0.23373 0.23373 0.23373 0.06487 0.00021 ( 1)  0.014
  80 N   0.23662 0.23662 0.23662 0.23661 0.05344 0.00009 ( 1)  0.012
  81 Y   0.22974 0.22974 0.22974 0.22973 0.08044 0.00061 ( 1)  0.018
  82 I   0.23247 0.23247 0.23247 0.23247 0.06980 0.00031 ( 1)  0.015
  83 D   0.23496 0.23496 0.23496 0.23495 0.06002 0.00015 ( 1)  0.013
  84 R   0.23121 0.23121 0.23121 0.23121 0.07473 0.00043 ( 1)  0.016
  85 F   0.23267 0.23267 0.23267 0.23267 0.06903 0.00028 ( 1)  0.015
  86 L   0.22831 0.22831 0.22831 0.22831 0.08594 0.00082 ( 1)  0.019
  87 S   0.22875 0.22875 0.22875 0.22875 0.08425 0.00075 ( 1)  0.019
  88 S   0.22838 0.22838 0.22838 0.22838 0.08564 0.00083 ( 1)  0.019
  89 M   0.23917 0.23917 0.23917 0.23916 0.04331 0.00003 ( 1)  0.009
  90 S   0.22883 0.22883 0.22883 0.22883 0.08393 0.00073 ( 1)  0.019
  91 V   0.22930 0.22930 0.22930 0.22930 0.08214 0.00066 ( 1)  0.018
  92 L   0.22231 0.22231 0.22231 0.22230 0.10813 0.00265 ( 1)  0.026
  93 R   0.23556 0.23556 0.23556 0.23555 0.05763 0.00014 ( 1)  0.012
  94 G   0.23215 0.23215 0.23215 0.23215 0.07106 0.00033 ( 1)  0.016
  95 K   0.23724 0.23724 0.23724 0.23723 0.05096 0.00008 ( 1)  0.011
  96 L   0.22800 0.22800 0.22800 0.22800 0.08712 0.00088 ( 1)  0.020
  97 Q   0.22501 0.22501 0.22501 0.22501 0.09837 0.00158 ( 1)  0.023
  98 L   0.22877 0.22877 0.22877 0.22876 0.08419 0.00074 ( 1)  0.019
  99 V   0.22650 0.22650 0.22650 0.22650 0.09280 0.00118 ( 1)  0.021
 100 G   0.22925 0.22925 0.22925 0.22924 0.08236 0.00066 ( 1)  0.018
 101 T   0.23059 0.23059 0.23059 0.23058 0.07717 0.00050 ( 1)  0.017
 102 A   0.23245 0.23245 0.23245 0.23244 0.06991 0.00031 ( 1)  0.015
 103 A   0.22895 0.22895 0.22895 0.22895 0.08349 0.00071 ( 1)  0.019
 104 M   0.23917 0.23917 0.23917 0.23916 0.04331 0.00003 ( 1)  0.009
 105 L   0.21918 0.21918 0.21918 0.21918 0.11907 0.00420 ( 1)  0.030
 106 L   0.22854 0.22854 0.22854 0.22854 0.08505 0.00078 ( 1)  0.019
 107 A   0.23381 0.23381 0.23381 0.23381 0.06455 0.00021 ( 1)  0.014
 108 S   0.22739 0.22739 0.22739 0.22739 0.08941 0.00103 ( 1)  0.020
 109 K   0.23267 0.23267 0.23267 0.23266 0.06903 0.00030 ( 1)  0.015
 110 F   0.23265 0.23265 0.23265 0.23265 0.06911 0.00028 ( 1)  0.015
 111 E   0.23542 0.23542 0.23542 0.23541 0.05821 0.00013 ( 1)  0.013
 112 E   0.23600 0.23600 0.23600 0.23600 0.05588 0.00011 ( 1)  0.012
 113 I   0.23164 0.23164 0.23164 0.23164 0.07305 0.00038 ( 1)  0.016
 114 Y   0.22974 0.22974 0.22974 0.22973 0.08044 0.00061 ( 1)  0.018
 115 P   0.22848 0.22848 0.22848 0.22847 0.08531 0.00079 ( 1)  0.019
 116 P   0.22861 0.22861 0.22861 0.22860 0.08480 0.00077 ( 1)  0.019
 117 E   0.23659 0.23659 0.23659 0.23658 0.05356 0.00009 ( 1)  0.012
 118 V   0.23368 0.23368 0.23368 0.23367 0.06508 0.00022 ( 1)  0.014
 119 A   0.23289 0.23289 0.23289 0.23288 0.06818 0.00027 ( 1)  0.015
 120 E   0.23069 0.23069 0.23069 0.23069 0.07676 0.00047 ( 1)  0.017
 121 F   0.23259 0.23259 0.23259 0.23259 0.06934 0.00029 ( 1)  0.015
 122 V   0.22836 0.22836 0.22836 0.22835 0.08577 0.00081 ( 1)  0.019
 123 Y   0.22974 0.22974 0.22974 0.22974 0.08042 0.00061 ( 1)  0.018
 124 I   0.23164 0.23164 0.23164 0.23164 0.07305 0.00038 ( 1)  0.016
 125 T   0.23487 0.23487 0.23487 0.23486 0.06037 0.00016 ( 1)  0.013
 126 D   0.23509 0.23509 0.23509 0.23508 0.05952 0.00014 ( 1)  0.013
 127 D   0.23433 0.23433 0.23433 0.23432 0.06251 0.00018 ( 1)  0.014
 128 T   0.22970 0.22970 0.22970 0.22969 0.08060 0.00061 ( 1)  0.018
 129 Y   0.23020 0.23020 0.23020 0.23020 0.07865 0.00055 ( 1)  0.017
 130 N   0.00000 0.00000 0.00000 0.00000 0.87370 0.12630 ( 5)  0.313
 131 K   0.23264 0.23264 0.23264 0.23264 0.06913 0.00030 ( 1)  0.015
 132 K   0.23263 0.23263 0.23263 0.23262 0.06918 0.00030 ( 1)  0.015
 133 Q   0.22891 0.22891 0.22891 0.22891 0.08362 0.00073 ( 1)  0.019
 134 V   0.22921 0.22921 0.22921 0.22920 0.08250 0.00067 ( 1)  0.018
 135 L   0.22474 0.22474 0.22474 0.22473 0.09934 0.00171 ( 1)  0.023
 136 R   0.23156 0.23156 0.23156 0.23155 0.07340 0.00038 ( 1)  0.016
 137 M   0.23917 0.23917 0.23917 0.23916 0.04331 0.00003 ( 1)  0.009
 138 E   0.23064 0.23064 0.23064 0.23063 0.07698 0.00048 ( 1)  0.017
 139 H   0.23390 0.23390 0.23390 0.23389 0.06421 0.00020 ( 1)  0.014
 140 L   0.22502 0.22502 0.22502 0.22501 0.09831 0.00163 ( 1)  0.023
 141 I   0.23256 0.23256 0.23256 0.23255 0.06947 0.00030 ( 1)  0.015
 142 L   0.22121 0.22121 0.22121 0.22121 0.11208 0.00307 ( 1)  0.027
 143 K   0.23382 0.23382 0.23382 0.23381 0.06450 0.00023 ( 1)  0.014
 144 V   0.22937 0.22937 0.22937 0.22936 0.08189 0.00065 ( 1)  0.018
 145 L   0.22162 0.22162 0.22162 0.22162 0.11064 0.00287 ( 1)  0.027
 146 S   0.22840 0.22840 0.22840 0.22840 0.08556 0.00083 ( 1)  0.019
 147 F   0.23267 0.23267 0.23267 0.23266 0.06905 0.00028 ( 1)  0.015
 148 D   0.23440 0.23440 0.23440 0.23440 0.06222 0.00017 ( 1)  0.013
 149 L   0.22162 0.22162 0.22162 0.22162 0.11066 0.00286 ( 1)  0.027
 150 A   0.23290 0.23290 0.23290 0.23290 0.06813 0.00027 ( 1)  0.015
 151 A   0.22907 0.22907 0.22907 0.22906 0.08305 0.00069 ( 1)  0.018
 152 P   0.23273 0.23273 0.23273 0.23273 0.06878 0.00029 ( 1)  0.015
 153 T   0.23273 0.23273 0.23273 0.23273 0.06878 0.00029 ( 1)  0.015
 154 I   0.23165 0.23165 0.23165 0.23165 0.07302 0.00038 ( 1)  0.016
 155 N   0.23601 0.23601 0.23601 0.23600 0.05586 0.00011 ( 1)  0.012
 156 Q   0.22525 0.22525 0.22525 0.22524 0.09749 0.00152 ( 1)  0.022
 157 F   0.23184 0.23184 0.23184 0.23183 0.07229 0.00035 ( 1)  0.016
 158 L   0.22811 0.22811 0.22811 0.22810 0.08671 0.00086 ( 1)  0.019
 159 T   0.23023 0.23023 0.23023 0.23022 0.07856 0.00054 ( 1)  0.017
 160 Q   0.22501 0.22501 0.22501 0.22501 0.09837 0.00158 ( 1)  0.023
 161 Y   0.23054 0.23054 0.23054 0.23054 0.07733 0.00051 ( 1)  0.017
 162 F   0.23185 0.23185 0.23185 0.23185 0.07224 0.00035 ( 1)  0.016
 163 L   0.22336 0.22336 0.22336 0.22335 0.10440 0.00217 ( 1)  0.025
 164 H   0.23448 0.23448 0.23448 0.23448 0.06190 0.00017 ( 1)  0.013
 165 Q   0.00000 0.00000 0.00000 0.00000 0.03359 0.96641 ( 6)  0.974
 166 Q   0.22501 0.22501 0.22501 0.22501 0.09837 0.00158 ( 1)  0.023
 167 T   0.23536 0.23536 0.23536 0.23535 0.05844 0.00014 ( 1)  0.013
 168 N   0.00000 0.00000 0.00000 0.00000 0.47935 0.52065 ( 6)  0.623
 169 A   0.00000 0.00000 0.00000 0.00006 0.96103 0.03891 ( 5)  0.244
 170 K   0.23832 0.23832 0.23832 0.23831 0.04670 0.00005 ( 1)  0.010
 171 V   0.00000 0.00000 0.00000 0.00000 0.83494 0.16506 ( 5)  0.344
 172 E   0.23064 0.23064 0.23064 0.23063 0.07698 0.00048 ( 1)  0.017
 173 S   0.23430 0.23430 0.23430 0.23429 0.06263 0.00018 ( 1)  0.014
 174 L   0.22385 0.22385 0.22385 0.22385 0.10258 0.00203 ( 1)  0.024
 175 S   0.22843 0.22843 0.22843 0.22842 0.08547 0.00082 ( 1)  0.019
 176 M   0.00000 0.00000 0.00000 0.00013 0.99626 0.00361 ( 5)  0.217
 177 Y   0.23034 0.23034 0.23034 0.23033 0.07811 0.00053 ( 1)  0.017
 178 L   0.22682 0.22682 0.22682 0.22681 0.09160 0.00113 ( 1)  0.021
 179 G   0.22921 0.22921 0.22921 0.22921 0.08249 0.00066 ( 1)  0.018
 180 E   0.23064 0.23064 0.23064 0.23063 0.07698 0.00048 ( 1)  0.017
 181 L   0.21979 0.21979 0.21979 0.21978 0.11701 0.00385 ( 1)  0.029
 182 T   0.00000 0.00000 0.00000 0.00000 0.91772 0.08228 ( 5)  0.279
 183 L   0.22612 0.22612 0.22612 0.22612 0.09421 0.00131 ( 1)  0.021
 184 I   0.23303 0.23303 0.23303 0.23303 0.06759 0.00029 ( 1)  0.015
 185 D   0.23510 0.23510 0.23510 0.23509 0.05946 0.00014 ( 1)  0.013
 186 A   0.22907 0.22907 0.22907 0.22906 0.08305 0.00069 ( 1)  0.018
 187 D   0.23510 0.23510 0.23510 0.23509 0.05946 0.00014 ( 1)  0.013
 188 P   0.22855 0.22855 0.22855 0.22854 0.08504 0.00078 ( 1)  0.019
 189 Y   0.00000 0.00000 0.00000 0.00007 0.96659 0.03335 ( 5)  0.240
 190 L   0.21912 0.21912 0.21912 0.21912 0.11929 0.00423 ( 1)  0.030
 191 K   0.23832 0.23832 0.23832 0.23831 0.04670 0.00005 ( 1)  0.010
 192 Y   0.22974 0.22974 0.22974 0.22974 0.08042 0.00061 ( 1)  0.018
 193 L   0.22084 0.22084 0.22084 0.22084 0.11330 0.00333 ( 1)  0.028
 194 P   0.23283 0.23283 0.23283 0.23283 0.06839 0.00028 ( 1)  0.015
 195 S   0.22910 0.22910 0.22910 0.22910 0.08288 0.00072 ( 1)  0.018
 196 V   0.22936 0.22936 0.22936 0.22935 0.08194 0.00065 ( 1)  0.018
 197 I   0.00000 0.00000 0.00000 0.00008 0.97944 0.02048 ( 5)  0.230
 198 A   0.22907 0.22907 0.22907 0.22906 0.08305 0.00069 ( 1)  0.018
 199 A   0.22910 0.22910 0.22910 0.22909 0.08293 0.00068 ( 1)  0.018
 200 A   0.23375 0.23375 0.23375 0.23374 0.06481 0.00021 ( 1)  0.014
 201 A   0.23305 0.23305 0.23305 0.23305 0.06754 0.00026 ( 1)  0.015
 202 F   0.23267 0.23267 0.23267 0.23266 0.06905 0.00028 ( 1)  0.015
 203 H   0.00000 0.00000 0.00000 0.00000 0.75730 0.24270 ( 5)  0.405
 204 L   0.22493 0.22493 0.22493 0.22493 0.09863 0.00165 ( 1)  0.023
 205 A   0.23385 0.23385 0.23385 0.23385 0.06439 0.00020 ( 1)  0.014
 206 G   0.00000 0.00000 0.00000 0.00000 0.01172 0.98828 ( 6)  0.991
 207 Y   0.23007 0.23007 0.23007 0.23007 0.07916 0.00056 ( 1)  0.017
 208 T   0.23281 0.23281 0.23281 0.23280 0.06848 0.00029 ( 1)  0.015
 209 I   0.00000 0.00000 0.00000 0.00007 0.97134 0.02859 ( 5)  0.236
 210 T   0.23071 0.23071 0.23071 0.23070 0.07670 0.00049 ( 1)  0.017
 211 G   0.23227 0.23227 0.23227 0.23226 0.07062 0.00032 ( 1)  0.015
 212 Q   0.00000 0.00000 0.00000 0.00007 0.97089 0.02904 ( 5)  0.237
 213 T   0.00000 0.00000 0.00000 0.00000 0.58898 0.41102 ( 5)  0.537
 214 W   0.22178 0.22178 0.22178 0.22178 0.11011 0.00275 ( 1)  0.026
 215 P   0.22862 0.22862 0.22862 0.22861 0.08476 0.00077 ( 1)  0.019
 216 E   0.23693 0.23693 0.23693 0.23692 0.05221 0.00008 ( 1)  0.011
 217 S   0.22844 0.22844 0.22844 0.22843 0.08545 0.00080 ( 1)  0.019
 218 L   0.21897 0.21897 0.21897 0.21897 0.11975 0.00437 ( 1)  0.030
 219 C   0.22976 0.22976 0.22976 0.22975 0.08038 0.00058 ( 1)  0.018
 220 K   0.23785 0.23785 0.23785 0.23784 0.04854 0.00006 ( 1)  0.010
 221 V   0.23193 0.23193 0.23193 0.23192 0.07193 0.00035 ( 1)  0.016
 222 T   0.23427 0.23427 0.23427 0.23426 0.06275 0.00019 ( 1)  0.014
 223 G   0.22830 0.22830 0.22830 0.22829 0.08600 0.00081 ( 1)  0.019
 224 Y   0.22978 0.22978 0.22978 0.22977 0.08029 0.00060 ( 1)  0.018
 225 T   0.00000 0.00000 0.00000 0.00000 0.54926 0.45074 ( 5)  0.568
 226 L   0.22882 0.22882 0.22882 0.22882 0.08397 0.00073 ( 1)  0.019
 227 E   0.23687 0.23687 0.23687 0.23686 0.05244 0.00008 ( 1)  0.011
 228 H   0.00000 0.00000 0.00000 0.00000 0.72345 0.27655 ( 5)  0.431
 229 I   0.23212 0.23212 0.23212 0.23211 0.07120 0.00034 ( 1)  0.016
 230 K   0.23260 0.23260 0.23260 0.23259 0.06931 0.00030 ( 1)  0.015
 231 P   0.22863 0.22863 0.22863 0.22862 0.08474 0.00076 ( 1)  0.019
 232 C   0.22977 0.22977 0.22977 0.22977 0.08033 0.00058 ( 1)  0.018
 233 L   0.22772 0.22772 0.22772 0.22772 0.08818 0.00093 ( 1)  0.020
 234 M   0.00000 0.00000 0.00000 0.00000 0.00334 0.99666 ( 6)  0.997
 235 D   0.23428 0.23428 0.23428 0.23427 0.06270 0.00018 ( 1)  0.014
 236 L   0.22645 0.22645 0.22645 0.22645 0.09296 0.00123 ( 1)  0.021
 237 H   0.23390 0.23390 0.23390 0.23389 0.06421 0.00020 ( 1)  0.014
 238 K   0.00000 0.00000 0.00000 0.00000 0.00234 0.99766 ( 6)  0.998
 239 T   0.22970 0.22970 0.22970 0.22969 0.08060 0.00061 ( 1)  0.018
 240 Y   0.22974 0.22974 0.22974 0.22973 0.08044 0.00061 ( 1)  0.018
 241 L   0.22782 0.22782 0.22782 0.22782 0.08780 0.00091 ( 1)  0.020
 242 K   0.00000 0.00000 0.00000 0.00000 0.97550 0.02450 ( 5)  0.233
 243 A   0.23370 0.23370 0.23370 0.23369 0.06501 0.00021 ( 1)  0.014
 244 A   0.23277 0.23277 0.23277 0.23277 0.06864 0.00028 ( 1)  0.015
 245 Q   0.22826 0.22826 0.22826 0.22825 0.08612 0.00086 ( 1)  0.019
 246 H   0.23390 0.23390 0.23390 0.23389 0.06421 0.00020 ( 1)  0.014
 247 T   0.23465 0.23465 0.23465 0.23464 0.06125 0.00017 ( 1)  0.013
 248 Q   0.23083 0.23083 0.23083 0.23083 0.07621 0.00046 ( 1)  0.017
 249 Q   0.22501 0.22501 0.22501 0.22501 0.09837 0.00158 ( 1)  0.023
 250 S   0.22807 0.22807 0.22807 0.22807 0.08682 0.00088 ( 1)  0.019
 251 I   0.23961 0.23961 0.23961 0.23960 0.04155 0.00003 ( 1)  0.009
 252 R   0.23066 0.23066 0.23066 0.23066 0.07681 0.00055 ( 1)  0.017
 253 E   0.23693 0.23693 0.23693 0.23692 0.05221 0.00008 ( 1)  0.011
 254 K   0.23436 0.23436 0.23436 0.23435 0.06237 0.00020 ( 1)  0.014
 255 Y   0.22974 0.22974 0.22974 0.22973 0.08044 0.00061 ( 1)  0.018
 256 K   0.23270 0.23270 0.23270 0.23269 0.06891 0.00029 ( 1)  0.015
 257 S   0.23475 0.23475 0.23475 0.23474 0.06084 0.00016 ( 1)  0.013
 258 T   0.00000 0.00000 0.00000 0.00009 0.98566 0.01426 ( 5)  0.225
 259 K   0.23260 0.23260 0.23260 0.23259 0.06931 0.00030 ( 1)  0.015
 260 R   0.00000 0.00000 0.00000 0.00000 0.56429 0.43571 ( 5)  0.556
 261 G   0.00000 0.00000 0.00000 0.00000 0.88707 0.11293 ( 5)  0.303
 262 N   0.00000 0.00000 0.00000 0.00000 0.14455 0.85545 ( 6)  0.886
 263 M   0.00000 0.00000 0.00000 0.00006 0.97126 0.02868 ( 5)  0.236
 264 Y   0.00000 0.00000 0.00000 0.00005 0.91539 0.08457 ( 5)  0.280
 265 I   0.00000 0.00000 0.00000 0.00006 0.95667 0.04327 ( 5)  0.248
 266 Q   0.00000 0.00000 0.00000 0.00000 0.74613 0.25387 ( 5)  0.413
 267 E   0.00000 0.00000 0.00000 0.00000 0.94278 0.05722 ( 5)  0.259
 268 H   0.00000 0.00000 0.00000 0.00000 0.84040 0.15960 ( 5)  0.339

Positively selected sites

	Prob(w>1)  mean w



lnL = -4126.900642

