

TREE # 1

  0  0.0000   4584.334311  x:  0.02566   0.08756   0.03118   0.02840   0.10027   0.04692   0.07356   0.01909   0.08331   0.10869   0.01291   0.10035   0.08727   0.03192   0.09756   0.04857   0.08947   0.06141   0.03052   0.10561   0.09021   0.05156   0.03272   0.07110   0.10720   0.09241   0.04164   0.03688   0.07336   0.01137   0.10015   0.07442   0.08025   0.09915   0.06503   0.06126   0.08431   0.08317   0.04019   0.10729   0.06802   0.04696   0.01392   0.01694   0.02331   0.06906   0.05516   0.09806   0.09924   0.02970   0.09822   0.10361   0.03133   0.10892   0.02088   2.00000   0.90000   0.76945   1.34485  
  1 99.0000   4485.781121  x:  0.01567   0.07592   0.05391   0.04353   0.09425   0.04906   0.07321   0.00756   0.11233   0.10941   0.04476   0.13971   0.07978   0.05654   0.10283   0.04886   0.09678   0.08553   0.03478   0.10239   0.07868   0.04761   0.03114   0.06547   0.09835   0.10444   0.06629   0.03086   0.07348   0.00000   0.08783   0.07004   0.08441   0.09439   0.06506   0.06194   0.08875   0.07649   0.04121   0.09369   0.05973   0.03477   0.02189   0.01844   0.01092   0.06578   0.04237   0.08849   0.08948   0.03780   0.08894   0.09271   0.02772   0.09980   0.03204   2.00339   0.91338   0.75302   1.35077  
  2 1297.2919   4463.730216  x:  0.01085   0.06928   0.05180   0.04290   0.09049   0.04846   0.07049   0.00000   0.11596   0.11108   0.03960   0.14506   0.07478   0.05590   0.10316   0.04832   0.09929   0.08861   0.03472   0.10074   0.07224   0.04617   0.03105   0.06299   0.09371   0.10820   0.06647   0.02781   0.07399   0.00000   0.08091   0.06810   0.08584   0.09211   0.06495   0.06222   0.09014   0.07284   0.04131   0.08573   0.05517   0.02833   0.01833   0.01724   0.00435   0.06477   0.03567   0.08339   0.08451   0.03898   0.08411   0.08664   0.02759   0.09485   0.02988   2.00519   0.92000   0.74356   1.35388  
  3 1062.4705   4451.433334  x:  0.00844   0.06461   0.05157   0.04278   0.08811   0.04792   0.06962   0.00000   0.11654   0.11076   0.03778   0.14616   0.07138   0.05499   0.10315   0.04792   0.09973   0.08830   0.03421   0.09961   0.06761   0.04552   0.03099   0.06169   0.09063   0.10887   0.06581   0.02671   0.07392   0.00000   0.07584   0.06697   0.08592   0.09071   0.06455   0.06198   0.09025   0.07067   0.04107   0.07975   0.05192   0.02475   0.02103   0.01869   0.00000   0.06484   0.03122   0.07996   0.08144   0.03930   0.08092   0.08243   0.02882   0.09156   0.03052   2.00652   0.92555   0.73682   1.35612  
  4 3586.8796   4407.206409  x:  0.00000   0.04562   0.05409   0.04349   0.07935   0.04595   0.06947   0.00000   0.11583   0.10521   0.03843   0.14588   0.05808   0.05347   0.10256   0.04649   0.09799   0.08409   0.03253   0.09515   0.04830   0.04381   0.03039   0.05780   0.07870   0.10689   0.06441   0.02520   0.07236   0.00000   0.05402   0.06323   0.08376   0.08568   0.06224   0.05978   0.08830   0.06323   0.03938   0.05319   0.03831   0.01429   0.01819   0.01578   0.00000   0.06732   0.01516   0.06632   0.07082   0.04162   0.06899   0.06532   0.03362   0.07869   0.03295   2.01229   0.95188   0.70842   1.36559  
  5 6439.8266   4348.581082  x:  0.00000   0.02028   0.04950   0.04013   0.06788   0.04342   0.06905   0.00000   0.11647   0.09551   0.03808   0.14475   0.03931   0.05657   0.09887   0.04428   0.09351   0.08746   0.03479   0.08880   0.01906   0.04158   0.02847   0.05402   0.06252   0.10320   0.06710   0.02262   0.06895   0.00000   0.01829   0.05921   0.07929   0.07878   0.05941   0.05586   0.08363   0.05489   0.03735   0.00730   0.01813   0.01419   0.01561   0.02700   0.00000   0.06518   0.00887   0.04926   0.05906   0.04716   0.05520   0.04050   0.03228   0.06027   0.02325   2.02190   0.99999   0.66125   1.38080  
  6 4592.3055   4340.841706  x:  0.00000   0.01745   0.04879   0.03982   0.06598   0.04288   0.06873   0.00000   0.11719   0.09407   0.03642   0.14512   0.03619   0.05650   0.09768   0.04381   0.09297   0.08822   0.03466   0.08768   0.01488   0.04125   0.02830   0.05346   0.05985   0.10321   0.06700   0.02195   0.06857   0.00000   0.01238   0.05856   0.07879   0.07764   0.05915   0.05521   0.08307   0.05368   0.03764   0.00000   0.01878   0.01450   0.01718   0.02389   0.00000   0.06355   0.01205   0.04735   0.05719   0.04700   0.05323   0.03718   0.03119   0.05732   0.02532   2.02379   0.99999   0.65148   1.38366  
  7 1584.3071   4323.272531  x:  0.00000   0.01563   0.05128   0.04034   0.05858   0.04151   0.07132   0.00000   0.12094   0.08613   0.03125   0.14753   0.02412   0.05524   0.09339   0.04228   0.09118   0.08692   0.03300   0.08378   0.00859   0.04165   0.02880   0.05207   0.04868   0.10370   0.06560   0.02195   0.06882   0.00000   0.00000   0.05682   0.07759   0.07417   0.05905   0.05254   0.08171   0.04920   0.03802   0.00000   0.01216   0.00949   0.03172   0.00251   0.00000   0.05092   0.02371   0.04176   0.04912   0.05575   0.04628   0.02887   0.03227   0.04545   0.01391   2.03349   0.99999   0.59921   1.39830  
  8 1316.7787   4304.602538  x:  0.00000   0.01933   0.05825   0.04274   0.05048   0.04026   0.07693   0.00000   0.12609   0.07632   0.02431   0.15144   0.01131   0.05137   0.08882   0.04055   0.09002   0.08108   0.02878   0.07970   0.00931   0.04292   0.03021   0.05069   0.03625   0.10554   0.06196   0.02315   0.07078   0.00000   0.00069   0.05531   0.07742   0.07117   0.05958   0.04978   0.08138   0.04430   0.03908   0.00000   0.01397   0.00000   0.02871   0.00487   0.00000   0.03604   0.03505   0.03750   0.03950   0.06547   0.03887   0.02446   0.03518   0.03335   0.01627   2.04585   0.99999   0.53037   1.41670  
  9 1166.8532   4289.168173  x:  0.00000   0.02248   0.06507   0.04527   0.04312   0.03918   0.08157   0.00000   0.13100   0.06845   0.01762   0.15583   0.00000   0.04726   0.08535   0.03907   0.08979   0.07529   0.02456   0.07611   0.01047   0.04391   0.03162   0.04906   0.02515   0.10797   0.05825   0.02391   0.07287   0.00000   0.00245   0.05373   0.07782   0.06843   0.06011   0.04765   0.08169   0.03950   0.03997   0.00000   0.01496   0.00034   0.02632   0.00607   0.00000   0.02341   0.04207   0.03336   0.03036   0.07410   0.03182   0.02069   0.03884   0.02267   0.01881   2.05654   0.99999   0.47055   1.43269  
 10 16667.5283   4289.168173  x:  0.00000   0.02248   0.06507   0.04527   0.04312   0.03918   0.08157   0.00000   0.13100   0.06845   0.01762   0.15583   0.00000   0.04726   0.08535   0.03907   0.08979   0.07529   0.02456   0.07611   0.01047   0.04391   0.03162   0.04906   0.02515   0.10797   0.05825   0.02391   0.07287   0.00000   0.00245   0.05373   0.07782   0.06843   0.06011   0.04765   0.08169   0.03950   0.03997   0.00000   0.01496   0.00034   0.02632   0.00607   0.00000   0.02341   0.04207   0.03336   0.03036   0.07410   0.03182   0.02069   0.03884   0.02267   0.01881   2.05654   0.99999   0.47055   1.43269  
 11 1786.6175   4282.313376  x:  0.00000   0.01874   0.06616   0.04652   0.04267   0.03988   0.08221   0.00000   0.13705   0.06768   0.02244   0.16333   0.00178   0.05266   0.08674   0.03943   0.09150   0.08131   0.02673   0.07559   0.00767   0.04264   0.03070   0.04794   0.02626   0.11052   0.06331   0.02172   0.07261   0.00000   0.00136   0.05290   0.07868   0.06747   0.05991   0.04831   0.08258   0.03873   0.03966   0.00000   0.01448   0.06243   0.02528   0.01416   0.00000   0.03006   0.03699   0.03190   0.03027   0.07262   0.03152   0.01957   0.03678   0.02401   0.02523   2.05765   0.99999   0.46344   1.43428  
 12 2350.2874   4250.357024  x:  0.00000   0.00332   0.06987   0.05062   0.04118   0.04194   0.08405   0.00000   0.15731   0.06598   0.03533   0.18867   0.00315   0.06914   0.09117   0.04039   0.09742   0.10072   0.03292   0.07397   0.00000   0.03861   0.02800   0.04433   0.02941   0.11940   0.07944   0.01473   0.07202   0.00000   0.00048   0.05039   0.08175   0.06444   0.05937   0.05058   0.08576   0.03630   0.04053   0.00000   0.01319   0.05946   0.02198   0.01370   0.00000   0.04265   0.01889   0.02930   0.02815   0.06770   0.02893   0.01945   0.03007   0.02975   0.03586   2.06165   0.99999   0.43750   1.43986  
 13 673.8203   4235.008170  x:  0.00000   0.00000   0.07310   0.05391   0.03972   0.04326   0.08549   0.00000   0.17536   0.06495   0.04349   0.21143   0.00016   0.08163   0.09446   0.04069   0.10267   0.11666   0.03748   0.07312   0.02217   0.03603   0.02690   0.04161   0.03088   0.12748   0.09222   0.01037   0.07170   0.00000   0.00188   0.04844   0.08444   0.06195   0.05892   0.05234   0.08857   0.03499   0.04160   0.00000   0.01255   0.05778   0.02033   0.01395   0.00000   0.04933   0.00280   0.02811   0.02656   0.06341   0.02695   0.02001   0.02519   0.03234   0.04108   2.06584   0.99999   0.41000   1.44545  
 14 1806.4103   4234.079793  x:  0.00000   0.00069   0.07324   0.05405   0.03966   0.04331   0.08556   0.00000   0.17613   0.06490   0.04381   0.21240   0.00000   0.08215   0.09459   0.04070   0.10289   0.11732   0.03764   0.07307   0.02267   0.03592   0.02685   0.04149   0.03095   0.12782   0.09274   0.01022   0.07169   0.00000   0.00190   0.04836   0.08455   0.06184   0.05890   0.05242   0.08869   0.03496   0.04165   0.00000   0.01253   0.05770   0.02027   0.01396   0.00000   0.04959   0.00258   0.02808   0.02650   0.06323   0.02688   0.02003   0.02501   0.03244   0.04128   2.06602   0.99999   0.40878   1.44569  
 15 2650.7917   4211.470217  x:  0.00000   0.00485   0.08279   0.06382   0.03459   0.04588   0.09043   0.00000   0.23627   0.06140   0.05923   0.28880   0.00000   0.11568   0.10260   0.04027   0.11982   0.16424   0.04341   0.06867   0.06142   0.02781   0.02559   0.03311   0.03410   0.15476   0.12865   0.00885   0.07109   0.00000   0.00210   0.04315   0.09257   0.05449   0.05742   0.05709   0.09752   0.03354   0.04522   0.00000   0.01464   0.05389   0.01977   0.01688   0.00000   0.05819   0.06123   0.02965   0.02479   0.05020   0.02301   0.02275   0.01710   0.03308   0.04562   2.08249   0.99999   0.29860   1.46637  
 16 1629.0047   4201.918561  x:  0.00000   0.00454   0.08225   0.06298   0.03398   0.04415   0.09156   0.00000   0.24695   0.05956   0.05251   0.30319   0.00000   0.11543   0.10097   0.03887   0.12143   0.16829   0.03804   0.06670   0.05907   0.02900   0.02758   0.03431   0.03306   0.15862   0.12999   0.01465   0.07099   0.00000   0.00000   0.04420   0.09232   0.05486   0.05717   0.05599   0.09765   0.03472   0.04383   0.00000   0.01271   0.05474   0.02209   0.01446   0.00000   0.05160   0.05821   0.02978   0.02644   0.05139   0.02629   0.02075   0.02786   0.02905   0.03932   2.08778   0.99999   0.26448   1.47058  
 17 456.6422   4176.074314  x:  0.00000   0.00316   0.07654   0.05335   0.03090   0.03496   0.09773   0.00000   0.28353   0.04720   0.01220   0.35376   0.00000   0.10370   0.09114   0.03105   0.12417   0.17485   0.01330   0.05925   0.04432   0.03105   0.02967   0.03730   0.02723   0.16916   0.12659   0.01093   0.07000   0.00000   0.02126   0.04803   0.08868   0.05707   0.05568   0.04900   0.09479   0.03644   0.03751   0.00000   0.01517   0.05834   0.02243   0.01214   0.00000   0.02211   0.04477   0.02853   0.02765   0.05612   0.02859   0.01635   0.02620   0.01640   0.01469   2.11049   0.94417   0.12761   1.48450  
 18 1139.8685   4170.135134  x:  0.00000   0.00301   0.07415   0.05088   0.03002   0.03339   0.09968   0.00000   0.28902   0.04236   0.00000   0.36193   0.00000   0.09631   0.08839   0.03067   0.12364   0.17211   0.01063   0.05876   0.04336   0.03132   0.02925   0.03753   0.02612   0.16950   0.12158   0.01237   0.06896   0.00000   0.01611   0.04733   0.08661   0.05681   0.05471   0.04754   0.09295   0.03596   0.03682   0.00000   0.01359   0.05813   0.02221   0.01256   0.00000   0.02375   0.04289   0.02860   0.02674   0.05671   0.02770   0.01775   0.02624   0.02132   0.02272   2.11657   0.93100   0.09412   1.48747  
 19 768.8555   4167.807073  x:  0.00000   0.00294   0.07234   0.04917   0.02930   0.03256   0.10105   0.00000   0.29097   0.03942   0.00479   0.36517   0.00000   0.09029   0.08674   0.03065   0.12272   0.16869   0.00968   0.05874   0.04311   0.03160   0.02890   0.03772   0.02548   0.16889   0.11704   0.01338   0.06819   0.00000   0.01136   0.04680   0.08496   0.05666   0.05408   0.04658   0.09143   0.03559   0.03648   0.00000   0.01273   0.05799   0.02209   0.01274   0.00000   0.02479   0.04190   0.02867   0.02614   0.05716   0.02707   0.01840   0.02648   0.02294   0.02486   2.12038   0.92136   0.07591   1.48888  
 20 792.7448   4166.177198  x:  0.00000   0.00292   0.07153   0.04935   0.02887   0.03314   0.10274   0.00000   0.29452   0.03647   0.00349   0.37043   0.00000   0.08616   0.08652   0.03198   0.12259   0.16675   0.01474   0.05933   0.04331   0.03078   0.02792   0.03668   0.02663   0.16858   0.11397   0.01364   0.06714   0.00000   0.00000   0.04534   0.08373   0.05550   0.05348   0.04675   0.09028   0.03463   0.03720   0.00000   0.01280   0.05803   0.02166   0.01228   0.00000   0.02882   0.04121   0.02839   0.02547   0.05580   0.02621   0.01765   0.02731   0.01994   0.01967   2.12545   0.90961   0.07241   1.49041  
 21 205.4018   4164.829875  x:  0.00000   0.00299   0.07159   0.05112   0.02985   0.03484   0.10608   0.00000   0.30014   0.03414   0.00521   0.37857   0.00000   0.08177   0.08799   0.03403   0.12212   0.16345   0.01995   0.06067   0.04287   0.03062   0.02840   0.03593   0.02884   0.16795   0.11059   0.01988   0.06713   0.00000   0.00000   0.04522   0.08310   0.05522   0.05387   0.04789   0.08933   0.03447   0.03894   0.00000   0.01117   0.05792   0.02366   0.01183   0.00000   0.03146   0.04174   0.02906   0.02654   0.05404   0.02810   0.01794   0.03739   0.02229   0.02548   2.13445   0.90382   0.08009   1.49297  
 22 83.8366   4163.988650  x:  0.00000   0.00287   0.07256   0.05282   0.03132   0.03583   0.10967   0.00000   0.30398   0.03388   0.00510   0.38443   0.00000   0.07852   0.09093   0.03694   0.12079   0.15763   0.02304   0.06286   0.04091   0.03097   0.02884   0.03637   0.02928   0.16609   0.10659   0.02008   0.06746   0.00000   0.00000   0.04570   0.08358   0.05513   0.05498   0.04978   0.08911   0.03501   0.04033   0.00000   0.01606   0.05786   0.02298   0.01430   0.00000   0.03597   0.04082   0.02953   0.02659   0.05397   0.02786   0.01955   0.03986   0.02357   0.02447   2.14572   0.91395   0.07923   1.49601  
 23 92.3112   4163.171113  x:  0.00000   0.00279   0.07324   0.05378   0.03127   0.03509   0.11257   0.00000   0.30869   0.03323   0.00483   0.39184   0.00000   0.07629   0.09380   0.03884   0.11874   0.15104   0.02409   0.06396   0.03934   0.03028   0.02810   0.03595   0.02822   0.16371   0.10269   0.01803   0.06697   0.00000   0.00000   0.04506   0.08392   0.05404   0.05508   0.05060   0.08876   0.03461   0.04016   0.00000   0.00965   0.05847   0.02133   0.01166   0.00000   0.03717   0.04048   0.02896   0.02536   0.05326   0.02615   0.01836   0.03871   0.02276   0.02419   2.16064   0.92351   0.07881   1.50022  
 24 144.0639   4162.027437  x:  0.00000   0.00264   0.07231   0.05340   0.02810   0.03080   0.11511   0.00000   0.31998   0.02958   0.00471   0.41009   0.00000   0.07365   0.09633   0.03907   0.11404   0.13991   0.02348   0.06231   0.03721   0.02781   0.02556   0.03326   0.02620   0.15901   0.09684   0.01668   0.06383   0.00000   0.00000   0.04135   0.08262   0.05006   0.05217   0.04869   0.08693   0.03191   0.03723   0.00000   0.01361   0.05908   0.02185   0.00950   0.00000   0.03403   0.03837   0.02656   0.02328   0.05024   0.02447   0.01509   0.03659   0.02011   0.02659   2.19507   0.92892   0.08035   1.51060  
 25 163.7875   4161.105884  x:  0.00000   0.00240   0.07059   0.05203   0.02697   0.02805   0.11550   0.00000   0.32954   0.02763   0.00454   0.42646   0.00000   0.07281   0.09652   0.03816   0.10996   0.13171   0.02315   0.05981   0.03497   0.02749   0.02527   0.03224   0.02688   0.15460   0.09382   0.01654   0.06125   0.00000   0.00000   0.03961   0.08083   0.04776   0.04966   0.04645   0.08506   0.03097   0.03559   0.00000   0.01134   0.05883   0.02252   0.01597   0.00000   0.03222   0.03593   0.02622   0.02406   0.04851   0.02535   0.01901   0.03336   0.02174   0.02437   2.22948   0.93006   0.08239   1.52109  
 26 294.8687   4159.516366  x:  0.00000   0.00199   0.06716   0.04862   0.03083   0.02933   0.11252   0.00000   0.34019   0.02982   0.00463   0.44813   0.00000   0.07393   0.09261   0.03605   0.10480   0.12348   0.02435   0.05641   0.03199   0.03068   0.02846   0.03489   0.02976   0.14741   0.09406   0.01742   0.06013   0.00000   0.00000   0.04258   0.07787   0.04955   0.04887   0.04447   0.08253   0.03364   0.03773   0.00000   0.01263   0.06036   0.01995   0.00999   0.00000   0.03401   0.03273   0.02963   0.02673   0.04983   0.02660   0.02028   0.02620   0.02571   0.02220   2.29068   0.92767   0.08504   1.53963  
 27 248.8904   4157.526923  x:  0.00000   0.00146   0.06539   0.04641   0.03455   0.03440   0.10617   0.00000   0.34594   0.03432   0.00483   0.46731   0.00000   0.07677   0.08629   0.03533   0.10143   0.12048   0.02803   0.05661   0.02736   0.03163   0.02839   0.03773   0.02744   0.13999   0.09838   0.01450   0.06304   0.00000   0.00000   0.04687   0.07657   0.05540   0.05235   0.04632   0.08183   0.03552   0.04091   0.00000   0.01172   0.06022   0.02155   0.01605   0.00000   0.03550   0.02851   0.02984   0.02427   0.05412   0.02411   0.01425   0.02357   0.01943   0.02624   2.37495   0.92345   0.08664   1.56473  
 28 335.1592   4154.583469  x:  0.00000   0.00068   0.06816   0.04897   0.03201   0.03836   0.09694   0.00000   0.34475   0.03650   0.00503   0.48423   0.00000   0.08171   0.08147   0.03675   0.10108   0.12605   0.03103   0.06155   0.02001   0.02837   0.02275   0.03665   0.02205   0.13438   0.10674   0.00718   0.06905   0.00000   0.00000   0.04625   0.07886   0.06078   0.05724   0.05064   0.08469   0.03252   0.03994   0.00000   0.01247   0.06253   0.02129   0.01244   0.00000   0.03430   0.02234   0.02446   0.02036   0.05752   0.02278   0.02419   0.02745   0.02185   0.02570   2.50348   0.91749   0.08856   1.60253  
 29 477.3208   4151.379319  x:  0.00000   0.00000   0.07249   0.05370   0.02737   0.03808   0.09295   0.00000   0.33816   0.03513   0.00505   0.49044   0.00000   0.08587   0.08356   0.03844   0.10346   0.13586   0.02962   0.06570   0.01354   0.02809   0.02244   0.03426   0.02620   0.13469   0.11367   0.01230   0.07246   0.00000   0.00000   0.04209   0.08251   0.06084   0.05806   0.05216   0.08853   0.03005   0.03731   0.00000   0.01231   0.06375   0.01964   0.01309   0.00000   0.03490   0.01624   0.02488   0.02348   0.05619   0.02218   0.02066   0.02330   0.02446   0.02491   2.60916   0.91558   0.08926   1.63335  
 30 657.5200   4151.379319  x:  0.00000   0.00000   0.07249   0.05370   0.02737   0.03808   0.09295   0.00000   0.33816   0.03513   0.00505   0.49044   0.00000   0.08587   0.08356   0.03844   0.10346   0.13586   0.02962   0.06570   0.01354   0.02809   0.02244   0.03426   0.02620   0.13469   0.11367   0.01230   0.07246   0.00000   0.00000   0.04209   0.08251   0.06084   0.05806   0.05216   0.08853   0.03005   0.03731   0.00000   0.01231   0.06375   0.01964   0.01309   0.00000   0.03490   0.01624   0.02488   0.02348   0.05619   0.02218   0.02066   0.02330   0.02446   0.02491   2.60916   0.91558   0.08926   1.63335  
 31 507.6386   4149.824781  x:  0.00000   0.01049   0.07256   0.05359   0.02757   0.03793   0.09346   0.00000   0.33779   0.03492   0.00559   0.48988   0.00000   0.08575   0.08401   0.03847   0.10359   0.13610   0.02943   0.06554   0.01172   0.02834   0.02281   0.03437   0.02646   0.13504   0.11357   0.01190   0.07218   0.00000   0.00000   0.04217   0.08248   0.06050   0.05778   0.05192   0.08846   0.03067   0.03746   0.00000   0.01215   0.06068   0.01962   0.01259   0.00000   0.03534   0.01437   0.02518   0.02349   0.05595   0.02241   0.02040   0.02334   0.02490   0.02585   2.60932   0.91567   0.08974   1.63331  
 32 816.1252   4143.859033  x:  0.00000   0.00994   0.07214   0.05283   0.02893   0.03692   0.09689   0.00000   0.33526   0.03355   0.00833   0.48604   0.00000   0.08490   0.08699   0.03861   0.10449   0.13780   0.02829   0.06455   0.00000   0.02995   0.02506   0.03519   0.02795   0.13741   0.11289   0.00957   0.07031   0.00000   0.00000   0.04269   0.08228   0.05826   0.05598   0.05032   0.08799   0.03182   0.03787   0.00000   0.01203   0.03935   0.01956   0.00980   0.00000   0.03851   0.00269   0.02641   0.02418   0.05421   0.02436   0.01824   0.02359   0.02740   0.03157   2.61044   0.91597   0.09301   1.63307  
 33 364.0813   4136.826318  x:  0.00000   0.00978   0.07151   0.05179   0.03100   0.03535   0.10225   0.00000   0.33109   0.03146   0.01093   0.47966   0.00000   0.08355   0.09150   0.03880   0.10602   0.14062   0.02742   0.06367   0.00067   0.03267   0.02820   0.03667   0.02933   0.14114   0.11177   0.00718   0.06748   0.00000   0.00000   0.04343   0.08197   0.05492   0.05329   0.04800   0.08726   0.03338   0.03829   0.00000   0.01205   0.00433   0.01942   0.00824   0.00000   0.04298   0.00560   0.02796   0.02553   0.05166   0.02697   0.01542   0.02384   0.03019   0.03888   2.61231   0.91732   0.09719   1.63273  
 34 664.4097   4136.604374  x:  0.00000   0.00980   0.07148   0.05180   0.03113   0.03520   0.10277   0.00000   0.33054   0.03134   0.01057   0.47880   0.00000   0.08342   0.09186   0.03879   0.10620   0.14094   0.02741   0.06365   0.00158   0.03269   0.02812   0.03674   0.02918   0.14152   0.11163   0.00788   0.06729   0.00000   0.00000   0.04345   0.08194   0.05473   0.05314   0.04790   0.08721   0.03338   0.03805   0.00000   0.01203   0.00276   0.01940   0.00951   0.00000   0.04324   0.00456   0.02754   0.02581   0.05154   0.02716   0.01530   0.02379   0.02976   0.03903   2.61257   0.91774   0.09721   1.63271  
 35 199.5721   4136.298858  x:  0.00000   0.00987   0.07133   0.05172   0.03161   0.03465   0.10472   0.00000   0.32851   0.03083   0.00955   0.47558   0.00000   0.08292   0.09323   0.03877   0.10685   0.14212   0.02715   0.06343   0.00021   0.03274   0.02788   0.03696   0.02877   0.14295   0.11112   0.00931   0.06650   0.00000   0.00000   0.04356   0.08185   0.05397   0.05255   0.04751   0.08698   0.03343   0.03727   0.00000   0.01202   0.00222   0.01932   0.01147   0.00000   0.04427   0.00546   0.02628   0.02679   0.05104   0.02791   0.01473   0.02364   0.02843   0.03981   2.61354   0.91920   0.09746   1.63261  
 36 131.5723   4135.531496  x:  0.00000   0.00992   0.07074   0.05112   0.03323   0.03257   0.11178   0.00000   0.32123   0.02888   0.00778   0.46400   0.00000   0.08112   0.09830   0.03871   0.10916   0.14634   0.02636   0.06268   0.00130   0.03355   0.02807   0.03787   0.02800   0.14811   0.10926   0.01060   0.06348   0.00000   0.00000   0.04399   0.08147   0.05092   0.05024   0.04585   0.08609   0.03388   0.03514   0.00000   0.01200   0.00388   0.01911   0.01133   0.00000   0.04818   0.00508   0.02326   0.02947   0.04904   0.03049   0.01267   0.02331   0.02545   0.04376   2.61704   0.92379   0.09928   1.63223  
 37 317.4025   4134.837515  x:  0.00000   0.00995   0.07024   0.05079   0.03261   0.03074   0.11826   0.00000   0.31152   0.02840   0.00666   0.44776   0.00000   0.07948   0.10183   0.03818   0.11138   0.15072   0.02570   0.06216   0.00116   0.03188   0.02558   0.03725   0.02620   0.15318   0.10696   0.00923   0.06160   0.00000   0.00000   0.04360   0.08102   0.04991   0.04989   0.04605   0.08519   0.03266   0.03348   0.00000   0.01169   0.00307   0.01888   0.00879   0.00000   0.04782   0.00483   0.02216   0.02827   0.04911   0.02914   0.01806   0.02298   0.02222   0.04136   2.62209   0.92917   0.09896   1.63179  
 38 142.2577   4134.036271  x:  0.00000   0.00988   0.06946   0.05036   0.03093   0.02927   0.12495   0.00000   0.29791   0.02840   0.00995   0.42417   0.00000   0.07775   0.10451   0.03703   0.11348   0.15548   0.02447   0.06143   0.00114   0.03042   0.02458   0.03603   0.02609   0.15864   0.10415   0.00652   0.06039   0.00000   0.00000   0.04269   0.08019   0.04983   0.05020   0.04656   0.08397   0.03139   0.03383   0.00000   0.01159   0.00378   0.01879   0.01165   0.00000   0.04518   0.00474   0.02496   0.02498   0.04951   0.02591   0.01618   0.02309   0.02449   0.03746   2.62962   0.93458   0.09919   1.63108  
 39 214.3804   4133.574392  x:  0.00000   0.00988   0.06898   0.05051   0.03018   0.02950   0.12704   0.00000   0.28900   0.02866   0.00980   0.40779   0.00000   0.07714   0.10404   0.03598   0.11406   0.15735   0.02362   0.06109   0.00114   0.03000   0.02512   0.03525   0.02676   0.16057   0.10283   0.01065   0.06100   0.00000   0.00000   0.04197   0.07954   0.05088   0.05081   0.04696   0.08332   0.03108   0.03475   0.00000   0.01184   0.00347   0.01867   0.00930   0.00000   0.04258   0.00466   0.02565   0.02435   0.04992   0.02495   0.01370   0.02300   0.02624   0.03485   2.63507   0.93642   0.09927   1.63055  
 40 225.4093   4132.830317  x:  0.00000   0.00988   0.06826   0.05010   0.02987   0.03172   0.12513   0.00000   0.27383   0.02907   0.00697   0.37705   0.00000   0.07749   0.09859   0.03409   0.11324   0.15745   0.02265   0.06079   0.00110   0.03120   0.02830   0.03495   0.02866   0.16011   0.10196   0.00832   0.06358   0.00000   0.00000   0.04122   0.07836   0.05287   0.05167   0.04671   0.08255   0.03227   0.03651   0.00000   0.01143   0.00351   0.01868   0.01003   0.00000   0.03946   0.00463   0.02392   0.02759   0.05003   0.02822   0.01512   0.02266   0.02775   0.03479   2.64611   0.93537   0.10008   1.62943  
 41 160.0301   4132.302967  x:  0.00000   0.00986   0.06829   0.05014   0.03074   0.03347   0.12013   0.00000   0.26343   0.02960   0.01247   0.35167   0.00000   0.07930   0.09258   0.03342   0.11149   0.15528   0.02338   0.06102   0.00117   0.03117   0.02682   0.03584   0.02701   0.15711   0.10295   0.00879   0.06511   0.00000   0.00000   0.04172   0.07799   0.05325   0.05134   0.04599   0.08268   0.03254   0.03510   0.00000   0.01247   0.00334   0.01882   0.00984   0.00000   0.04234   0.00479   0.02311   0.02695   0.04954   0.02810   0.01508   0.02288   0.02418   0.03809   2.65669   0.93507   0.09862   1.62844  
 42 147.2019   4132.158732  x:  0.00000   0.00985   0.06848   0.05010   0.03121   0.03311   0.11775   0.00000   0.26183   0.02955   0.01067   0.34473   0.00000   0.08007   0.09139   0.03382   0.11078   0.15383   0.02391   0.06111   0.00110   0.03104   0.02580   0.03605   0.02653   0.15537   0.10354   0.00837   0.06423   0.00000   0.00000   0.04202   0.07822   0.05218   0.05063   0.04573   0.08294   0.03206   0.03432   0.00000   0.01035   0.00320   0.01854   0.00957   0.00000   0.04394   0.00473   0.02402   0.02606   0.04915   0.02707   0.01410   0.02283   0.02452   0.03862   2.66078   0.93624   0.09775   1.62806  
 43 77.4960   4132.076803  x:  0.00000   0.00988   0.06858   0.04998   0.03133   0.03242   0.11596   0.00000   0.26170   0.02930   0.00944   0.34045   0.00000   0.08049   0.09127   0.03432   0.11016   0.15243   0.02415   0.06103   0.00106   0.03109   0.02557   0.03599   0.02664   0.15381   0.10391   0.00830   0.06288   0.00000   0.00000   0.04213   0.07846   0.05095   0.04991   0.04551   0.08309   0.03169   0.03413   0.00000   0.01224   0.00319   0.01848   0.00958   0.00000   0.04466   0.00465   0.02458   0.02569   0.04880   0.02659   0.01421   0.02272   0.02546   0.03865   2.66432   0.93787   0.09735   1.62772  
 44 72.3877   4131.979995  x:  0.00000   0.00985   0.06842   0.04964   0.03082   0.03124   0.11383   0.00000   0.26310   0.02871   0.01075   0.33562   0.00000   0.08050   0.09236   0.03513   0.10910   0.15000   0.02402   0.06059   0.00108   0.03120   0.02629   0.03548   0.02723   0.15134   0.10406   0.00910   0.06051   0.00000   0.00000   0.04192   0.07864   0.04922   0.04902   0.04528   0.08304   0.03152   0.03451   0.00000   0.01144   0.00330   0.01853   0.00967   0.00000   0.04414   0.00467   0.02397   0.02615   0.04825   0.02700   0.01525   0.02245   0.02624   0.03788   2.67054   0.94061   0.09790   1.62706  
 45 51.2712   4131.918810  x:  0.00000   0.00987   0.06806   0.04929   0.03044   0.03098   0.11292   0.00000   0.26481   0.02858   0.01077   0.33292   0.00000   0.07987   0.09342   0.03552   0.10842   0.14827   0.02389   0.06017   0.00106   0.03079   0.02626   0.03514   0.02686   0.14965   0.10363   0.00833   0.05962   0.00000   0.00000   0.04165   0.07850   0.04893   0.04902   0.04526   0.08268   0.03163   0.03449   0.00000   0.01163   0.00303   0.01838   0.00932   0.00000   0.04294   0.00465   0.02317   0.02631   0.04812   0.02715   0.01392   0.02243   0.02486   0.03713   2.67612   0.94187   0.09891   1.62643  
 46 47.6070   4131.819785  x:  0.00000   0.00983   0.06707   0.04889   0.03094   0.03187   0.11330   0.00000   0.26868   0.02871   0.01019   0.32935   0.00000   0.07770   0.09560   0.03557   0.10756   0.14581   0.02392   0.05946   0.00111   0.03065   0.02614   0.03547   0.02634   0.14744   0.10198   0.00881   0.06042   0.00000   0.00000   0.04148   0.07767   0.05016   0.04962   0.04501   0.08153   0.03216   0.03415   0.00000   0.01154   0.00321   0.01839   0.00962   0.00000   0.04217   0.00466   0.02486   0.02542   0.04812   0.02719   0.01453   0.02292   0.02425   0.03854   2.68906   0.94312   0.10074   1.62498  
 47 42.7419   4131.682467  x:  0.00000   0.00988   0.06665   0.04919   0.03129   0.03228   0.11518   0.00000   0.27388   0.02888   0.01040   0.32619   0.00000   0.07581   0.09697   0.03493   0.10708   0.14408   0.02498   0.05962   0.00108   0.03094   0.02526   0.03584   0.02672   0.14606   0.09999   0.00830   0.06277   0.00000   0.00000   0.04158   0.07684   0.05172   0.05017   0.04509   0.08066   0.03124   0.03393   0.00000   0.01154   0.00311   0.01855   0.00944   0.00000   0.04366   0.00467   0.02280   0.02638   0.04862   0.02613   0.01441   0.02187   0.02609   0.03867   2.71074   0.94364   0.09950   1.62272  
 48 60.2640   4131.303863  x:  0.00000   0.00991   0.06779   0.05045   0.03057   0.02964   0.12077   0.00000   0.28499   0.02685   0.01036   0.32149   0.00000   0.07615   0.09570   0.03311   0.10711   0.14352   0.02584   0.06134   0.00097   0.03163   0.02683   0.03462   0.02746   0.14647   0.09780   0.00827   0.06480   0.00000   0.00000   0.04134   0.07640   0.05072   0.04870   0.04502   0.08095   0.03066   0.03479   0.00000   0.01165   0.00315   0.01728   0.00952   0.00000   0.04609   0.00464   0.02454   0.02581   0.04839   0.02854   0.01429   0.02368   0.02453   0.03559   2.77764   0.93832   0.09536   1.61566  
 49 97.1009   4130.786462  x:  0.00000   0.00977   0.06952   0.05060   0.03103   0.02966   0.12670   0.00000   0.29631   0.02596   0.00976   0.31844   0.00000   0.08042   0.09146   0.03442   0.10857   0.14559   0.02473   0.06213   0.00104   0.03003   0.02663   0.03505   0.02637   0.14950   0.09930   0.00874   0.06275   0.00000   0.00000   0.04166   0.07760   0.04884   0.04850   0.04559   0.08287   0.03318   0.03485   0.00000   0.01160   0.00333   0.02253   0.00980   0.00000   0.04319   0.00471   0.02427   0.02580   0.04826   0.02646   0.01457   0.02158   0.02488   0.03667   2.87498   0.93238   0.09453   1.60509  
 50 247.1951   4130.323283  x:  0.00000   0.00973   0.07030   0.05018   0.03145   0.03167   0.12901   0.00000   0.30234   0.02686   0.00991   0.31844   0.00000   0.08442   0.08799   0.03648   0.11031   0.14863   0.02393   0.06172   0.00113   0.02987   0.02567   0.03616   0.02655   0.15257   0.10279   0.00890   0.06046   0.00000   0.00000   0.04235   0.07926   0.04943   0.05018   0.04645   0.08460   0.03318   0.03446   0.00000   0.01170   0.00343   0.01694   0.00994   0.00000   0.04064   0.00477   0.02334   0.02651   0.04904   0.02578   0.01485   0.02275   0.02583   0.03852   2.95769   0.93176   0.09507   1.59598  
 51 385.5094   4129.853417  x:  0.00000   0.00987   0.06934   0.04966   0.03018   0.03338   0.12567   0.00000   0.30204   0.02788   0.00966   0.32272   0.00000   0.08643   0.08637   0.03660   0.11185   0.15282   0.02389   0.06027   0.00106   0.03220   0.02581   0.03604   0.02775   0.15525   0.10776   0.00839   0.06054   0.00000   0.00000   0.04239   0.08060   0.05296   0.05253   0.04671   0.08529   0.02991   0.03445   0.00000   0.01156   0.00326   0.01996   0.00970   0.00000   0.04267   0.00477   0.02429   0.02620   0.05029   0.02887   0.01418   0.02379   0.02456   0.03758   3.04784   0.93646   0.09685   1.58584  
 52 261.8413   4129.293061  x:  0.00000   0.00981   0.06693   0.04949   0.02836   0.03183   0.11709   0.00000   0.29432   0.02673   0.00928   0.33140   0.00000   0.08424   0.08792   0.03301   0.11183   0.15666   0.02321   0.05930   0.00108   0.03155   0.02652   0.03461   0.02596   0.15653   0.11118   0.00860   0.06321   0.00000   0.00000   0.04083   0.07983   0.05389   0.05107   0.04483   0.08392   0.03179   0.03469   0.00000   0.01165   0.00338   0.01806   0.00998   0.00000   0.04589   0.00477   0.02392   0.02549   0.04936   0.02675   0.01473   0.02038   0.02469   0.03586   3.15431   0.93739   0.10138   1.57349  
 53 298.1896   4128.900694  x:  0.00000   0.00973   0.06642   0.04989   0.02973   0.03120   0.11071   0.00000   0.28449   0.02814   0.00944   0.33971   0.00000   0.08033   0.09106   0.03191   0.11082   0.15734   0.02329   0.06022   0.00108   0.02943   0.02580   0.03541   0.02620   0.15575   0.11047   0.00841   0.06450   0.00000   0.00000   0.04068   0.07807   0.05164   0.04889   0.04467   0.08233   0.03312   0.03439   0.00000   0.01154   0.00329   0.01920   0.00980   0.00000   0.04386   0.00475   0.02307   0.02678   0.04824   0.02566   0.01467   0.02539   0.02531   0.03648   3.23194   0.93783   0.09871   1.56454  
 54 293.0945   4128.631024  x:  0.00000   0.00975   0.06725   0.05007   0.03099   0.03204   0.10792   0.00000   0.27552   0.02976   0.00979   0.34623   0.00000   0.07734   0.09378   0.03373   0.10960   0.15564   0.02368   0.06108   0.00101   0.03009   0.02573   0.03585   0.02695   0.15390   0.10740   0.00841   0.06342   0.00000   0.00000   0.04154   0.07688   0.04965   0.04857   0.04553   0.08150   0.03177   0.03402   0.00000   0.01150   0.00325   0.01861   0.00972   0.00000   0.04147   0.00475   0.02400   0.02588   0.04810   0.02736   0.01434   0.02180   0.02446   0.03762   3.28341   0.93696   0.09483   1.55848  
 55 237.7070   4128.524086  x:  0.00000   0.00977   0.06808   0.04977   0.03005   0.03251   0.10874   0.00000   0.27015   0.02947   0.00960   0.34947   0.00000   0.07721   0.09454   0.03569   0.10862   0.15262   0.02375   0.06067   0.00101   0.03130   0.02595   0.03501   0.02599   0.15189   0.10417   0.00870   0.06109   0.00000   0.00000   0.04189   0.07725   0.05013   0.04996   0.04565   0.08190   0.03109   0.03422   0.00000   0.01152   0.00330   0.01879   0.00985   0.00000   0.04280   0.00478   0.02336   0.02573   0.04875   0.02658   0.01452   0.02278   0.02474   0.03747   3.30411   0.93529   0.09509   1.55566  
 56 82.6004   4128.493645  x:  0.00000   0.00972   0.06820   0.04974   0.03011   0.03217   0.11013   0.00000   0.26811   0.02932   0.00967   0.35074   0.00000   0.07822   0.09426   0.03573   0.10821   0.15067   0.02414   0.06036   0.00105   0.03039   0.02557   0.03557   0.02661   0.15079   0.10317   0.00862   0.06102   0.00000   0.00000   0.04174   0.07801   0.05073   0.05013   0.04541   0.08250   0.03218   0.03424   0.00000   0.01153   0.00328   0.01872   0.00979   0.00000   0.04329   0.00476   0.02391   0.02637   0.04886   0.02679   0.01447   0.02254   0.02461   0.03700   3.30998   0.93600   0.09518   1.55461  
 57 30.6727   4128.480705  x:  0.00000   0.00973   0.06800   0.04973   0.03061   0.03179   0.11137   0.00000   0.26706   0.02920   0.00962   0.35144   0.00000   0.07897   0.09371   0.03519   0.10806   0.14930   0.02436   0.06030   0.00103   0.03035   0.02588   0.03549   0.02647   0.15009   0.10312   0.00857   0.06158   0.00000   0.00000   0.04154   0.07836   0.05071   0.04969   0.04526   0.08279   0.03180   0.03414   0.00000   0.01151   0.00327   0.01870   0.00980   0.00000   0.04286   0.00477   0.02347   0.02569   0.04861   0.02687   0.01446   0.02258   0.02468   0.03718   3.31239   0.93667   0.09550   1.55388  
 58 15.9224   4128.477883  x:  0.00000   0.00974   0.06783   0.04968   0.03055   0.03177   0.11180   0.00000   0.26682   0.02909   0.00964   0.35162   0.00000   0.07898   0.09341   0.03501   0.10808   0.14888   0.02435   0.06035   0.00102   0.03057   0.02579   0.03529   0.02632   0.14989   0.10336   0.00856   0.06169   0.00000   0.00000   0.04151   0.07820   0.05054   0.04958   0.04533   0.08268   0.03158   0.03413   0.00000   0.01151   0.00327   0.01870   0.00978   0.00000   0.04271   0.00476   0.02371   0.02610   0.04854   0.02668   0.01446   0.02255   0.02460   0.03724   3.31285   0.93687   0.09553   1.55352  
 59  6.5078   4128.475345  x:  0.00000   0.00974   0.06763   0.04962   0.03024   0.03188   0.11224   0.00000   0.26665   0.02900   0.00960   0.35175   0.00000   0.07869   0.09299   0.03496   0.10819   0.14845   0.02426   0.06041   0.00103   0.03060   0.02561   0.03533   0.02646   0.14972   0.10388   0.00857   0.06155   0.00000   0.00000   0.04156   0.07773   0.05033   0.04962   0.04542   0.08235   0.03177   0.03416   0.00000   0.01150   0.00327   0.01869   0.00978   0.00000   0.04280   0.00477   0.02361   0.02590   0.04855   0.02676   0.01444   0.02257   0.02463   0.03722   3.31313   0.93701   0.09546   1.55277  
 60  3.8543   4128.471968  x:  0.00000   0.00974   0.06776   0.04973   0.03032   0.03180   0.11247   0.00000   0.26658   0.02917   0.00960   0.35179   0.00000   0.07840   0.09280   0.03508   0.10835   0.14819   0.02430   0.06035   0.00103   0.03019   0.02613   0.03546   0.02625   0.14961   0.10437   0.00855   0.06134   0.00000   0.00000   0.04156   0.07745   0.05051   0.04969   0.04519   0.08208   0.03162   0.03406   0.00000   0.01150   0.00327   0.01868   0.00978   0.00000   0.04290   0.00477   0.02364   0.02599   0.04858   0.02671   0.01445   0.02254   0.02463   0.03710   3.31326   0.93702   0.09525   1.55103  
 61  2.9688   4128.441881  x:  0.00000   0.00972   0.06906   0.05026   0.03108   0.03059   0.11256   0.00000   0.26645   0.02904   0.00957   0.35165   0.00000   0.07765   0.09311   0.03552   0.10908   0.14742   0.02470   0.05963   0.00109   0.03053   0.02511   0.03487   0.02687   0.14911   0.10609   0.00858   0.06113   0.00000   0.00000   0.04120   0.07760   0.05175   0.04968   0.04446   0.08161   0.03153   0.03419   0.00000   0.01151   0.00332   0.01874   0.00989   0.00000   0.04241   0.00482   0.02352   0.02597   0.04851   0.02664   0.01450   0.02256   0.02445   0.03700   3.31371   0.93635   0.09429   1.53332  
 62  9.1029   4128.242348  x:  0.00000   0.00956   0.07129   0.04959   0.02973   0.03070   0.11147   0.00000   0.26677   0.02831   0.00902   0.35094   0.00000   0.07760   0.09573   0.03591   0.11141   0.14469   0.02450   0.06007   0.00118   0.03142   0.02541   0.03573   0.02424   0.14649   0.11007   0.00879   0.06352   0.00000   0.00000   0.04108   0.08046   0.05242   0.05022   0.04760   0.08223   0.03306   0.03404   0.00000   0.01148   0.00353   0.01868   0.01029   0.00000   0.04172   0.00505   0.02304   0.02584   0.04931   0.02677   0.01448   0.02262   0.02421   0.03565   3.31623   0.93666   0.08633   1.41522  
 63 75.8053   4127.928141  x:  0.00000   0.00962   0.07043   0.04866   0.02792   0.03269   0.10937   0.00000   0.26794   0.03050   0.00806   0.35018   0.00000   0.07873   0.09632   0.03511   0.11225   0.14226   0.02424   0.06177   0.00157   0.02854   0.02448   0.03604   0.02716   0.14320   0.11102   0.00964   0.06489   0.00000   0.00000   0.04140   0.08151   0.05062   0.05042   0.04836   0.08346   0.02964   0.03283   0.00000   0.01149   0.00391   0.01877   0.01121   0.00000   0.04180   0.00554   0.02236   0.02606   0.04986   0.02542   0.01487   0.02262   0.02237   0.03337   3.32004   0.93586   0.07854   1.23027  
 64 425.3123   4127.603804  x:  0.00000   0.00950   0.06707   0.05019   0.02859   0.03379   0.10647   0.00000   0.27009   0.03234   0.00745   0.35020   0.00000   0.08039   0.09179   0.03408   0.10987   0.14205   0.02554   0.06271   0.00178   0.02781   0.02249   0.03282   0.02455   0.14152   0.10714   0.00998   0.06296   0.00000   0.00000   0.04138   0.07855   0.05105   0.05131   0.04532   0.08418   0.03037   0.03339   0.00000   0.01139   0.00416   0.01865   0.01173   0.00000   0.04072   0.00592   0.02153   0.02589   0.05024   0.02651   0.01481   0.02241   0.02216   0.03143   3.32392   0.93937   0.06746   1.03996  
 65 479.0292   4127.500550  x:  0.00000   0.00945   0.06703   0.05100   0.02871   0.03268   0.10512   0.00000   0.27091   0.03073   0.00720   0.35042   0.00000   0.08025   0.08845   0.03421   0.10767   0.14245   0.02575   0.06212   0.00178   0.02901   0.02320   0.03458   0.02517   0.14168   0.10464   0.01001   0.06222   0.00000   0.00000   0.04088   0.07703   0.05200   0.05124   0.04605   0.08356   0.03041   0.03246   0.00000   0.01132   0.00423   0.01858   0.01194   0.00000   0.03988   0.00602   0.02119   0.02567   0.05021   0.02495   0.01484   0.02238   0.02101   0.03096   3.32517   0.94135   0.06410   0.97842  
 66 290.3630   4127.478387  x:  0.00000   0.00946   0.06774   0.05087   0.02870   0.03223   0.10483   0.00000   0.27110   0.03012   0.00723   0.35050   0.00000   0.07985   0.08722   0.03464   0.10659   0.14260   0.02567   0.06170   0.00184   0.02834   0.02266   0.03485   0.02466   0.14197   0.10392   0.01008   0.06243   0.00000   0.00000   0.04079   0.07690   0.05202   0.05095   0.04690   0.08297   0.02982   0.03229   0.00000   0.01133   0.00424   0.01858   0.01196   0.00000   0.03982   0.00606   0.02119   0.02577   0.05013   0.02560   0.01481   0.02236   0.02139   0.03085   3.32545   0.94174   0.06398   0.96500  
 67 89.3865   4127.472338  x:  0.00000   0.00945   0.06823   0.05038   0.02866   0.03234   0.10488   0.00000   0.27118   0.03023   0.00716   0.35054   0.00000   0.07962   0.08678   0.03499   0.10582   0.14265   0.02557   0.06131   0.00187   0.02810   0.02282   0.03429   0.02483   0.14225   0.10380   0.01009   0.06277   0.00000   0.00000   0.04080   0.07724   0.05189   0.05083   0.04699   0.08253   0.02992   0.03256   0.00000   0.01131   0.00424   0.01855   0.01197   0.00000   0.03997   0.00607   0.02114   0.02573   0.05006   0.02543   0.01481   0.02235   0.02121   0.03100   3.32553   0.94209   0.06364   0.96117  
 68 20.3906   4127.470843  x:  0.00000   0.00944   0.06838   0.05021   0.02861   0.03243   0.10496   0.00000   0.27120   0.03042   0.00717   0.35054   0.00000   0.07954   0.08674   0.03500   0.10530   0.14263   0.02570   0.06131   0.00186   0.02830   0.02279   0.03439   0.02478   0.14244   0.10391   0.01011   0.06283   0.00000   0.00000   0.04082   0.07745   0.05175   0.05082   0.04674   0.08233   0.03000   0.03234   0.00000   0.01132   0.00424   0.01856   0.01197   0.00000   0.03993   0.00607   0.02115   0.02573   0.05005   0.02544   0.01481   0.02236   0.02125   0.03079   3.32557   0.94209   0.06364   0.96000  
 69  5.4888   4127.469507  x:  0.00000   0.00944   0.06834   0.05027   0.02845   0.03245   0.10502   0.00000   0.27119   0.03033   0.00712   0.35053   0.00000   0.07957   0.08692   0.03485   0.10463   0.14252   0.02584   0.06141   0.00186   0.02825   0.02274   0.03454   0.02474   0.14272   0.10415   0.01012   0.06273   0.00000   0.00000   0.04077   0.07757   0.05179   0.05093   0.04663   0.08228   0.02989   0.03255   0.00000   0.01131   0.00425   0.01856   0.01197   0.00000   0.03987   0.00607   0.02115   0.02573   0.05009   0.02544   0.01481   0.02236   0.02123   0.03092   3.32562   0.94203   0.06349   0.95858  
 70  3.7143   4127.467348  x:  0.00000   0.00944   0.06819   0.05052   0.02865   0.03252   0.10507   0.00000   0.27119   0.03031   0.00712   0.35051   0.00000   0.07964   0.08717   0.03486   0.10395   0.14229   0.02593   0.06153   0.00186   0.02820   0.02282   0.03429   0.02483   0.14313   0.10447   0.01009   0.06264   0.00000   0.00000   0.04082   0.07744   0.05192   0.05095   0.04701   0.08243   0.02998   0.03233   0.00000   0.01132   0.00424   0.01856   0.01198   0.00000   0.03994   0.00608   0.02116   0.02574   0.05012   0.02545   0.01481   0.02236   0.02125   0.03089   3.32575   0.94195   0.06341   0.95577  
 71  5.0992   4127.455756  x:  0.00000   0.00943   0.06780   0.05056   0.02861   0.03236   0.10500   0.00000   0.27135   0.03088   0.00707   0.35050   0.00000   0.07980   0.08745   0.03574   0.10360   0.14143   0.02582   0.06108   0.00189   0.02845   0.02275   0.03469   0.02470   0.14428   0.10468   0.01008   0.06313   0.00000   0.00000   0.04082   0.07665   0.05199   0.05040   0.04707   0.08325   0.02998   0.03301   0.00000   0.01132   0.00426   0.01855   0.01199   0.00000   0.04010   0.00610   0.02115   0.02573   0.04991   0.02536   0.01485   0.02237   0.02118   0.03071   3.32652   0.94186   0.06272   0.93918  
 72  9.1381   4127.406463  x:  0.00000   0.00937   0.06744   0.04966   0.02731   0.03218   0.10430   0.00000   0.27214   0.02992   0.00709   0.35068   0.00000   0.07983   0.08761   0.03605   0.10423   0.13935   0.02578   0.06000   0.00202   0.02804   0.02299   0.03420   0.02499   0.14679   0.10443   0.01012   0.06379   0.00000   0.00000   0.04065   0.07598   0.05212   0.05068   0.04591   0.08457   0.02983   0.03172   0.00000   0.01132   0.00417   0.01856   0.01189   0.00000   0.03960   0.00625   0.02127   0.02573   0.05001   0.02558   0.01475   0.02241   0.02162   0.03163   3.32984   0.94187   0.05865   0.86822  
 73 68.9073   4127.292128  x:  0.00000   0.00919   0.06803   0.04899   0.02881   0.03289   0.10369   0.00000   0.27372   0.02912   0.00726   0.35109   0.00000   0.07929   0.08720   0.03447   0.10583   0.13729   0.02620   0.06037   0.00213   0.02809   0.02344   0.03423   0.02529   0.14897   0.10376   0.01007   0.06312   0.00000   0.00000   0.04100   0.07668   0.05165   0.05171   0.04580   0.08436   0.02997   0.03295   0.00000   0.01131   0.00410   0.01854   0.01182   0.00000   0.03982   0.00649   0.02142   0.02565   0.05017   0.02532   0.01477   0.02242   0.02168   0.03188   3.33668   0.94235   0.05231   0.72207  
 74 291.8185   4127.231113  x:  0.00000   0.00914   0.06672   0.04903   0.02854   0.03294   0.10435   0.00000   0.27457   0.03008   0.00728   0.35138   0.00000   0.07997   0.08740   0.03392   0.10554   0.13816   0.02421   0.05945   0.00233   0.02831   0.02339   0.03442   0.02529   0.14757   0.10374   0.00996   0.06211   0.00000   0.00000   0.03985   0.07774   0.05291   0.05071   0.04635   0.08289   0.02983   0.03269   0.00000   0.01133   0.00403   0.01854   0.01173   0.00000   0.04014   0.00664   0.02151   0.02566   0.04897   0.02548   0.01475   0.02237   0.02206   0.03232   3.34071   0.94187   0.04739   0.63603  
 75 236.7915   4127.214950  x:  0.00000   0.00913   0.06592   0.04878   0.02878   0.03315   0.10495   0.00000   0.27465   0.02908   0.00732   0.35145   0.00000   0.08036   0.08773   0.03481   0.10497   0.13957   0.02465   0.05880   0.00234   0.02818   0.02348   0.03451   0.02534   0.14600   0.10422   0.00994   0.06249   0.00000   0.00000   0.04044   0.07751   0.05289   0.05049   0.04607   0.08277   0.02973   0.03282   0.00000   0.01133   0.00402   0.01854   0.01172   0.00000   0.03999   0.00668   0.02155   0.02565   0.04914   0.02544   0.01476   0.02243   0.02212   0.03212   3.34181   0.94163   0.04612   0.61281  
 76 73.5686   4127.212961  x:  0.00000   0.00912   0.06608   0.04867   0.02878   0.03283   0.10511   0.00000   0.27466   0.02923   0.00731   0.35146   0.00000   0.08030   0.08775   0.03484   0.10473   0.13995   0.02458   0.05882   0.00235   0.02820   0.02351   0.03450   0.02534   0.14557   0.10434   0.00995   0.06264   0.00000   0.00000   0.04021   0.07724   0.05269   0.05088   0.04608   0.08315   0.02976   0.03280   0.00000   0.01133   0.00402   0.01854   0.01172   0.00000   0.04002   0.00669   0.02155   0.02565   0.04927   0.02545   0.01475   0.02243   0.02212   0.03224   3.34196   0.94168   0.04604   0.61004  
 77 10.9512   4127.212597  x:  0.00000   0.00912   0.06617   0.04855   0.02885   0.03292   0.10515   0.00000   0.27467   0.02916   0.00732   0.35147   0.00000   0.08019   0.08774   0.03474   0.10465   0.14000   0.02445   0.05880   0.00235   0.02820   0.02349   0.03452   0.02533   0.14550   0.10438   0.00995   0.06259   0.00000   0.00000   0.04025   0.07717   0.05275   0.05087   0.04604   0.08338   0.02974   0.03281   0.00000   0.01133   0.00402   0.01854   0.01171   0.00000   0.04003   0.00668   0.02155   0.02565   0.04915   0.02545   0.01475   0.02243   0.02213   0.03218   3.34199   0.94169   0.04599   0.60970  
 78  1.5441   4127.211927  x:  0.00000   0.00911   0.06629   0.04858   0.02867   0.03300   0.10521   0.00000   0.27468   0.02924   0.00731   0.35147   0.00000   0.08001   0.08768   0.03469   0.10464   0.14011   0.02465   0.05886   0.00235   0.02820   0.02351   0.03449   0.02533   0.14540   0.10439   0.00995   0.06251   0.00000   0.00000   0.04028   0.07719   0.05285   0.05064   0.04609   0.08361   0.02978   0.03280   0.00000   0.01133   0.00402   0.01854   0.01171   0.00000   0.04000   0.00669   0.02156   0.02565   0.04913   0.02544   0.01475   0.02242   0.02213   0.03224   3.34207   0.94172   0.04603   0.60950  
 79  0.6518   4127.192207  x:  0.00000   0.00905   0.06543   0.04905   0.02919   0.03313   0.10558   0.00000   0.27515   0.02911   0.00744   0.35156   0.00000   0.07862   0.08717   0.03486   0.10460   0.14049   0.02451   0.05846   0.00241   0.02835   0.02360   0.03464   0.02536   0.14509   0.10448   0.00989   0.06231   0.00000   0.00000   0.03957   0.07834   0.05239   0.05014   0.04610   0.08441   0.02982   0.03294   0.00000   0.01133   0.00399   0.01853   0.01167   0.00000   0.04018   0.00677   0.02168   0.02567   0.05053   0.02553   0.01473   0.02243   0.02230   0.03236   3.34458   0.94127   0.04559   0.60715  
 80  0.6268   4127.093975  x:  0.00000   0.00869   0.06507   0.05029   0.02903   0.03135   0.10699   0.00000   0.27743   0.02958   0.00777   0.35201   0.00000   0.07783   0.08682   0.03578   0.10458   0.14251   0.02475   0.05980   0.00262   0.02897   0.02416   0.03484   0.02558   0.14347   0.10435   0.00977   0.06287   0.00000   0.00000   0.04222   0.07964   0.05221   0.05144   0.04640   0.08414   0.03035   0.03346   0.00000   0.01140   0.00384   0.01848   0.01143   0.00000   0.04035   0.00714   0.02226   0.02574   0.04862   0.02571   0.01482   0.02240   0.02314   0.03319   3.35712   0.93986   0.04418   0.59593  
 81 13.3950   4127.031766  x:  0.00000   0.00843   0.06745   0.05037   0.02921   0.03271   0.10781   0.00000   0.27887   0.02910   0.00796   0.35235   0.00000   0.07986   0.08781   0.03610   0.10468   0.14381   0.02519   0.06098   0.00272   0.02938   0.02443   0.03492   0.02575   0.14238   0.10419   0.00961   0.06309   0.00000   0.00000   0.04053   0.07778   0.05216   0.05060   0.04621   0.08276   0.03061   0.03378   0.00000   0.01143   0.00374   0.01842   0.01127   0.00000   0.04074   0.00738   0.02264   0.02574   0.04885   0.02584   0.01485   0.02241   0.02365   0.03355   3.36505   0.93929   0.04332   0.58884  
 82 31.4713   4127.028799  x:  0.00000   0.00841   0.06771   0.05028   0.02919   0.03256   0.10783   0.00000   0.27894   0.02926   0.00796   0.35237   0.00000   0.08012   0.08793   0.03573   0.10462   0.14385   0.02497   0.06076   0.00274   0.02944   0.02443   0.03495   0.02573   0.14230   0.10417   0.00962   0.06302   0.00000   0.00000   0.04103   0.07752   0.05221   0.05034   0.04622   0.08263   0.03064   0.03380   0.00000   0.01142   0.00373   0.01842   0.01126   0.00000   0.04072   0.00739   0.02265   0.02575   0.04946   0.02585   0.01483   0.02240   0.02367   0.03363   3.36544   0.93924   0.04328   0.58848  
 83  5.9861   4127.028726  x:  0.00000   0.00841   0.06772   0.05030   0.02919   0.03259   0.10783   0.00000   0.27895   0.02928   0.00796   0.35236   0.00000   0.08013   0.08794   0.03566   0.10463   0.14385   0.02504   0.06062   0.00275   0.02944   0.02444   0.03495   0.02573   0.14231   0.10417   0.00962   0.06300   0.00000   0.00000   0.04103   0.07750   0.05217   0.05037   0.04626   0.08263   0.03064   0.03381   0.00000   0.01142   0.00373   0.01842   0.01126   0.00000   0.04073   0.00739   0.02265   0.02575   0.04942   0.02586   0.01484   0.02240   0.02367   0.03363   3.36545   0.93922   0.04326   0.58843  
 84  0.5871   4127.027957  x:  0.00000   0.00839   0.06789   0.05075   0.02910   0.03274   0.10785   0.00000   0.27895   0.02924   0.00795   0.35234   0.00000   0.08012   0.08795   0.03567   0.10463   0.14384   0.02487   0.06054   0.00276   0.02945   0.02443   0.03495   0.02573   0.14231   0.10416   0.00959   0.06311   0.00000   0.00000   0.04110   0.07754   0.05203   0.05040   0.04615   0.08265   0.03064   0.03380   0.00000   0.01142   0.00373   0.01842   0.01126   0.00000   0.04073   0.00739   0.02266   0.02574   0.04940   0.02585   0.01483   0.02240   0.02366   0.03362   3.36568   0.93930   0.04321   0.58680  
 85  0.1989   4126.951364  x:  0.00000   0.00722   0.06837   0.05045   0.03017   0.03288   0.10745   0.00000   0.27899   0.02893   0.00827   0.35019   0.00000   0.07913   0.08800   0.03483   0.10647   0.14267   0.02504   0.06178   0.00299   0.02986   0.02431   0.03503   0.02566   0.14579   0.10351   0.00961   0.06292   0.00000   0.00000   0.04138   0.07852   0.05165   0.05069   0.04616   0.08227   0.03097   0.03408   0.00000   0.01145   0.00385   0.01828   0.01109   0.00000   0.04111   0.00728   0.02293   0.02584   0.04969   0.02609   0.01488   0.02226   0.02360   0.03307   3.38638   0.93979   0.03453   0.43859  
 86  6.8279   4126.909912  x:  0.00000   0.00609   0.06800   0.05002   0.02929   0.03263   0.10749   0.00000   0.27798   0.02923   0.00798   0.34907   0.00000   0.07966   0.08833   0.03475   0.10593   0.14358   0.02526   0.06117   0.00315   0.02981   0.02425   0.03462   0.02551   0.14444   0.10394   0.00969   0.06297   0.00000   0.00000   0.04104   0.07812   0.05189   0.05066   0.04590   0.08250   0.03115   0.03374   0.00000   0.01140   0.00405   0.01830   0.01110   0.00000   0.04081   0.00699   0.02273   0.02578   0.04963   0.02590   0.01489   0.02221   0.02309   0.03305   3.39182   0.94028   0.03107   0.38966  
 87  0.0473   4126.905206  x:  0.00000   0.00593   0.06798   0.05000   0.02922   0.03262   0.10749   0.00000   0.27797   0.02927   0.00793   0.34933   0.00000   0.07977   0.08829   0.03481   0.10575   0.14353   0.02530   0.06103   0.00317   0.02976   0.02425   0.03463   0.02552   0.14416   0.10398   0.00969   0.06297   0.00000   0.00000   0.04101   0.07799   0.05191   0.05063   0.04593   0.08253   0.03111   0.03372   0.00000   0.01139   0.00407   0.01832   0.01111   0.00000   0.04076   0.00696   0.02270   0.02576   0.04961   0.02585   0.01490   0.02223   0.02309   0.03306   3.38997   0.94045   0.02987   0.36859  
 88  0.0753   4126.902463  x:  0.00000   0.00588   0.06803   0.05000   0.02927   0.03262   0.10746   0.00000   0.27812   0.02929   0.00790   0.35051   0.00000   0.07988   0.08805   0.03501   0.10537   0.14322   0.02535   0.06076   0.00315   0.02956   0.02426   0.03476   0.02560   0.14382   0.10396   0.00967   0.06291   0.00000   0.00000   0.04101   0.07768   0.05189   0.05058   0.04611   0.08260   0.03092   0.03375   0.00000   0.01139   0.00404   0.01840   0.01115   0.00000   0.04067   0.00698   0.02264   0.02571   0.04956   0.02576   0.01494   0.02231   0.02327   0.03309   3.38001   0.94035   0.02926   0.35992  
 89  0.0137   4126.901955  x:  0.00000   0.00586   0.06800   0.04997   0.02926   0.03263   0.10742   0.00000   0.27784   0.02929   0.00792   0.35048   0.00000   0.07982   0.08814   0.03497   0.10543   0.14337   0.02529   0.06078   0.00312   0.02956   0.02427   0.03474   0.02559   0.14393   0.10395   0.00966   0.06290   0.00000   0.00000   0.04101   0.07772   0.05192   0.05060   0.04608   0.08257   0.03093   0.03378   0.00000   0.01139   0.00401   0.01836   0.01117   0.00000   0.04067   0.00701   0.02267   0.02570   0.04957   0.02578   0.01493   0.02230   0.02325   0.03311   3.37651   0.94036   0.02832   0.34566  
 90  0.0096   4126.901623  x:  0.00000   0.00589   0.06803   0.04995   0.02924   0.03264   0.10742   0.00000   0.27776   0.02931   0.00792   0.35044   0.00000   0.07983   0.08820   0.03493   0.10547   0.14345   0.02532   0.06081   0.00306   0.02961   0.02428   0.03473   0.02557   0.14394   0.10396   0.00967   0.06291   0.00000   0.00000   0.04102   0.07774   0.05192   0.05062   0.04605   0.08258   0.03097   0.03377   0.00000   0.01139   0.00399   0.01835   0.01117   0.00000   0.04069   0.00704   0.02269   0.02571   0.04958   0.02580   0.01492   0.02229   0.02322   0.03313   3.37483   0.94037   0.02753   0.33433  
 91  0.0072   4126.901357  x:  0.00000   0.00588   0.06804   0.04996   0.02925   0.03263   0.10742   0.00000   0.27782   0.02931   0.00792   0.35043   0.00000   0.07983   0.08817   0.03494   0.10546   0.14340   0.02533   0.06083   0.00304   0.02962   0.02427   0.03473   0.02557   0.14392   0.10396   0.00968   0.06292   0.00000   0.00000   0.04102   0.07775   0.05192   0.05062   0.04605   0.08258   0.03098   0.03376   0.00000   0.01139   0.00400   0.01835   0.01117   0.00000   0.04069   0.00704   0.02268   0.02572   0.04958   0.02580   0.01492   0.02229   0.02323   0.03313   3.37538   0.94038   0.02675   0.32244  
 92  0.0188   4126.901142  x:  0.00000   0.00588   0.06804   0.04998   0.02925   0.03263   0.10744   0.00000   0.27792   0.02931   0.00791   0.35042   0.00000   0.07985   0.08813   0.03496   0.10543   0.14335   0.02534   0.06082   0.00304   0.02961   0.02427   0.03474   0.02557   0.14389   0.10396   0.00968   0.06292   0.00000   0.00000   0.04102   0.07773   0.05191   0.05060   0.04607   0.08259   0.03096   0.03376   0.00000   0.01139   0.00401   0.01837   0.01117   0.00000   0.04068   0.00702   0.02266   0.02572   0.04958   0.02578   0.01493   0.02230   0.02324   0.03311   3.37732   0.94039   0.02595   0.31068  
 93  0.0152   4126.900998  x:  0.00000   0.00590   0.06804   0.04999   0.02924   0.03262   0.10746   0.00000   0.27806   0.02930   0.00790   0.35042   0.00000   0.07988   0.08809   0.03498   0.10539   0.14331   0.02536   0.06078   0.00306   0.02959   0.02427   0.03475   0.02558   0.14385   0.10396   0.00968   0.06291   0.00000   0.00000   0.04101   0.07769   0.05190   0.05059   0.04610   0.08259   0.03094   0.03375   0.00000   0.01139   0.00402   0.01839   0.01116   0.00000   0.04067   0.00700   0.02265   0.02571   0.04957   0.02576   0.01494   0.02231   0.02325   0.03310   3.38018   0.94040   0.02540   0.30280  
 94  0.0055   4126.900880  x:  0.00000   0.00590   0.06803   0.04998   0.02924   0.03262   0.10745   0.00000   0.27802   0.02930   0.00791   0.35042   0.00000   0.07988   0.08811   0.03497   0.10540   0.14334   0.02536   0.06078   0.00306   0.02959   0.02427   0.03475   0.02558   0.14386   0.10396   0.00968   0.06291   0.00000   0.00000   0.04101   0.07769   0.05190   0.05060   0.04609   0.08259   0.03095   0.03375   0.00000   0.01139   0.00402   0.01838   0.01116   0.00000   0.04067   0.00701   0.02266   0.02571   0.04957   0.02577   0.01494   0.02230   0.02325   0.03311   3.37967   0.94040   0.02479   0.29385  
 95  0.0114   4126.900766  x:  0.00000   0.00591   0.06803   0.04996   0.02924   0.03263   0.10744   0.00000   0.27787   0.02931   0.00791   0.35044   0.00000   0.07985   0.08816   0.03494   0.10544   0.14340   0.02534   0.06079   0.00308   0.02960   0.02428   0.03473   0.02558   0.14390   0.10397   0.00967   0.06291   0.00000   0.00000   0.04102   0.07772   0.05192   0.05062   0.04607   0.08259   0.03096   0.03376   0.00000   0.01139   0.00400   0.01836   0.01117   0.00000   0.04069   0.00702   0.02267   0.02571   0.04958   0.02579   0.01493   0.02229   0.02323   0.03313   3.37695   0.94039   0.02417   0.28507  
 96  0.0059   4126.900725  x:  0.00000   0.00591   0.06804   0.04997   0.02924   0.03262   0.10745   0.00000   0.27796   0.02931   0.00791   0.35043   0.00000   0.07986   0.08813   0.03496   0.10542   0.14335   0.02535   0.06079   0.00309   0.02959   0.02427   0.03474   0.02558   0.14388   0.10396   0.00968   0.06291   0.00000   0.00000   0.04101   0.07771   0.05191   0.05060   0.04608   0.08259   0.03095   0.03376   0.00000   0.01139   0.00401   0.01837   0.01116   0.00000   0.04068   0.00701   0.02266   0.02571   0.04957   0.02578   0.01493   0.02230   0.02324   0.03311   3.37831   0.94040   0.02399   0.28246  
 97  0.0015   4126.900681  x:  0.00000   0.00591   0.06803   0.04997   0.02924   0.03263   0.10744   0.00000   0.27792   0.02931   0.00791   0.35044   0.00000   0.07986   0.08814   0.03496   0.10543   0.14337   0.02535   0.06079   0.00309   0.02959   0.02427   0.03474   0.02558   0.14389   0.10397   0.00967   0.06291   0.00000   0.00000   0.04102   0.07771   0.05191   0.05061   0.04608   0.08259   0.03096   0.03376   0.00000   0.01139   0.00401   0.01837   0.01116   0.00000   0.04068   0.00701   0.02267   0.02571   0.04957   0.02578   0.01493   0.02230   0.02324   0.03312   3.37765   0.94040   0.02345   0.27476  
 98  0.0038   4126.900680  x:  0.00000   0.00591   0.06803   0.04997   0.02924   0.03263   0.10744   0.00000   0.27792   0.02931   0.00791   0.35044   0.00000   0.07986   0.08814   0.03495   0.10543   0.14337   0.02535   0.06079   0.00309   0.02959   0.02427   0.03474   0.02558   0.14389   0.10397   0.00967   0.06291   0.00000   0.00000   0.04102   0.07771   0.05191   0.05061   0.04607   0.08259   0.03096   0.03376   0.00000   0.01139   0.00401   0.01837   0.01116   0.00000   0.04068   0.00701   0.02267   0.02571   0.04958   0.02578   0.01493   0.02230   0.02324   0.03312   3.37759   0.94040   0.02352   0.27577  
 99  0.0036   4126.900675  x:  0.00000   0.00591   0.06803   0.04997   0.02924   0.03262   0.10744   0.00000   0.27794   0.02931   0.00791   0.35044   0.00000   0.07986   0.08814   0.03496   0.10542   0.14336   0.02535   0.06079   0.00308   0.02959   0.02427   0.03474   0.02558   0.14388   0.10396   0.00968   0.06291   0.00000   0.00000   0.04101   0.07771   0.05191   0.05060   0.04608   0.08259   0.03096   0.03376   0.00000   0.01139   0.00401   0.01837   0.01116   0.00000   0.04068   0.00701   0.02267   0.02571   0.04957   0.02578   0.01493   0.02230   0.02324   0.03312   3.37787   0.94040   0.02354   0.27616  
100  0.0006   4126.900661  x:  0.00000   0.00590   0.06803   0.04996   0.02924   0.03263   0.10744   0.00000   0.27789   0.02931   0.00792   0.35043   0.00000   0.07985   0.08815   0.03495   0.10544   0.14339   0.02534   0.06079   0.00307   0.02960   0.02428   0.03474   0.02557   0.14390   0.10397   0.00967   0.06291   0.00000   0.00000   0.04102   0.07772   0.05191   0.05061   0.04607   0.08259   0.03096   0.03376   0.00000   0.01139   0.00401   0.01836   0.01117   0.00000   0.04068   0.00702   0.02267   0.02571   0.04958   0.02579   0.01493   0.02229   0.02323   0.03312   3.37725   0.94040   0.02303   0.26901  
101  0.0009   4126.900652  x:  0.00000   0.00590   0.06803   0.04997   0.02924   0.03263   0.10744   0.00000   0.27791   0.02931   0.00791   0.35043   0.00000   0.07986   0.08815   0.03495   0.10543   0.14338   0.02535   0.06079   0.00308   0.02960   0.02427   0.03474   0.02558   0.14389   0.10397   0.00967   0.06291   0.00000   0.00000   0.04102   0.07771   0.05191   0.05061   0.04607   0.08259   0.03096   0.03376   0.00000   0.01139   0.00401   0.01837   0.01117   0.00000   0.04068   0.00702   0.02267   0.02571   0.04958   0.02578   0.01493   0.02230   0.02324   0.03312   3.37756   0.94040   0.02322   0.27159  
102  0.0049   4126.900652  x:  0.00000   0.00590   0.06803   0.04997   0.02924   0.03263   0.10744   0.00000   0.27791   0.02931   0.00791   0.35043   0.00000   0.07986   0.08815   0.03495   0.10543   0.14338   0.02535   0.06079   0.00308   0.02960   0.02427   0.03474   0.02558   0.14389   0.10397   0.00967   0.06291   0.00000   0.00000   0.04102   0.07771   0.05191   0.05061   0.04607   0.08259   0.03096   0.03376   0.00000   0.01139   0.00401   0.01837   0.01117   0.00000   0.04068   0.00702   0.02267   0.02571   0.04958   0.02578   0.01493   0.02230   0.02324   0.03312   3.37756   0.94040   0.02322   0.27159  
103  0.0044   4126.900643  x:  0.00000   0.00590   0.06803   0.04997   0.02924   0.03263   0.10744   0.00000   0.27793   0.02931   0.00791   0.35043   0.00000   0.07986   0.08814   0.03496   0.10543   0.14337   0.02535   0.06079   0.00308   0.02959   0.02427   0.03474   0.02558   0.14389   0.10396   0.00968   0.06291   0.00000   0.00000   0.04101   0.07771   0.05191   0.05061   0.04608   0.08259   0.03096   0.03376   0.00000   0.01139   0.00401   0.01837   0.01116   0.00000   0.04068   0.00701   0.02267   0.02571   0.04957   0.02578   0.01493   0.02230   0.02324   0.03312   3.37772   0.94040   0.02321   0.27149  
104  0.0005   4126.900642  x:  0.00000   0.00590   0.06803   0.04997   0.02924   0.03262   0.10745   0.00000   0.27794   0.02931   0.00791   0.35043   0.00000   0.07986   0.08813   0.03496   0.10542   0.14336   0.02535   0.06079   0.00308   0.02959   0.02427   0.03474   0.02558   0.14388   0.10396   0.00968   0.06291   0.00000   0.00000   0.04101   0.07771   0.05191   0.05060   0.04608   0.08259   0.03096   0.03376   0.00000   0.01139   0.00401   0.01837   0.01116   0.00000   0.04068   0.00701   0.02267   0.02571   0.04957   0.02578   0.01493   0.02230   0.02324   0.03311   3.37810   0.94041   0.02320   0.27127  
105  0.0001   4126.900642  x:  0.00000   0.00590   0.06803   0.04997   0.02924   0.03262   0.10745   0.00000   0.27794   0.02931   0.00791   0.35043   0.00000   0.07986   0.08813   0.03496   0.10542   0.14336   0.02535   0.06079   0.00308   0.02959   0.02427   0.03474   0.02558   0.14388   0.10396   0.00968   0.06291   0.00000   0.00000   0.04101   0.07771   0.05191   0.05060   0.04608   0.08259   0.03096   0.03376   0.00000   0.01139   0.00401   0.01837   0.01116   0.00000   0.04068   0.00701   0.02267   0.02571   0.04957   0.02578   0.01493   0.02230   0.02324   0.03312   3.37807   0.94041   0.02320   0.27128  