Supplemental results for CODEML (seqf: foxm1.fasta  treef: foxm1_tree.txt)


MLEs of dN/dS (w) for site classes (K=6)

p:   0.08870  0.08870  0.08870  0.08870  0.08870  0.55652
w:   0.10102  0.12251  0.13884  0.15632  0.18351  1.00000

Naive Empirical Bayes (NEB) probabilities for 6 classes & postmean_w
(amino acids refer to 1st sequence: Coturnix_japonica)

   1 M   0.23482 0.21167 0.19563 0.17980 0.15771 0.02037 ( 1)  0.154
   2 R   0.10915 0.12315 0.13213 0.14029 0.15035 0.34492 ( 6)  0.439
   3 T   0.21936 0.20226 0.19017 0.17804 0.16070 0.04946 ( 1)  0.180
   4 S   0.22685 0.20709 0.19325 0.17946 0.15995 0.03340 ( 1)  0.166
   5 P   0.20556 0.19245 0.18306 0.17352 0.15966 0.08576 ( 1)  0.212
   6 C   0.03148 0.04276 0.05170 0.06145 0.07660 0.73601 ( 6)  0.775
   7 R   0.21168 0.19699 0.18652 0.17593 0.16065 0.06822 ( 1)  0.197
   8 P   0.21901 0.20203 0.19002 0.17796 0.16072 0.05027 ( 1)  0.181
   9 L   0.18171 0.17339 0.16734 0.16109 0.15184 0.16464 ( 1)  0.281
  10 I   0.20979 0.19562 0.18550 0.17526 0.16044 0.07339 ( 1)  0.201
  11 L   0.21831 0.20159 0.18975 0.17786 0.16083 0.05167 ( 1)  0.182
  12 K   0.22511 0.20599 0.19256 0.17916 0.16017 0.03701 ( 1)  0.169
  13 R   0.21717 0.20070 0.18905 0.17733 0.16055 0.05519 ( 1)  0.185
  14 R   0.19976 0.18772 0.17907 0.17028 0.15747 0.10570 ( 1)  0.229
  15 K   0.13205 0.14677 0.15568 0.16330 0.17173 0.23049 ( 6)  0.340
  16 L   0.18246 0.17402 0.16788 0.16154 0.15217 0.16193 ( 1)  0.278
  17 T   0.00045 0.00089 0.00138 0.00208 0.00357 0.99164 ( 6)  0.993
  18 L   0.11196 0.12610 0.13509 0.14322 0.15314 0.33049 ( 6)  0.426
  19 L   0.11234 0.12645 0.13541 0.14350 0.15333 0.32896 ( 6)  0.425
  20 Q   0.19651 0.18549 0.17753 0.16940 0.15749 0.11359 ( 1)  0.236
  21 K   0.00004 0.00009 0.00016 0.00027 0.00054 0.99891 ( 6)  0.999
  22 E   0.00358 0.00592 0.00814 0.01093 0.01607 0.95536 ( 6)  0.962
  23 A   0.00000 0.00000 0.00000 0.00000 0.00000 0.99999 ( 6)  1.000
  24 S   0.00000 0.00000 0.00000 0.00001 0.00002 0.99997 ( 6)  1.000
  25 S   0.21618 0.20015 0.18878 0.17733 0.16089 0.05667 ( 1)  0.186
  26 T   0.02124 0.02921 0.03564 0.04278 0.05415 0.81698 ( 6)  0.844
  27 S   0.10295 0.11654 0.12535 0.13345 0.14361 0.37810 ( 6)  0.467
  28 G   0.02895 0.03943 0.04777 0.05689 0.07115 0.75582 ( 6)  0.792
  29 R   0.12168 0.13620 0.14524 0.15321 0.16255 0.28112 ( 6)  0.384
  30 D   0.02836 0.03866 0.04687 0.05586 0.06995 0.76029 ( 6)  0.796
  31 E   0.21187 0.19712 0.18661 0.17599 0.16066 0.06775 ( 1)  0.196
  32 N   0.00000 0.00000 0.00000 0.00000 0.00000 0.99999 ( 6)  1.000
  33 S   0.00000 0.00001 0.00002 0.00004 0.00010 0.99982 ( 6)  1.000
  34 G   0.09350 0.10647 0.11502 0.12303 0.13338 0.42860 ( 6)  0.511
  35 H   0.09396 0.10695 0.11550 0.12352 0.13384 0.42624 ( 6)  0.509
  36 D   0.00018 0.00038 0.00059 0.00091 0.00162 0.99632 ( 6)  0.997
  37 E   0.00047 0.00094 0.00145 0.00218 0.00374 0.99122 ( 6)  0.993
  38 N   0.02650 0.03620 0.04395 0.05247 0.06587 0.77501 ( 6)  0.809
  39 A   0.00028 0.00057 0.00089 0.00135 0.00235 0.99456 ( 6)  0.995
  40 P   0.00024 0.00048 0.00075 0.00114 0.00200 0.99540 ( 6)  0.996
  41 K   0.11328 0.12749 0.13650 0.14463 0.15450 0.32359 ( 6)  0.421
  42 Q   0.19638 0.18539 0.17746 0.16935 0.15746 0.11396 ( 1)  0.237
  43 E   0.21254 0.19758 0.18693 0.17617 0.16065 0.06614 ( 1)  0.195
  44 H   0.00000 0.00000 0.00000 0.00000 0.00000 1.00000 ( 6)  1.000
  45 S   0.04002 0.05393 0.06481 0.07651 0.09442 0.67031 ( 6)  0.719
  46 Q   0.19957 0.18787 0.17944 0.17085 0.15830 0.10398 ( 1)  0.228
  47 E   0.00000 0.00001 0.00002 0.00004 0.00009 0.99984 ( 6)  1.000
  48 Y   0.00000 0.00000 0.00001 0.00002 0.00004 0.99993 ( 6)  1.000
  49 Q   0.01986 0.02736 0.03344 0.04019 0.05101 0.82814 ( 6)  0.854
  50 N   0.00005 0.00012 0.00022 0.00037 0.00074 0.99849 ( 6)  0.999
  51 D   0.00053 0.00105 0.00162 0.00243 0.00414 0.99023 ( 6)  0.992
  52 S   0.00064 0.00126 0.00194 0.00290 0.00492 0.98835 ( 6)  0.990
  53 Q   0.10000 0.11342 0.12217 0.13027 0.14054 0.39359 ( 6)  0.481
  54 C   0.00000 0.00000 0.00000 0.00000 0.00001 0.99998 ( 6)  1.000
  55 K   0.03173 0.04309 0.05209 0.06188 0.07712 0.73410 ( 6)  0.774
  56 D   0.00003 0.00007 0.00012 0.00020 0.00042 0.99917 ( 6)  0.999
  57 K   0.03795 0.05122 0.06163 0.07287 0.09012 0.68621 ( 6)  0.733
  58 T   0.00000 0.00000 0.00000 0.00000 0.00000 1.00000 ( 6)  1.000
  59 G   0.00062 0.00122 0.00189 0.00282 0.00480 0.98866 ( 6)  0.990
  60 C   0.00020 0.00041 0.00065 0.00100 0.00176 0.99598 ( 6)  0.997
  61 G   0.02606 0.03562 0.04327 0.05168 0.06492 0.77846 ( 6)  0.811
  62 L   0.18089 0.17271 0.16674 0.16059 0.15146 0.16761 ( 1)  0.283
  63 Q   0.19461 0.18398 0.17630 0.16843 0.15689 0.11978 ( 1)  0.242
  64 K   0.03680 0.04972 0.05987 0.07084 0.08771 0.69506 ( 6)  0.740
  65 F   0.22051 0.20309 0.19079 0.17845 0.16083 0.04633 ( 1)  0.177
  66 P   0.11830 0.13269 0.14171 0.14974 0.15927 0.29830 ( 6)  0.399
  67 E   0.02562 0.03503 0.04257 0.05085 0.06391 0.78202 ( 6)  0.814
  68 G   0.10381 0.11748 0.12633 0.13447 0.14467 0.37324 ( 6)  0.463
  69 I   0.23240 0.21031 0.19495 0.17976 0.15846 0.02413 ( 1)  0.158
  70 K   0.11175 0.12585 0.13482 0.14293 0.15283 0.33183 ( 6)  0.428
  71 I   0.22980 0.20872 0.19403 0.17945 0.15896 0.02904 ( 1)  0.162
  72 M   0.02922 0.03979 0.04820 0.05739 0.07177 0.75364 ( 6)  0.790
  73 N   0.13262 0.14734 0.15623 0.16382 0.17219 0.22781 ( 6)  0.338
  74 H   0.21824 0.20154 0.18972 0.17784 0.16083 0.05183 ( 1)  0.182
  75 P   0.20590 0.19271 0.18326 0.17366 0.15973 0.08475 ( 1)  0.211
  76 T   0.11788 0.13226 0.14129 0.14934 0.15892 0.30032 ( 6)  0.401
  77 M   0.23562 0.21210 0.19582 0.17977 0.15740 0.01929 ( 1)  0.153
  78 P   0.21958 0.20241 0.19028 0.17811 0.16072 0.04890 ( 1)  0.180
  79 N   0.22978 0.20881 0.19418 0.17966 0.15921 0.02837 ( 1)  0.161
  80 T   0.21891 0.20197 0.18999 0.17796 0.16075 0.05043 ( 1)  0.181
  81 Q   0.20614 0.19290 0.18342 0.17379 0.15981 0.08393 ( 1)  0.210
  82 V   0.20450 0.19170 0.18251 0.17316 0.15958 0.08855 ( 1)  0.214
  83 V   0.20353 0.19096 0.18193 0.17275 0.15938 0.09145 ( 1)  0.217
  84 A   0.21933 0.20227 0.19021 0.17811 0.16080 0.04928 ( 1)  0.180
  85 I   0.12962 0.14435 0.15335 0.16111 0.16985 0.24172 ( 6)  0.350
  86 P   0.20658 0.19322 0.18365 0.17394 0.15986 0.08275 ( 1)  0.209
  87 A   0.03267 0.04432 0.05353 0.06355 0.07909 0.72684 ( 6)  0.767
  88 N   0.00421 0.00693 0.00949 0.01269 0.01857 0.94811 ( 6)  0.956
  89 A   0.20701 0.19356 0.18393 0.17416 0.15998 0.08136 ( 1)  0.208
  90 D   0.11846 0.13291 0.14198 0.15006 0.15967 0.29692 ( 6)  0.398
  91 I   0.22228 0.20422 0.19149 0.17875 0.16060 0.04266 ( 1)  0.174
  92 Q   0.19733 0.18614 0.17807 0.16982 0.15775 0.11089 ( 1)  0.234
  93 S   0.22768 0.20759 0.19354 0.17955 0.15978 0.03186 ( 1)  0.165
  94 I   0.22308 0.20473 0.19182 0.17890 0.16053 0.04095 ( 1)  0.173
  95 I   0.23026 0.20898 0.19416 0.17947 0.15882 0.02832 ( 1)  0.161
  96 E   0.21330 0.19812 0.18733 0.17643 0.16073 0.06410 ( 1)  0.193
  97 A   0.21923 0.20220 0.19017 0.17808 0.16080 0.04952 ( 1)  0.180
  98 L   0.18450 0.17572 0.16933 0.16275 0.15302 0.15468 ( 1)  0.272
  99 T   0.21993 0.20264 0.19043 0.17818 0.16069 0.04813 ( 1)  0.179
 100 A   0.12166 0.13619 0.14524 0.15324 0.16260 0.28107 ( 6)  0.384
 101 K   0.22551 0.20623 0.19271 0.17921 0.16010 0.03624 ( 1)  0.168
 102 G   0.21260 0.19764 0.18698 0.17622 0.16070 0.06586 ( 1)  0.195
 103 K   0.22551 0.20623 0.19271 0.17921 0.16010 0.03624 ( 1)  0.168
 104 E   0.22178 0.20389 0.19127 0.17864 0.16064 0.04378 ( 1)  0.175
 105 C   0.09907 0.11246 0.12120 0.12931 0.13963 0.39833 ( 6)  0.485
 106 G   0.21662 0.20045 0.18899 0.17745 0.16089 0.05559 ( 1)  0.186
 107 N   0.00077 0.00151 0.00232 0.00346 0.00584 0.98610 ( 6)  0.988
 108 N   0.12204 0.13661 0.14567 0.15367 0.16304 0.27896 ( 6)  0.382
 109 G   0.20593 0.19277 0.18335 0.17377 0.15986 0.08433 ( 1)  0.211
 110 P   0.21993 0.20264 0.19043 0.17818 0.16069 0.04812 ( 1)  0.179
 111 N   0.22805 0.20779 0.19361 0.17952 0.15962 0.03140 ( 1)  0.164
 112 K   0.21609 0.20007 0.18870 0.17725 0.16082 0.05707 ( 1)  0.187
 113 F   0.22335 0.20494 0.19198 0.17902 0.16058 0.04014 ( 1)  0.172
 114 I   0.21098 0.19649 0.18615 0.17569 0.16058 0.07012 ( 1)  0.198
 115 L   0.21905 0.20208 0.19009 0.17804 0.16081 0.04992 ( 1)  0.181
 116 I   0.21124 0.19667 0.18627 0.17576 0.16058 0.06947 ( 1)  0.198
 117 S   0.22754 0.20751 0.19349 0.17953 0.15980 0.03213 ( 1)  0.165
 118 T   0.02898 0.03947 0.04783 0.05697 0.07127 0.75548 ( 6)  0.792
 119 G   0.20005 0.18828 0.17981 0.17116 0.15853 0.10217 ( 1)  0.226
 120 G   0.21256 0.19761 0.18697 0.17622 0.16071 0.06592 ( 1)  0.195
 121 T   0.00287 0.00477 0.00658 0.00887 0.01314 0.96376 ( 6)  0.969
 122 S   0.10019 0.11364 0.12240 0.13052 0.14080 0.39245 ( 6)  0.480
 123 R   0.00000 0.00000 0.00000 0.00000 0.00001 0.99998 ( 6)  1.000
 124 S   0.01866 0.02576 0.03152 0.03795 0.04826 0.83786 ( 6)  0.862
 125 T   0.00000 0.00001 0.00002 0.00003 0.00008 0.99986 ( 6)  1.000
 126 G   0.00212 0.00356 0.00494 0.00670 0.01002 0.97265 ( 6)  0.977
 127 L   0.00249 0.00416 0.00575 0.00778 0.01157 0.96825 ( 6)  0.973
 128 V   0.00000 0.00000 0.00001 0.00001 0.00003 0.99995 ( 6)  1.000
 129 L   0.00001 0.00002 0.00003 0.00005 0.00012 0.99977 ( 6)  1.000
 130 S   0.00108 0.00186 0.00262 0.00363 0.00559 0.98522 ( 6)  0.988
 131 Q   0.19742 0.18621 0.17813 0.16986 0.15777 0.11061 ( 1)  0.234
 132 H   0.22140 0.20364 0.19111 0.17855 0.16066 0.04464 ( 1)  0.176
 133 L   0.02778 0.03789 0.04596 0.05479 0.06866 0.76492 ( 6)  0.800
 134 P   0.03207 0.04353 0.05260 0.06247 0.07780 0.73155 ( 6)  0.771
 135 S   0.10371 0.11735 0.12618 0.13430 0.14446 0.37400 ( 6)  0.464
 136 V   0.00031 0.00063 0.00098 0.00149 0.00258 0.99401 ( 6)  0.995
 137 E   0.00186 0.00312 0.00434 0.00591 0.00887 0.97591 ( 6)  0.980
 138 E   0.03792 0.05119 0.06160 0.07283 0.09008 0.68638 ( 6)  0.733
 139 P   0.00003 0.00008 0.00014 0.00024 0.00049 0.99901 ( 6)  0.999
 140 G   0.00000 0.00000 0.00000 0.00000 0.00000 1.00000 ( 6)  1.000
 141 T   0.00000 0.00001 0.00002 0.00004 0.00010 0.99982 ( 6)  1.000
 142 V   0.00033 0.00066 0.00103 0.00155 0.00269 0.99375 ( 6)  0.995
 143 A   0.00000 0.00000 0.00000 0.00000 0.00000 1.00000 ( 6)  1.000
 144 R   0.00000 0.00000 0.00000 0.00000 0.00000 1.00000 ( 6)  1.000
 145 T   0.00000 0.00000 0.00000 0.00000 0.00000 1.00000 ( 6)  1.000
 146 A   0.12040 0.13489 0.14395 0.15197 0.16142 0.28737 ( 6)  0.389
 147 N   0.00000 0.00001 0.00002 0.00004 0.00010 0.99982 ( 6)  1.000
 148 S   0.00000 0.00000 0.00001 0.00002 0.00004 0.99993 ( 6)  1.000
 149 Q   0.00002 0.00005 0.00009 0.00015 0.00031 0.99939 ( 6)  0.999
 150 V   0.00044 0.00088 0.00137 0.00206 0.00354 0.99171 ( 6)  0.993
 151 R   0.21850 0.20167 0.18976 0.17780 0.16070 0.05157 ( 1)  0.182
 152 E   0.11135 0.12547 0.13448 0.14265 0.15263 0.33342 ( 6)  0.429
 153 K   0.02876 0.03918 0.04748 0.05657 0.07079 0.75722 ( 6)  0.793
 154 N   0.00400 0.00659 0.00904 0.01210 0.01773 0.95054 ( 6)  0.958
 155 T   0.00233 0.00389 0.00539 0.00729 0.01087 0.97023 ( 6)  0.975
 156 S   0.00000 0.00000 0.00000 0.00000 0.00000 1.00000 ( 6)  1.000
 157 Q   0.19733 0.18614 0.17807 0.16982 0.15775 0.11089 ( 1)  0.234
 158 I   0.00000 0.00001 0.00003 0.00005 0.00012 0.99979 ( 6)  1.000
 159 P   0.00022 0.00045 0.00071 0.00108 0.00190 0.99563 ( 6)  0.996
 160 D   0.01988 0.02739 0.03347 0.04024 0.05107 0.82795 ( 6)  0.854
 161 P   0.00003 0.00006 0.00011 0.00019 0.00040 0.99921 ( 6)  0.999
 162 A   0.12170 0.13623 0.14528 0.15327 0.16263 0.28090 ( 6)  0.384
 163 G   0.10833 0.12229 0.13124 0.13941 0.14949 0.34924 ( 6)  0.443
 164 G   0.00013 0.00026 0.00042 0.00065 0.00117 0.99736 ( 6)  0.998
 165 S   0.02864 0.03901 0.04726 0.05628 0.07040 0.75841 ( 6)  0.794
 166 M   0.00000 0.00000 0.00000 0.00000 0.00000 1.00000 ( 6)  1.000
 167 A   0.00000 0.00001 0.00002 0.00004 0.00009 0.99984 ( 6)  1.000
 168 W   0.01132 0.01585 0.01961 0.02389 0.03093 0.89839 ( 6)  0.914
 169 H   0.03423 0.04632 0.05585 0.06618 0.08212 0.71530 ( 6)  0.758
 170 S   0.20865 0.19474 0.18480 0.17472 0.16015 0.07695 ( 1)  0.204
 171 G   0.02530 0.03460 0.04206 0.05027 0.06323 0.78454 ( 6)  0.817
 172 T   0.00000 0.00000 0.00000 0.00000 0.00001 0.99998 ( 6)  1.000
 173 D   0.11780 0.13221 0.14128 0.14936 0.15901 0.30033 ( 6)  0.401
 174 S   0.00151 0.00255 0.00358 0.00490 0.00743 0.98004 ( 6)  0.983
 175 A   0.00000 0.00000 0.00000 0.00000 0.00000 1.00000 ( 6)  1.000
 176 F   0.00000 0.00000 0.00000 0.00000 0.00000 1.00000 ( 6)  1.000
 177 A   0.00275 0.00458 0.00633 0.00853 0.01265 0.96516 ( 6)  0.971
 178 Q   0.08504 0.09729 0.10548 0.11327 0.12353 0.47539 ( 6)  0.551
 179 S   0.00001 0.00002 0.00005 0.00009 0.00020 0.99964 ( 6)  1.000
 180 R   0.00312 0.00517 0.00713 0.00959 0.01417 0.96082 ( 6)  0.967
 181 R   0.03428 0.04643 0.05602 0.06642 0.08251 0.71433 ( 6)  0.757
 182 T   0.00000 0.00001 0.00002 0.00004 0.00010 0.99982 ( 6)  1.000
 183 A   0.21917 0.20216 0.19014 0.17806 0.16080 0.04967 ( 1)  0.180
 184 V   0.00265 0.00442 0.00611 0.00825 0.01225 0.96631 ( 6)  0.972
 185 A   0.00000 0.00000 0.00000 0.00000 0.00000 1.00000 ( 6)  1.000
 186 T   0.11883 0.13326 0.14231 0.15036 0.15990 0.29534 ( 6)  0.396
 187 Q   0.10023 0.11366 0.12241 0.13051 0.14076 0.39244 ( 6)  0.480
 188 -   0.08870 0.08870 0.08870 0.08870 0.08870 0.55652 ( 6)  0.619
 189 A   0.00025 0.00050 0.00078 0.00119 0.00208 0.99520 ( 6)  0.996
 190 L   0.01089 0.01526 0.01888 0.02302 0.02984 0.90212 ( 6)  0.917
 191 C   0.00053 0.00098 0.00146 0.00211 0.00348 0.99144 ( 6)  0.993
 192 -   0.08870 0.08870 0.08870 0.08870 0.08870 0.55652 ( 6)  0.619
 193 I   0.13800 0.15272 0.16146 0.16877 0.17652 0.20252 ( 6)  0.316
 194 I   0.05288 0.07050 0.08403 0.09836 0.11974 0.57448 ( 6)  0.637
 195 V   0.00037 0.00075 0.00117 0.00177 0.00305 0.99289 ( 6)  0.994
 196 -   0.08870 0.08870 0.08870 0.08870 0.08870 0.55652 ( 6)  0.619
 197 L   0.08893 0.10151 0.10986 0.11775 0.12805 0.45389 ( 6)  0.532
 198 T   0.22028 0.20287 0.19058 0.17826 0.16067 0.04733 ( 1)  0.178
 199 S   0.03236 0.04392 0.05306 0.06302 0.07847 0.72917 ( 6)  0.769
 200 S   0.11767 0.13210 0.14118 0.14929 0.15897 0.30079 ( 6)  0.401
 201 G   0.21641 0.20031 0.18890 0.17741 0.16091 0.05606 ( 1)  0.186
 202 W   0.18647 0.17739 0.17079 0.16400 0.15397 0.14738 ( 1)  0.266
 203 G   0.02571 0.03516 0.04272 0.05104 0.06415 0.78123 ( 6)  0.814
 204 R   0.21965 0.20248 0.19035 0.17818 0.16078 0.04855 ( 1)  0.179
 205 -   0.08870 0.08870 0.08870 0.08870 0.08870 0.55652 ( 6)  0.619
 206 E   0.00401 0.00661 0.00906 0.01214 0.01778 0.95040 ( 6)  0.958
 207 L   0.00001 0.00003 0.00005 0.00009 0.00019 0.99962 ( 6)  1.000
 208 K   0.05914 0.07850 0.09327 0.10879 0.13172 0.52858 ( 6)  0.598
 209 D   0.00041 0.00083 0.00128 0.00194 0.00333 0.99221 ( 6)  0.993
 210 -   0.08870 0.08870 0.08870 0.08870 0.08870 0.55652 ( 6)  0.619
 211 L   0.00041 0.00083 0.00129 0.00194 0.00334 0.99219 ( 6)  0.993
 212 P   0.01692 0.02343 0.02874 0.03470 0.04432 0.85190 ( 6)  0.874
 213 V   0.09462 0.10767 0.11626 0.12429 0.13463 0.42253 ( 6)  0.506
 214 L   0.01060 0.01487 0.01841 0.02245 0.02913 0.90453 ( 6)  0.919
 215 -   0.08870 0.08870 0.08870 0.08870 0.08870 0.55652 ( 6)  0.619
 216 N   0.00062 0.00122 0.00189 0.00282 0.00480 0.98865 ( 6)  0.990
 217 K   0.00036 0.00073 0.00114 0.00172 0.00297 0.99307 ( 6)  0.994
 218 A   0.00000 0.00001 0.00003 0.00005 0.00011 0.99980 ( 6)  1.000
 219 -   0.08870 0.08870 0.08870 0.08870 0.08870 0.55652 ( 6)  0.619
 220 R   0.03297 0.04472 0.05401 0.06411 0.07977 0.72443 ( 6)  0.765
 221 R   0.00360 0.00596 0.00818 0.01098 0.01614 0.95513 ( 6)  0.962
 222 R   0.03367 0.04564 0.05509 0.06536 0.08126 0.71899 ( 6)  0.761
 223 T   0.03347 0.04536 0.05476 0.06496 0.08076 0.72070 ( 6)  0.762
 224 R   0.00003 0.00007 0.00012 0.00021 0.00044 0.99913 ( 6)  0.999
 225 S   0.00000 0.00000 0.00000 0.00001 0.00002 0.99997 ( 6)  1.000
 226 L   0.11778 0.13219 0.14125 0.14934 0.15898 0.30045 ( 6)  0.401
 227 C   0.00041 0.00082 0.00128 0.00193 0.00332 0.99223 ( 6)  0.993
 228 R   0.00000 0.00000 0.00000 0.00000 0.00000 1.00000 ( 6)  1.000
 229 K   0.13650 0.15126 0.16008 0.16750 0.17549 0.20917 ( 6)  0.322
 230 E   0.00005 0.00012 0.00020 0.00034 0.00069 0.99860 ( 6)  0.999
 231 -   0.08870 0.08870 0.08870 0.08870 0.08870 0.55652 ( 6)  0.619
 232 R   0.21866 0.20183 0.18991 0.17794 0.16082 0.05083 ( 1)  0.181
 233 L   0.17552 0.16817 0.16279 0.15723 0.14895 0.18734 ( 6)  0.300
 234 K   0.09573 0.10885 0.11747 0.12552 0.13584 0.41659 ( 6)  0.500
 235 K   0.02054 0.02827 0.03453 0.04148 0.05258 0.82259 ( 6)  0.849
 236 S   0.00047 0.00094 0.00146 0.00219 0.00375 0.99119 ( 6)  0.993
 237 C   0.10918 0.12320 0.13218 0.14035 0.15042 0.34467 ( 6)  0.439
 238 -   0.08870 0.08870 0.08870 0.08870 0.08870 0.55652 ( 6)  0.619
 239 -   0.08870 0.08870 0.08870 0.08870 0.08870 0.55652 ( 6)  0.619
 240 R   0.00000 0.00000 0.00000 0.00000 0.00000 1.00000 ( 6)  1.000
 241 S   0.00272 0.00453 0.00626 0.00845 0.01253 0.96551 ( 6)  0.971
 242 L   0.00025 0.00051 0.00080 0.00122 0.00213 0.99508 ( 6)  0.996
 243 L   0.01447 0.02011 0.02475 0.02997 0.03847 0.87222 ( 6)  0.891
 244 P   0.08687 0.09926 0.10753 0.11536 0.12563 0.46536 ( 6)  0.542
 245 H   0.00003 0.00007 0.00012 0.00020 0.00041 0.99919 ( 6)  0.999
 246 G   0.10397 0.11767 0.12654 0.13470 0.14492 0.37220 ( 6)  0.462
 247 R   0.00240 0.00400 0.00554 0.00750 0.01117 0.96938 ( 6)  0.974
 248 I   0.02302 0.03158 0.03847 0.04610 0.05819 0.80264 ( 6)  0.832
 249 Q   0.00002 0.00004 0.00008 0.00013 0.00028 0.99945 ( 6)  1.000
 250 C   0.00003 0.00006 0.00011 0.00019 0.00039 0.99923 ( 6)  0.999
 251 Q   0.00181 0.00304 0.00423 0.00576 0.00865 0.97651 ( 6)  0.980
 252 N   0.00082 0.00161 0.00247 0.00367 0.00618 0.98526 ( 6)  0.988
 253 D   0.22768 0.20759 0.19354 0.17955 0.15978 0.03186 ( 1)  0.165
 254 L   0.03265 0.04429 0.05351 0.06353 0.07907 0.72696 ( 6)  0.768
 255 H   0.02079 0.02861 0.03494 0.04196 0.05316 0.82054 ( 6)  0.847
 256 T   0.02038 0.02806 0.03427 0.04117 0.05219 0.82393 ( 6)  0.850
 257 P   0.00217 0.00363 0.00504 0.00683 0.01020 0.97213 ( 6)  0.976
 258 T   0.03434 0.04650 0.05609 0.06649 0.08256 0.71403 ( 6)  0.757
 259 W   0.18647 0.17739 0.17079 0.16400 0.15397 0.14738 ( 1)  0.266
 260 L   0.00420 0.00692 0.00947 0.01267 0.01852 0.94821 ( 6)  0.956
 261 -   0.08870 0.08870 0.08870 0.08870 0.08870 0.55652 ( 6)  0.619
 262 S   0.21918 0.20217 0.19015 0.17807 0.16081 0.04962 ( 1)  0.180
 263 S   0.11762 0.13205 0.14113 0.14924 0.15892 0.30105 ( 6)  0.401
 264 L   0.17851 0.17072 0.16503 0.15915 0.15042 0.17617 ( 1)  0.291
 265 P   0.22008 0.20274 0.19049 0.17821 0.16067 0.04780 ( 1)  0.179
 266 S   0.20952 0.19537 0.18528 0.17505 0.16026 0.07452 ( 1)  0.202
 267 T   0.03491 0.04725 0.05698 0.06752 0.08379 0.70955 ( 6)  0.753
 268 A   0.21947 0.20237 0.19028 0.17814 0.16079 0.04895 ( 1)  0.180
 269 L   0.01070 0.01500 0.01858 0.02265 0.02938 0.90369 ( 6)  0.918
 270 R   0.12354 0.13813 0.14718 0.15513 0.16436 0.27165 ( 6)  0.376
 271 G   0.00357 0.00590 0.00811 0.01088 0.01600 0.95553 ( 6)  0.962
 272 G   0.04552 0.06106 0.07313 0.08602 0.10554 0.62873 ( 6)  0.684
 273 V   0.02737 0.03735 0.04533 0.05407 0.06781 0.76807 ( 6)  0.803
 274 -   0.08870 0.08870 0.08870 0.08870 0.08870 0.55652 ( 6)  0.619
 275 L   0.12152 0.13605 0.14511 0.15310 0.16248 0.28173 ( 6)  0.385
 276 -   0.08870 0.08870 0.08870 0.08870 0.08870 0.55652 ( 6)  0.619
 277 K   0.11000 0.12406 0.13305 0.14121 0.15124 0.34045 ( 6)  0.435
 278 T   0.12258 0.13711 0.14614 0.15408 0.16334 0.27675 ( 6)  0.380
 279 S   0.20555 0.19247 0.18310 0.17358 0.15974 0.08555 ( 1)  0.212
 280 I   0.15303 0.16736 0.17534 0.18151 0.18700 0.13576 ( 5)  0.259
 281 P   0.09893 0.11227 0.12097 0.12905 0.13931 0.39946 ( 6)  0.486
 282 G   0.21263 0.19766 0.18700 0.17623 0.16070 0.06579 ( 1)  0.194
 283 L   0.17851 0.17072 0.16503 0.15915 0.15042 0.17617 ( 1)  0.291
 284 R   0.00034 0.00068 0.00106 0.00160 0.00278 0.99354 ( 6)  0.995
 285 I   0.22316 0.20478 0.19185 0.17892 0.16052 0.04078 ( 1)  0.172
 286 I   0.10681 0.12068 0.12961 0.13778 0.14792 0.35719 ( 6)  0.449
 287 S   0.03271 0.04438 0.05361 0.06365 0.07922 0.72643 ( 6)  0.767
 288 H   0.00000 0.00001 0.00001 0.00003 0.00007 0.99988 ( 6)  1.000
 289 I   0.21069 0.19628 0.18600 0.17559 0.16055 0.07088 ( 1)  0.199
 290 L   0.06619 0.07657 0.08371 0.09070 0.10031 0.58251 ( 6)  0.643
 291 S   0.04775 0.06391 0.07641 0.08973 0.10980 0.61240 ( 6)  0.670
 292 M   0.15476 0.16904 0.17693 0.18297 0.18819 0.12811 ( 5)  0.252
 293 -   0.08870 0.08870 0.08870 0.08870 0.08870 0.55652 ( 6)  0.619
 294 L   0.08525 0.09751 0.10571 0.11349 0.12374 0.47429 ( 6)  0.550
 295 S   0.22768 0.20759 0.19354 0.17955 0.15978 0.03186 ( 1)  0.165
 296 Q   0.19733 0.18614 0.17807 0.16982 0.15775 0.11089 ( 1)  0.234
 297 V   0.01821 0.02516 0.03081 0.03712 0.04728 0.84141 ( 6)  0.865
 298 G   0.21263 0.19766 0.18700 0.17623 0.16070 0.06579 ( 1)  0.194
 299 R   0.21965 0.20248 0.19035 0.17818 0.16078 0.04855 ( 1)  0.179
 300 I   0.09997 0.11338 0.12212 0.13021 0.14046 0.39386 ( 6)  0.481
 301 L   0.00033 0.00067 0.00104 0.00157 0.00272 0.99368 ( 6)  0.995
 302 F   0.00005 0.00012 0.00020 0.00035 0.00070 0.99859 ( 6)  0.999
 303 G   0.21692 0.20067 0.18914 0.17755 0.16091 0.05481 ( 1)  0.185
 304 I   0.00502 0.00823 0.01123 0.01496 0.02174 0.93882 ( 6)  0.948
 305 T   0.00047 0.00093 0.00145 0.00217 0.00372 0.99126 ( 6)  0.993
 306 C   0.20713 0.19368 0.18405 0.17428 0.16010 0.08078 ( 1)  0.208
 307 P   0.12379 0.13836 0.14738 0.15528 0.16445 0.27074 ( 6)  0.375
 308 S   0.12807 0.14281 0.15185 0.15970 0.16862 0.24896 ( 6)  0.356
 309 M   0.15476 0.16904 0.17693 0.18296 0.18819 0.12811 ( 5)  0.252
 310 T   0.00960 0.01546 0.02083 0.02737 0.03895 0.88779 ( 6)  0.905
 311 C   0.20713 0.19368 0.18405 0.17428 0.16010 0.08078 ( 1)  0.208
 312 L   0.17851 0.17072 0.16503 0.15915 0.15042 0.17617 ( 1)  0.291
 313 S   0.21918 0.20217 0.19015 0.17807 0.16081 0.04962 ( 1)  0.180
 314 V   0.20353 0.19096 0.18193 0.17275 0.15938 0.09145 ( 1)  0.217
 315 R   0.00464 0.00762 0.01042 0.01391 0.02027 0.94314 ( 6)  0.952
 316 H   0.00000 0.00001 0.00002 0.00004 0.00010 0.99982 ( 6)  1.000
 317 L   0.18340 0.17481 0.16856 0.16212 0.15258 0.15852 ( 1)  0.275
 318 L   0.08893 0.10151 0.10986 0.11775 0.12805 0.45389 ( 6)  0.532
 319 T   0.06015 0.07979 0.09475 0.11044 0.13360 0.52127 ( 6)  0.592
 320 V   0.21667 0.20050 0.18903 0.17748 0.16091 0.05541 ( 1)  0.185
 321 K   0.22566 0.20632 0.19276 0.17923 0.16007 0.03595 ( 1)  0.168
 322 S   0.09799 0.11128 0.11997 0.12806 0.13836 0.40435 ( 6)  0.490
 323 H   0.00000 0.00001 0.00002 0.00003 0.00008 0.99986 ( 6)  1.000
 324 S   0.02121 0.02917 0.03561 0.04275 0.05414 0.81712 ( 6)  0.844
 325 G   0.21263 0.19766 0.18700 0.17623 0.16070 0.06579 ( 1)  0.194
 326 L   0.19715 0.18598 0.17792 0.16968 0.15762 0.11164 ( 1)  0.234
 327 F   0.13080 0.14560 0.15461 0.16237 0.17105 0.23556 ( 6)  0.345
 328 T   0.12416 0.13874 0.14775 0.15565 0.16480 0.26891 ( 6)  0.374
 329 L   0.00114 0.00194 0.00273 0.00375 0.00571 0.98473 ( 6)  0.987
 330 M   0.15442 0.16871 0.17663 0.18270 0.18800 0.12954 ( 5)  0.253
 331 P   0.02645 0.03612 0.04385 0.05233 0.06567 0.77558 ( 6)  0.809
 332 T   0.12486 0.13947 0.14848 0.15637 0.16547 0.26535 ( 6)  0.370
 333 V   0.09273 0.10564 0.11416 0.12216 0.13251 0.43280 ( 6)  0.514
 334 A   0.12152 0.13605 0.14511 0.15311 0.16249 0.28172 ( 6)  0.385
 335 -   0.08870 0.08870 0.08870 0.08870 0.08870 0.55652 ( 6)  0.619
 336 H   0.00000 0.00001 0.00002 0.00004 0.00010 0.99982 ( 6)  1.000
 337 W   0.18647 0.17739 0.17079 0.16400 0.15397 0.14738 ( 1)  0.266
 338 T   0.22023 0.20284 0.19056 0.17825 0.16067 0.04745 ( 1)  0.178
 339 K   0.02377 0.03259 0.03968 0.04751 0.05991 0.79654 ( 6)  0.827
 340 C   0.00216 0.00361 0.00501 0.00680 0.01016 0.97225 ( 6)  0.977
 341 L   0.18188 0.17354 0.16747 0.16120 0.15192 0.16398 ( 1)  0.280
 342 *   0.22335 0.20491 0.19194 0.17896 0.16051 0.04033 ( 1)  0.172
 343 -   0.02411 0.03303 0.04019 0.04809 0.06058 0.79400 ( 6)  0.825
 344 -   0.17639 0.16893 0.16347 0.15782 0.14942 0.18397 ( 6)  0.297
 345 -   0.08322 0.09529 0.10337 0.11108 0.12127 0.48578 ( 6)  0.560
 346 -   0.00098 0.00168 0.00237 0.00326 0.00500 0.98671 ( 6)  0.989
 347 -   0.19302 0.18270 0.17524 0.16759 0.15636 0.12509 ( 1)  0.246
 348 -   0.21905 0.20205 0.19003 0.17796 0.16070 0.05021 ( 1)  0.181
 349 -   0.18751 0.17816 0.17138 0.16441 0.15413 0.14441 ( 1)  0.263
 350 -   0.20946 0.19536 0.18529 0.17509 0.16034 0.07446 ( 1)  0.202
 351 -   0.20876 0.19482 0.18487 0.17478 0.16018 0.07658 ( 1)  0.204
 352 -   0.17339 0.16633 0.16116 0.15581 0.14785 0.19546 ( 6)  0.307
 353 -   0.02723 0.03715 0.04508 0.05378 0.06744 0.76932 ( 6)  0.804
 354 -   0.00000 0.00000 0.00001 0.00002 0.00005 0.99992 ( 6)  1.000
 355 -   0.17323 0.16620 0.16104 0.15570 0.14775 0.19607 ( 6)  0.308
 356 -   0.20964 0.19550 0.18540 0.17517 0.16037 0.07393 ( 1)  0.202
 357 -   0.12553 0.14016 0.14917 0.15704 0.16609 0.26201 ( 6)  0.368
 358 *   0.00044 0.00088 0.00136 0.00205 0.00352 0.99175 ( 6)  0.993
 359 K   0.00005 0.00013 0.00022 0.00037 0.00075 0.99848 ( 6)  0.999
 360 S   0.00047 0.00095 0.00147 0.00220 0.00378 0.99113 ( 6)  0.993
 361 N   0.00002 0.00006 0.00011 0.00019 0.00038 0.99923 ( 6)  0.999
 362 T   0.00006 0.00015 0.00026 0.00044 0.00088 0.99821 ( 6)  0.998
 363 L   0.00425 0.00699 0.00958 0.01281 0.01873 0.94764 ( 6)  0.956
 364 Q   0.01506 0.02092 0.02572 0.03112 0.03990 0.86728 ( 6)  0.887
 365 I   0.12271 0.13721 0.14621 0.15412 0.16332 0.27645 ( 6)  0.380
 366 P   0.00004 0.00009 0.00015 0.00026 0.00053 0.99894 ( 6)  0.999
 367 -   0.08870 0.08870 0.08870 0.08870 0.08870 0.55652 ( 6)  0.619
 368 R   0.21578 0.19985 0.18855 0.17717 0.16082 0.05783 ( 1)  0.187
 369 P   0.00002 0.00005 0.00010 0.00016 0.00034 0.99932 ( 6)  0.999
 370 W   0.00011 0.00023 0.00037 0.00058 0.00103 0.99767 ( 6)  0.998
 371 E   0.02036 0.02804 0.03425 0.04116 0.05219 0.82401 ( 6)  0.850
 372 -   0.08870 0.08870 0.08870 0.08870 0.08870 0.55652 ( 6)  0.619
 373 -   0.08870 0.08870 0.08870 0.08870 0.08870 0.55652 ( 6)  0.619
 374 -   0.08870 0.08870 0.08870 0.08870 0.08870 0.55652 ( 6)  0.619
 375 N   0.13659 0.15136 0.16018 0.16761 0.17558 0.20867 ( 6)  0.322
 376 -   0.08870 0.08870 0.08870 0.08870 0.08870 0.55652 ( 6)  0.619
 377 T   0.02882 0.03925 0.04756 0.05664 0.07085 0.75689 ( 6)  0.793
 378 P   0.02670 0.03645 0.04425 0.05280 0.06626 0.77355 ( 6)  0.807
 379 -   0.08870 0.08870 0.08870 0.08870 0.08870 0.55652 ( 6)  0.619
 380 C   0.00004 0.00009 0.00016 0.00028 0.00057 0.99886 ( 6)  0.999
 381 T   0.20330 0.19074 0.18172 0.17255 0.15920 0.09248 ( 1)  0.218
 382 T   0.01695 0.02346 0.02877 0.03471 0.04430 0.85181 ( 6)  0.874
 383 E   0.12858 0.14327 0.15226 0.16003 0.16883 0.24703 ( 6)  0.355
 384 D   0.21252 0.19760 0.18697 0.17624 0.16075 0.06592 ( 1)  0.195
 385 E   0.21969 0.20252 0.19038 0.17821 0.16080 0.04841 ( 1)  0.179
 386 A   0.11580 0.13011 0.13915 0.14724 0.15697 0.31072 ( 6)  0.410
 387 F   0.09844 0.11179 0.12052 0.12863 0.13897 0.40164 ( 6)  0.488
 388 A   0.20169 0.18953 0.18079 0.17188 0.15889 0.09723 ( 1)  0.222
 389 S   0.21530 0.19952 0.18832 0.17703 0.16081 0.05902 ( 1)  0.189
 390 S   0.08370 0.09582 0.10394 0.11168 0.12190 0.48296 ( 6)  0.557
 391 D   0.00003 0.00007 0.00012 0.00021 0.00043 0.99915 ( 6)  0.999
 392 Q   0.20381 0.19115 0.18206 0.17281 0.15936 0.09081 ( 1)  0.216
 393 L   0.11572 0.13004 0.13908 0.14718 0.15693 0.31105 ( 6)  0.410
 394 L   0.19295 0.18263 0.17516 0.16750 0.15627 0.12550 ( 1)  0.247
 395 P   0.20237 0.19003 0.18116 0.17213 0.15898 0.09533 ( 1)  0.220
 396 C   0.00183 0.00308 0.00428 0.00583 0.00875 0.97623 ( 6)  0.980
 397 S   0.11539 0.12969 0.13873 0.14683 0.15660 0.31277 ( 6)  0.411
 398 N   0.00000 0.00000 0.00000 0.00000 0.00000 1.00000 ( 6)  1.000
 399 P   0.11643 0.13073 0.13974 0.14780 0.15744 0.30785 ( 6)  0.407
 400 V   0.19865 0.18719 0.17892 0.17049 0.15815 0.10660 ( 1)  0.230
 401 S   0.11533 0.12962 0.13865 0.14675 0.15651 0.31313 ( 6)  0.412
 402 N   0.00002 0.00005 0.00009 0.00015 0.00032 0.99936 ( 6)  0.999
 403 E   0.20863 0.19477 0.18486 0.17482 0.16028 0.07663 ( 1)  0.204
 404 S   0.20545 0.19235 0.18297 0.17344 0.15960 0.08620 ( 1)  0.212
 405 A   0.21555 0.19969 0.18844 0.17710 0.16081 0.05841 ( 1)  0.188
 406 S   0.09118 0.10395 0.11240 0.12035 0.13067 0.44146 ( 6)  0.522
 407 Y   0.01854 0.02561 0.03135 0.03776 0.04805 0.83868 ( 6)  0.863
 408 L   0.00018 0.00038 0.00059 0.00091 0.00160 0.99634 ( 6)  0.997
 409 A   0.21560 0.19973 0.18846 0.17712 0.16081 0.05828 ( 1)  0.188
 410 A   0.11527 0.12955 0.13858 0.14668 0.15643 0.31348 ( 6)  0.412
 411 F   0.12360 0.13824 0.14732 0.15531 0.16460 0.27093 ( 6)  0.375
 412 F   0.00020 0.00040 0.00064 0.00097 0.00171 0.99608 ( 6)  0.997
 413 E   0.21450 0.19896 0.18792 0.17679 0.16078 0.06105 ( 1)  0.190
 414 G   0.07918 0.09090 0.09881 0.10639 0.11653 0.50819 ( 6)  0.579
 415 S   0.02334 0.03200 0.03896 0.04665 0.05884 0.80022 ( 6)  0.830
 416 S   0.00019 0.00038 0.00060 0.00092 0.00162 0.99630 ( 6)  0.997
 417 T   0.00000 0.00000 0.00000 0.00000 0.00000 0.99999 ( 6)  1.000
 418 C   0.00318 0.00528 0.00727 0.00978 0.01443 0.96005 ( 6)  0.966
 419 G   0.21251 0.19758 0.18695 0.17620 0.16071 0.06604 ( 1)  0.195
 420 T   0.21642 0.20027 0.18881 0.17728 0.16075 0.05647 ( 1)  0.186
 421 G   0.00002 0.00005 0.00010 0.00017 0.00034 0.99932 ( 6)  0.999
 422 N   0.00000 0.00000 0.00000 0.00000 0.00001 0.99999 ( 6)  1.000
 423 I   0.03228 0.04382 0.05295 0.06289 0.07832 0.72973 ( 6)  0.770
 424 P   0.00236 0.00395 0.00547 0.00740 0.01102 0.96981 ( 6)  0.974
 425 -   0.08870 0.08870 0.08870 0.08870 0.08870 0.55652 ( 6)  0.619
 426 -   0.08870 0.08870 0.08870 0.08870 0.08870 0.55652 ( 6)  0.619
 427 L   0.00032 0.00065 0.00102 0.00154 0.00268 0.99378 ( 6)  0.995
 428 -   0.08870 0.08870 0.08870 0.08870 0.08870 0.55652 ( 6)  0.619
 429 D   0.12834 0.14307 0.15210 0.15993 0.16881 0.24776 ( 6)  0.355
 430 L   0.00002 0.00005 0.00008 0.00015 0.00030 0.99940 ( 6)  0.999
 431 P   0.02076 0.02856 0.03487 0.04187 0.05305 0.82089 ( 6)  0.848
 432 E   0.00000 0.00001 0.00002 0.00003 0.00007 0.99987 ( 6)  1.000
 433 Q   0.20381 0.19115 0.18206 0.17281 0.15936 0.09081 ( 1)  0.216
 434 -   0.08870 0.08870 0.08870 0.08870 0.08870 0.55652 ( 6)  0.619
 435 T   0.00187 0.00314 0.00437 0.00595 0.00893 0.97573 ( 6)  0.979
 436 C   0.00022 0.00045 0.00070 0.00107 0.00188 0.99568 ( 6)  0.996
 437 A   0.08848 0.10102 0.10936 0.11724 0.12754 0.45637 ( 6)  0.535
 438 H   0.11468 0.12896 0.13800 0.14613 0.15594 0.31629 ( 6)  0.414
 439 C   0.21608 0.20010 0.18875 0.17733 0.16092 0.05682 ( 1)  0.187
 440 S   0.00334 0.00553 0.00761 0.01022 0.01506 0.95824 ( 6)  0.965
 441 K   0.13250 0.14724 0.15615 0.16377 0.17218 0.22817 ( 6)  0.338
 442 D   0.11745 0.13186 0.14092 0.14902 0.15870 0.30205 ( 6)  0.402
 443 V   0.11591 0.13025 0.13931 0.14742 0.15718 0.30993 ( 6)  0.409
 444 S   0.00000 0.00000 0.00000 0.00000 0.00001 0.99998 ( 6)  1.000
 445 L   0.11963 0.13410 0.14315 0.15118 0.16068 0.29125 ( 6)  0.393
 446 F   0.00000 0.00000 0.00000 0.00000 0.00000 1.00000 ( 6)  1.000
 447 -   0.08870 0.08870 0.08870 0.08870 0.08870 0.55652 ( 6)  0.619
 448 -   0.08870 0.08870 0.08870 0.08870 0.08870 0.55652 ( 6)  0.619
 449 V   0.00363 0.00600 0.00825 0.01107 0.01626 0.95479 ( 6)  0.962
 450 V   0.00005 0.00012 0.00021 0.00036 0.00073 0.99852 ( 6)  0.999
 451 L   0.21697 0.20067 0.18912 0.17750 0.16083 0.05491 ( 1)  0.185
 452 F   0.00271 0.00451 0.00623 0.00841 0.01247 0.96568 ( 6)  0.971
 453 T   0.00045 0.00090 0.00140 0.00210 0.00361 0.99154 ( 6)  0.993
 454 H   0.00000 0.00000 0.00000 0.00000 0.00000 1.00000 ( 6)  1.000
 455 G   0.00000 0.00000 0.00000 0.00001 0.00002 0.99996 ( 6)  1.000
 456 C   0.00000 0.00001 0.00003 0.00005 0.00012 0.99979 ( 6)  1.000
 457 G   0.00024 0.00049 0.00078 0.00118 0.00207 0.99523 ( 6)  0.996
 458 -   0.08870 0.08870 0.08870 0.08870 0.08870 0.55652 ( 6)  0.619
 459 G   0.10954 0.12356 0.13252 0.14068 0.15070 0.34300 ( 6)  0.437
 460 G   0.00033 0.00066 0.00103 0.00157 0.00271 0.99370 ( 6)  0.995
 461 E   0.00280 0.00465 0.00643 0.00867 0.01284 0.96461 ( 6)  0.970
 462 P   0.10287 0.11646 0.12526 0.13336 0.14354 0.37851 ( 6)  0.468
 463 M   0.00947 0.01526 0.02057 0.02705 0.03852 0.88914 ( 6)  0.906
 464 -   0.08870 0.08870 0.08870 0.08870 0.08870 0.55652 ( 6)  0.619
 465 -   0.08870 0.08870 0.08870 0.08870 0.08870 0.55652 ( 6)  0.619
 466 R   0.00031 0.00062 0.00096 0.00146 0.00254 0.99411 ( 6)  0.995
 467 I   0.00003 0.00007 0.00013 0.00022 0.00045 0.99911 ( 6)  0.999
 468 I   0.00267 0.00445 0.00615 0.00830 0.01232 0.96611 ( 6)  0.971
 469 F   0.00044 0.00088 0.00136 0.00205 0.00353 0.99174 ( 6)  0.993
 470 P   0.00419 0.00689 0.00944 0.01262 0.01846 0.94841 ( 6)  0.956
 471 N   0.00008 0.00019 0.00032 0.00054 0.00108 0.99779 ( 6)  0.998
 472 T   0.00004 0.00009 0.00017 0.00028 0.00057 0.99884 ( 6)  0.999
 473 F   0.00464 0.00762 0.01041 0.01390 0.02028 0.94315 ( 6)  0.952
 474 S   0.00000 0.00000 0.00000 0.00000 0.00000 1.00000 ( 6)  1.000
 475 E   0.00052 0.00104 0.00160 0.00241 0.00411 0.99032 ( 6)  0.992
 476 G   0.10938 0.12338 0.13235 0.14050 0.15053 0.34385 ( 6)  0.438
 477 D   0.00039 0.00079 0.00123 0.00186 0.00320 0.99253 ( 6)  0.994
 478 Q   0.08909 0.10167 0.11002 0.11790 0.12818 0.45315 ( 6)  0.532
 479 L   0.11311 0.12730 0.13630 0.14442 0.15428 0.32458 ( 6)  0.421
 480 S   0.00386 0.00636 0.00872 0.01169 0.01713 0.95224 ( 6)  0.960
 481 D   0.00410 0.00675 0.00926 0.01239 0.01813 0.94938 ( 6)  0.957
 482 -   0.08870 0.08870 0.08870 0.08870 0.08870 0.55652 ( 6)  0.619
 483 -   0.08870 0.08870 0.08870 0.08870 0.08870 0.55652 ( 6)  0.619
 484 -   0.08870 0.08870 0.08870 0.08870 0.08870 0.55652 ( 6)  0.619
 485 T   0.00045 0.00090 0.00139 0.00209 0.00359 0.99159 ( 6)  0.993
 486 *   0.00000 0.00000 0.00000 0.00000 0.00000 1.00000 ( 6)  1.000
 487 *   0.00046 0.00093 0.00144 0.00216 0.00371 0.99129 ( 6)  0.993
 488 F   0.02452 0.03358 0.04086 0.04889 0.06158 0.79057 ( 6)  0.822
 489 P   0.12359 0.13815 0.14717 0.15509 0.16427 0.27174 ( 6)  0.376
 490 -   0.08870 0.08870 0.08870 0.08870 0.08870 0.55652 ( 6)  0.619
 491 G   0.00000 0.00000 0.00000 0.00000 0.00000 1.00000 ( 6)  1.000
 492 T   0.00000 0.00000 0.00000 0.00000 0.00000 1.00000 ( 6)  1.000
 493 R   0.01041 0.01461 0.01810 0.02207 0.02865 0.90616 ( 6)  0.920
 494 -   0.08870 0.08870 0.08870 0.08870 0.08870 0.55652 ( 6)  0.619
 495 -   0.08870 0.08870 0.08870 0.08870 0.08870 0.55652 ( 6)  0.619
 496 G   0.00306 0.00508 0.00700 0.00943 0.01393 0.96149 ( 6)  0.967
 497 G   0.02448 0.03353 0.04079 0.04879 0.06145 0.79097 ( 6)  0.822
 498 G   0.02625 0.03587 0.04356 0.05201 0.06532 0.77699 ( 6)  0.810
 499 R   0.00000 0.00000 0.00000 0.00000 0.00000 0.99999 ( 6)  1.000
 500 L   0.03141 0.04267 0.05160 0.06132 0.07645 0.73653 ( 6)  0.776
 501 T   0.00029 0.00059 0.00092 0.00140 0.00243 0.99437 ( 6)  0.995
 502 A   0.00000 0.00000 0.00000 0.00000 0.00000 1.00000 ( 6)  1.000
 503 G   0.00528 0.00806 0.01056 0.01361 0.01904 0.94346 ( 6)  0.952
 504 -   0.08870 0.08870 0.08870 0.08870 0.08870 0.55652 ( 6)  0.619
 505 L   0.18530 0.17638 0.16989 0.16321 0.15335 0.15187 ( 1)  0.269
 506 A   0.00021 0.00044 0.00069 0.00105 0.00184 0.99578 ( 6)  0.996
 507 V   0.00378 0.00624 0.00856 0.01148 0.01685 0.95309 ( 6)  0.960
 508 P   0.00417 0.00687 0.00941 0.01258 0.01840 0.94856 ( 6)  0.956
 509 F   0.00027 0.00055 0.00086 0.00131 0.00229 0.99472 ( 6)  0.996
 510 C   0.00000 0.00000 0.00000 0.00000 0.00000 0.99999 ( 6)  1.000
 511 F   0.03126 0.04247 0.05137 0.06106 0.07614 0.73770 ( 6)  0.777
 512 N   0.04962 0.06632 0.07921 0.09292 0.11350 0.59843 ( 6)  0.658
 513 H   0.00000 0.00000 0.00000 0.00000 0.00000 1.00000 ( 6)  1.000
 514 N   0.00062 0.00122 0.00189 0.00283 0.00480 0.98864 ( 6)  0.990
 515 C   0.00000 0.00000 0.00000 0.00000 0.00000 1.00000 ( 6)  1.000
 516 K   0.03744 0.05055 0.06084 0.07195 0.08902 0.69021 ( 6)  0.736
 517 G   0.02567 0.03511 0.04266 0.05097 0.06406 0.78153 ( 6)  0.814
 518 R   0.12347 0.13806 0.14710 0.15505 0.16429 0.27203 ( 6)  0.376
 519 V   0.00042 0.00083 0.00129 0.00195 0.00336 0.99215 ( 6)  0.993
 520 R   0.00017 0.00034 0.00054 0.00083 0.00148 0.99664 ( 6)  0.997
 521 L   0.00223 0.00374 0.00518 0.00702 0.01048 0.97135 ( 6)  0.976
 522 V   0.00002 0.00005 0.00009 0.00016 0.00033 0.99935 ( 6)  0.999
 523 C   0.00002 0.00006 0.00010 0.00017 0.00035 0.99931 ( 6)  0.999
 524 P   0.00041 0.00082 0.00128 0.00193 0.00332 0.99224 ( 6)  0.993
 525 C   0.00002 0.00005 0.00008 0.00015 0.00031 0.99940 ( 6)  0.999
 526 L   0.03050 0.04147 0.05018 0.05969 0.07450 0.74366 ( 6)  0.782
 527 S   0.00053 0.00106 0.00164 0.00246 0.00420 0.99010 ( 6)  0.992
 528 R   0.00001 0.00002 0.00003 0.00006 0.00014 0.99975 ( 6)  1.000
 529 D   0.00006 0.00013 0.00023 0.00040 0.00079 0.99839 ( 6)  0.999
 530 -   0.08870 0.08870 0.08870 0.08870 0.08870 0.55652 ( 6)  0.619
 531 E   0.03465 0.04692 0.05660 0.06709 0.08330 0.71145 ( 6)  0.754
 532 -   0.08870 0.08870 0.08870 0.08870 0.08870 0.55652 ( 6)  0.619
 533 M   0.00358 0.00592 0.00813 0.01090 0.01602 0.95545 ( 6)  0.962
 534 F   0.00003 0.00006 0.00011 0.00019 0.00039 0.99922 ( 6)  0.999
 535 H   0.14158 0.15630 0.16493 0.17205 0.17939 0.18575 ( 6)  0.302
 536 C   0.00000 0.00000 0.00000 0.00000 0.00000 1.00000 ( 6)  1.000
 537 A   0.00000 0.00000 0.00000 0.00000 0.00000 1.00000 ( 6)  1.000
 538 E   0.12828 0.14299 0.15200 0.15981 0.16866 0.24826 ( 6)  0.356
 539 V   0.02781 0.03794 0.04602 0.05488 0.06877 0.76458 ( 6)  0.800
 540 T   0.00004 0.00009 0.00016 0.00027 0.00054 0.99891 ( 6)  0.999
 541 I   0.00000 0.00001 0.00002 0.00004 0.00009 0.99985 ( 6)  1.000
 542 -   0.08870 0.08870 0.08870 0.08870 0.08870 0.55652 ( 6)  0.619
 543 G   0.00003 0.00006 0.00011 0.00019 0.00039 0.99922 ( 6)  0.999
 544 C   0.00000 0.00000 0.00000 0.00000 0.00001 0.99998 ( 6)  1.000
 545 F   0.12215 0.13675 0.14583 0.15385 0.16325 0.27816 ( 6)  0.382
 546 -   0.08870 0.08870 0.08870 0.08870 0.08870 0.55652 ( 6)  0.619
 547 L   0.00519 0.00850 0.01159 0.01543 0.02240 0.93689 ( 6)  0.947
 548 T   0.00000 0.00000 0.00000 0.00000 0.00000 1.00000 ( 6)  1.000
 549 S   0.11246 0.12665 0.13568 0.14384 0.15379 0.32757 ( 6)  0.424
 550 Y   0.20477 0.19188 0.18264 0.17324 0.15958 0.08790 ( 1)  0.214
 551 K   0.22506 0.20595 0.19254 0.17916 0.16017 0.03712 ( 1)  0.169
 552 E   0.21168 0.19699 0.18652 0.17593 0.16065 0.06822 ( 1)  0.197
 553 M   0.00000 0.00000 0.00000 0.00000 0.00001 0.99998 ( 6)  1.000
 554 -   0.08870 0.08870 0.08870 0.08870 0.08870 0.55652 ( 6)  0.619
 555 -   0.08870 0.08870 0.08870 0.08870 0.08870 0.55652 ( 6)  0.619
 556 A   0.00000 0.00000 0.00000 0.00000 0.00001 0.99998 ( 6)  1.000
 557 G   0.02444 0.03346 0.04071 0.04869 0.06132 0.79137 ( 6)  0.822
 558 N   0.00004 0.00010 0.00018 0.00030 0.00060 0.99879 ( 6)  0.999
 559 E   0.00002 0.00006 0.00010 0.00017 0.00035 0.99929 ( 6)  0.999
 560 Q   0.08355 0.09567 0.10380 0.11154 0.12179 0.48365 ( 6)  0.558
 561 I   0.00490 0.00803 0.01097 0.01463 0.02128 0.94018 ( 6)  0.949
 562 Q   0.08111 0.09301 0.10102 0.10868 0.11887 0.49732 ( 6)  0.570
 563 K   0.11324 0.12744 0.13645 0.14458 0.15445 0.32384 ( 6)  0.421
 564 E   0.22257 0.20440 0.19161 0.17880 0.16057 0.04204 ( 1)  0.174
 565 T   0.21936 0.20226 0.19017 0.17804 0.16070 0.04947 ( 1)  0.180
 566 A   0.00180 0.00303 0.00421 0.00573 0.00860 0.97664 ( 6)  0.980
 567 P   0.00002 0.00006 0.00010 0.00017 0.00036 0.99929 ( 6)  0.999
 568 S   0.04079 0.05493 0.06599 0.07787 0.09602 0.66439 ( 6)  0.714
 569 T   0.00002 0.00006 0.00011 0.00018 0.00038 0.99925 ( 6)  0.999
 570 A   0.03171 0.04307 0.05207 0.06187 0.07711 0.73418 ( 6)  0.774
 571 L   0.00001 0.00003 0.00005 0.00009 0.00018 0.99965 ( 6)  1.000
 572 L   0.12089 0.13540 0.14446 0.15247 0.16190 0.28487 ( 6)  0.387
 573 -   0.08870 0.08870 0.08870 0.08870 0.08870 0.55652 ( 6)  0.619
 574 R   0.03167 0.04301 0.05200 0.06179 0.07702 0.73450 ( 6)  0.774
 575 A   0.03135 0.04259 0.05150 0.06120 0.07631 0.73705 ( 6)  0.776
 576 C   0.00200 0.00336 0.00467 0.00634 0.00950 0.97414 ( 6)  0.978
 577 P   0.01829 0.02527 0.03093 0.03726 0.04743 0.84082 ( 6)  0.865
 578 Y   0.00000 0.00001 0.00001 0.00003 0.00006 0.99989 ( 6)  1.000
 579 L   0.00028 0.00056 0.00088 0.00133 0.00232 0.99464 ( 6)  0.995
 580 S   0.00391 0.00645 0.00884 0.01185 0.01736 0.95159 ( 6)  0.959
 581 G   0.00401 0.00662 0.00907 0.01214 0.01778 0.95038 ( 6)  0.958
 582 E   0.00283 0.00472 0.00651 0.00878 0.01300 0.96417 ( 6)  0.970
 583 Q   0.09651 0.10967 0.11829 0.12633 0.13661 0.41259 ( 6)  0.497
 584 -   0.08870 0.08870 0.08870 0.08870 0.08870 0.55652 ( 6)  0.619
 585 I   0.01923 0.02652 0.03243 0.03902 0.04958 0.83323 ( 6)  0.858
 586 -   0.08870 0.08870 0.08870 0.08870 0.08870 0.55652 ( 6)  0.619
 587 S   0.00000 0.00001 0.00002 0.00004 0.00011 0.99981 ( 6)  1.000
 588 F   0.02306 0.03164 0.03855 0.04619 0.05831 0.80225 ( 6)  0.832
 589 T   0.00261 0.00435 0.00601 0.00812 0.01206 0.96685 ( 6)  0.972
 590 V   0.00020 0.00040 0.00063 0.00096 0.00169 0.99613 ( 6)  0.997
 591 R   0.02397 0.03284 0.03997 0.04784 0.06030 0.79508 ( 6)  0.826
 592 S   0.02946 0.04011 0.04858 0.05785 0.07232 0.75167 ( 6)  0.789
 593 -   0.08870 0.08870 0.08870 0.08870 0.08870 0.55652 ( 6)  0.619
 594 P   0.00000 0.00001 0.00001 0.00003 0.00006 0.99989 ( 6)  1.000
 595 P   0.00000 0.00000 0.00000 0.00001 0.00002 0.99997 ( 6)  1.000
 596 L   0.09643 0.10960 0.11825 0.12631 0.13662 0.41279 ( 6)  0.497
 597 T   0.10211 0.11566 0.12445 0.13256 0.14276 0.38246 ( 6)  0.471
 598 A   0.00003 0.00009 0.00015 0.00026 0.00052 0.99895 ( 6)  0.999
 599 G   0.10532 0.11910 0.12798 0.13613 0.14629 0.36518 ( 6)  0.456
 600 R   0.02070 0.02852 0.03486 0.04190 0.05316 0.82086 ( 6)  0.848
 601 P   0.11394 0.12814 0.13712 0.14521 0.15498 0.32061 ( 6)  0.418
 602 A   0.00001 0.00002 0.00004 0.00007 0.00016 0.99970 ( 6)  1.000
 603 S   0.01751 0.02422 0.02968 0.03579 0.04563 0.84717 ( 6)  0.870
 604 -   0.08870 0.08870 0.08870 0.08870 0.08870 0.55652 ( 6)  0.619
 605 E   0.03593 0.04859 0.05856 0.06934 0.08597 0.70162 ( 6)  0.746
 606 R   0.00000 0.00000 0.00000 0.00000 0.00001 0.99998 ( 6)  1.000
 607 I   0.00474 0.00779 0.01064 0.01419 0.02067 0.94197 ( 6)  0.951
 608 T   0.00004 0.00011 0.00019 0.00032 0.00065 0.99869 ( 6)  0.999
 609 A   0.09658 0.10977 0.11842 0.12648 0.13681 0.41194 ( 6)  0.496
 610 -   0.08870 0.08870 0.08870 0.08870 0.08870 0.55652 ( 6)  0.619
 611 M   0.07954 0.09129 0.09921 0.10680 0.11694 0.50622 ( 6)  0.577
 612 P   0.02564 0.03506 0.04260 0.05090 0.06399 0.78181 ( 6)  0.814
 613 P   0.00000 0.00000 0.00000 0.00001 0.00002 0.99997 ( 6)  1.000
 614 G   0.09754 0.11080 0.11948 0.12756 0.13787 0.40676 ( 6)  0.492
 615 -   0.08870 0.08870 0.08870 0.08870 0.08870 0.55652 ( 6)  0.619
 616 R   0.12155 0.13607 0.14511 0.15309 0.16245 0.28173 ( 6)  0.385
 617 G   0.01853 0.02558 0.03132 0.03772 0.04800 0.83886 ( 6)  0.863
 618 T   0.00004 0.00010 0.00017 0.00029 0.00059 0.99882 ( 6)  0.999
 619 F   0.00023 0.00046 0.00073 0.00111 0.00194 0.99553 ( 6)  0.996
 620 -   0.08870 0.08870 0.08870 0.08870 0.08870 0.55652 ( 6)  0.619
 621 N   0.22909 0.20841 0.19396 0.17961 0.15938 0.02955 ( 1)  0.162
 622 T   0.00363 0.00599 0.00823 0.01104 0.01621 0.95490 ( 6)  0.962
 623 S   0.00003 0.00008 0.00014 0.00025 0.00050 0.99899 ( 6)  0.999
 624 Q   0.20693 0.19349 0.18388 0.17412 0.15996 0.08163 ( 1)  0.208
 625 R   0.00000 0.00001 0.00002 0.00004 0.00008 0.99985 ( 6)  1.000
 626 D   0.00000 0.00001 0.00002 0.00004 0.00009 0.99984 ( 6)  1.000
 627 V   0.00000 0.00001 0.00001 0.00002 0.00006 0.99990 ( 6)  1.000
 628 Q   0.00017 0.00034 0.00054 0.00083 0.00147 0.99664 ( 6)  0.997
 629 Q   0.20693 0.19349 0.18388 0.17412 0.15996 0.08163 ( 1)  0.208
 630 I   0.00027 0.00054 0.00085 0.00130 0.00226 0.99478 ( 6)  0.996
 631 A   0.03179 0.04316 0.05218 0.06199 0.07725 0.73363 ( 6)  0.773
 632 S   0.00000 0.00000 0.00000 0.00000 0.00000 1.00000 ( 6)  1.000
 633 F   0.22245 0.20436 0.19161 0.17885 0.16067 0.04205 ( 1)  0.174
 634 F   0.12892 0.14368 0.15271 0.16054 0.16939 0.24476 ( 6)  0.353
 635 D   0.00069 0.00137 0.00210 0.00314 0.00531 0.98739 ( 6)  0.989
 636 S   0.21826 0.20155 0.18972 0.17784 0.16083 0.05181 ( 1)  0.182
 637 L   0.01406 0.01956 0.02408 0.02919 0.03751 0.87561 ( 6)  0.894
 638 Q   0.20693 0.19349 0.18388 0.17412 0.15996 0.08163 ( 1)  0.208
 639 S   0.11702 0.13141 0.14046 0.14856 0.15825 0.30430 ( 6)  0.404
 640 P   0.02940 0.04001 0.04844 0.05765 0.07203 0.75248 ( 6)  0.789
 641 S   0.13767 0.15247 0.16127 0.16866 0.17655 0.20337 ( 6)  0.317
 642 T   0.00143 0.00242 0.00338 0.00462 0.00699 0.98115 ( 6)  0.984
 643 T   0.09804 0.11131 0.11999 0.12805 0.13832 0.40430 ( 6)  0.490
 644 T   0.00384 0.00633 0.00868 0.01163 0.01705 0.95247 ( 6)  0.960
 645 P   0.11653 0.13084 0.13986 0.14792 0.15757 0.30727 ( 6)  0.407
 646 P   0.11594 0.13022 0.13922 0.14728 0.15694 0.31040 ( 6)  0.409
 647 T   0.01509 0.02096 0.02576 0.03117 0.03995 0.86707 ( 6)  0.887
 648 G   0.09756 0.11083 0.11951 0.12759 0.13791 0.40659 ( 6)  0.492
 649 G   0.00003 0.00008 0.00015 0.00025 0.00051 0.99898 ( 6)  0.999
 650 L   0.20463 0.19178 0.18256 0.17318 0.15955 0.08830 ( 1)  0.214
 651 D   0.12611 0.14080 0.14985 0.15775 0.16681 0.25868 ( 6)  0.365
 652 P   0.00405 0.00667 0.00914 0.01223 0.01790 0.95002 ( 6)  0.958
 653 W   0.18547 0.17656 0.17008 0.16341 0.15355 0.15093 ( 1)  0.269
 654 K   0.21735 0.20089 0.18924 0.17752 0.16074 0.05426 ( 1)  0.184
 655 S   0.01995 0.02748 0.03359 0.04038 0.05124 0.82736 ( 6)  0.853
 656 A   0.21526 0.19949 0.18829 0.17701 0.16080 0.05916 ( 1)  0.189
 657 L   0.00019 0.00038 0.00061 0.00093 0.00165 0.99625 ( 6)  0.997
 658 S   0.06933 0.08004 0.08737 0.09452 0.10427 0.56448 ( 6)  0.627
 659 A   0.00370 0.00611 0.00840 0.01126 0.01653 0.95400 ( 6)  0.961
 660 K   0.21499 0.19931 0.18818 0.17695 0.16082 0.05974 ( 1)  0.189
 661 R   0.00004 0.00009 0.00016 0.00027 0.00055 0.99889 ( 6)  0.999
 662 G   0.02609 0.03566 0.04332 0.05175 0.06501 0.77816 ( 6)  0.811
 663 N   0.12449 0.13910 0.14813 0.15605 0.16520 0.26704 ( 6)  0.372
 664 E   0.21409 0.19867 0.18772 0.17666 0.16075 0.06211 ( 1)  0.191
 665 L   0.06747 0.07799 0.08521 0.09227 0.10194 0.57513 ( 6)  0.636
 666 D   0.13202 0.14679 0.15574 0.16341 0.17192 0.23013 ( 6)  0.340
 667 F   0.22245 0.20436 0.19161 0.17885 0.16067 0.04205 ( 1)  0.174
 668 S   0.21607 0.20008 0.18873 0.17730 0.16089 0.05695 ( 1)  0.187
 669 P   0.21855 0.20171 0.18981 0.17784 0.16073 0.05136 ( 1)  0.182
 670 V   0.20254 0.19020 0.18134 0.17231 0.15915 0.09447 ( 1)  0.220
 671 R   0.12367 0.13826 0.14731 0.15525 0.16447 0.27104 ( 6)  0.375
 672 T   0.21874 0.20185 0.18990 0.17789 0.16073 0.05089 ( 1)  0.181
 673 L   0.01985 0.02735 0.03343 0.04020 0.05102 0.82815 ( 6)  0.854
 674 Q   0.01514 0.02102 0.02584 0.03127 0.04007 0.86666 ( 6)  0.887
 675 L   0.17830 0.17053 0.16485 0.15898 0.15027 0.17707 ( 1)  0.291
 676 P   0.11934 0.13378 0.14281 0.15084 0.16033 0.29290 ( 6)  0.394
 677 F   0.12785 0.14258 0.15162 0.15948 0.16842 0.25005 ( 6)  0.357
 678 T   0.21854 0.20171 0.18981 0.17785 0.16074 0.05134 ( 1)  0.182
 679 P   0.11638 0.13069 0.13972 0.14779 0.15746 0.30797 ( 6)  0.407
 680 F   0.00039 0.00079 0.00122 0.00185 0.00318 0.99257 ( 6)  0.994
 681 Q   0.00018 0.00036 0.00057 0.00087 0.00154 0.99649 ( 6)  0.997
 682 E   0.11584 0.13018 0.13924 0.14736 0.15713 0.31027 ( 6)  0.409
 683 N   0.14185 0.15657 0.16520 0.17230 0.17961 0.18447 ( 6)  0.301
 684 Q   0.19670 0.18563 0.17764 0.16947 0.15751 0.11305 ( 1)  0.236
 685 D   0.22650 0.20687 0.19312 0.17941 0.16001 0.03409 ( 1)  0.167
 686 L   0.17754 0.16989 0.16431 0.15853 0.14995 0.17978 ( 6)  0.294
 687 L   0.18235 0.17393 0.16780 0.16147 0.15211 0.16234 ( 1)  0.279
 688 D   0.01872 0.02584 0.03162 0.03808 0.04844 0.83730 ( 6)  0.862
 689 F   0.10680 0.12068 0.12962 0.13780 0.14796 0.35713 ( 6)  0.449
 690 N   0.22909 0.20841 0.19396 0.17961 0.15938 0.02955 ( 1)  0.162
 691 S   0.13589 0.15069 0.15954 0.16703 0.17512 0.21173 ( 6)  0.324
 692 T   0.21676 0.20051 0.18900 0.17741 0.16079 0.05554 ( 1)  0.185
 693 P   0.21741 0.20095 0.18929 0.17757 0.16077 0.05401 ( 1)  0.184
 694 L   0.00223 0.00374 0.00519 0.00703 0.01049 0.97133 ( 6)  0.976
 695 K   0.22506 0.20595 0.19254 0.17916 0.16017 0.03712 ( 1)  0.169
 696 N   0.12128 0.13582 0.14488 0.15289 0.16231 0.28283 ( 6)  0.386
 697 P   0.10847 0.12239 0.13131 0.13943 0.14944 0.34894 ( 6)  0.442
 698 L   0.21682 0.20057 0.18906 0.17747 0.16085 0.05524 ( 1)  0.185
 699 P   0.02254 0.03095 0.03773 0.04522 0.05714 0.80642 ( 6)  0.835
 700 E   0.00318 0.00527 0.00726 0.00977 0.01442 0.96008 ( 6)  0.966
 701 S   0.11214 0.12627 0.13526 0.14338 0.15327 0.32969 ( 6)  0.426
 702 S   0.09427 0.10726 0.11581 0.12381 0.13410 0.42474 ( 6)  0.507
 703 W   0.00018 0.00036 0.00057 0.00088 0.00155 0.99645 ( 6)  0.997
 704 E   0.12959 0.14433 0.15332 0.16108 0.16982 0.24185 ( 6)  0.350
 705 L   0.06649 0.07689 0.08405 0.09105 0.10067 0.58084 ( 6)  0.641
 706 L   0.21665 0.20045 0.18897 0.17741 0.16083 0.05568 ( 1)  0.186
 707 N   0.11946 0.13393 0.14300 0.15106 0.16060 0.29195 ( 6)  0.393
 708 T   0.12093 0.13541 0.14443 0.15242 0.16179 0.28503 ( 6)  0.387
 709 E   0.12871 0.14342 0.15242 0.16021 0.16901 0.24623 ( 6)  0.354
 710 S   0.21679 0.20055 0.18904 0.17745 0.16083 0.05534 ( 1)  0.185
 711 N   0.02852 0.03887 0.04712 0.05615 0.07029 0.75906 ( 6)  0.795
 712 D   0.00613 0.01000 0.01359 0.01803 0.02605 0.92620 ( 6)  0.938
 713 T   0.00005 0.00012 0.00021 0.00036 0.00073 0.99852 ( 6)  0.999
 714 V   0.00246 0.00410 0.00568 0.00768 0.01143 0.96865 ( 6)  0.973
 715 H   0.00003 0.00008 0.00015 0.00026 0.00052 0.99896 ( 6)  0.999
 716 S   0.00000 0.00000 0.00000 0.00001 0.00002 0.99997 ( 6)  1.000
 717 P   0.21911 0.20209 0.19006 0.17798 0.16071 0.05006 ( 1)  0.181
 718 L   0.21564 0.19977 0.18850 0.17715 0.16084 0.05810 ( 1)  0.188
 719 T   0.10919 0.12319 0.13216 0.14031 0.15036 0.34479 ( 6)  0.439
 720 S   0.22649 0.20686 0.19311 0.17940 0.16000 0.03413 ( 1)  0.167
 721 S   0.20519 0.19219 0.18287 0.17341 0.15965 0.08669 ( 1)  0.213
 722 P   0.21914 0.20211 0.19007 0.17799 0.16071 0.04998 ( 1)  0.181
 723 S   0.00002 0.00005 0.00009 0.00016 0.00033 0.99934 ( 6)  0.999
 724 L   0.00293 0.00487 0.00672 0.00905 0.01340 0.96303 ( 6)  0.969
 725 I   0.00000 0.00000 0.00000 0.00000 0.00000 1.00000 ( 6)  1.000
 726 H   0.00377 0.00623 0.00854 0.01145 0.01681 0.95320 ( 6)  0.960
 727 K   0.03242 0.04399 0.05314 0.06310 0.07856 0.72879 ( 6)  0.769
 728 S   0.00026 0.00053 0.00083 0.00126 0.00220 0.99492 ( 6)  0.996
 729 A   0.00029 0.00058 0.00090 0.00137 0.00238 0.99449 ( 6)  0.995
 730 K   0.02627 0.03589 0.04359 0.05204 0.06534 0.77687 ( 6)  0.810
 731 Q   0.09004 0.10272 0.11114 0.11907 0.12939 0.44764 ( 6)  0.527
 732 L   0.00018 0.00037 0.00059 0.00090 0.00159 0.99636 ( 6)  0.997
 733 P   0.00000 0.00001 0.00001 0.00003 0.00006 0.99989 ( 6)  1.000
 734 L   0.00021 0.00042 0.00067 0.00102 0.00180 0.99588 ( 6)  0.997
 735 E   0.22233 0.20424 0.19150 0.17875 0.16059 0.04259 ( 1)  0.174
 736 L   0.18261 0.17415 0.16799 0.16163 0.15223 0.16139 ( 1)  0.278
 737 P   0.03112 0.04227 0.05111 0.06075 0.07574 0.73901 ( 6)  0.778
 738 A   0.00040 0.00081 0.00126 0.00190 0.00327 0.99236 ( 6)  0.994
 739 S   0.00211 0.00354 0.00491 0.00666 0.00996 0.97283 ( 6)  0.977
 740 G   0.11305 0.12725 0.13628 0.14442 0.15431 0.32469 ( 6)  0.422
 741 F   0.00276 0.00460 0.00635 0.00857 0.01271 0.96501 ( 6)  0.970
 742 T   0.09842 0.11173 0.12043 0.12850 0.13878 0.40214 ( 6)  0.488
 743 E   0.22257 0.20440 0.19161 0.17880 0.16057 0.04204 ( 1)  0.174
 744 N   0.22909 0.20841 0.19396 0.17961 0.15938 0.02955 ( 1)  0.162
 745 R   0.19894 0.18734 0.17899 0.17047 0.15802 0.10623 ( 1)  0.230
 746 S   0.20615 0.19289 0.18340 0.17376 0.15977 0.08403 ( 1)  0.210
 747 L   0.12076 0.13526 0.14431 0.15233 0.16175 0.28559 ( 6)  0.388
 748 M   0.15311 0.16748 0.17550 0.18170 0.18725 0.13497 ( 5)  0.258
 749 E   0.21285 0.19780 0.18710 0.17628 0.16069 0.06527 ( 1)  0.194
 750 G   0.21590 0.19996 0.18865 0.17726 0.16089 0.05733 ( 1)  0.187
 751 L   0.19232 0.18213 0.17476 0.16721 0.15610 0.12748 ( 1)  0.248
 752 I   0.22060 0.20312 0.19078 0.17840 0.16074 0.04635 ( 1)  0.177
 753 L   0.18297 0.17444 0.16823 0.16183 0.15235 0.16018 ( 1)  0.277
 754 D   0.22609 0.20662 0.19297 0.17936 0.16008 0.03488 ( 1)  0.167
 755 T   0.12128 0.13578 0.14481 0.15278 0.16214 0.28321 ( 6)  0.386
 756 M   0.23478 0.21164 0.19561 0.17980 0.15772 0.02044 ( 1)  0.154
 757 N   0.21825 0.20156 0.18975 0.17788 0.16088 0.05167 ( 1)  0.182
 758 D   0.22665 0.20696 0.19317 0.17943 0.15998 0.03381 ( 1)  0.166
 759 S   0.21626 0.20022 0.18883 0.17737 0.16091 0.05641 ( 1)  0.186
 760 L   0.18906 0.17947 0.17253 0.16539 0.15487 0.13869 ( 1)  0.258
 761 S   0.22680 0.20706 0.19323 0.17945 0.15996 0.03350 ( 1)  0.166
 762 K   0.22506 0.20595 0.19254 0.17916 0.16017 0.03712 ( 1)  0.169
 763 I   0.22158 0.20376 0.19120 0.17861 0.16067 0.04419 ( 1)  0.175
 764 L   0.20550 0.19243 0.18307 0.17355 0.15972 0.08573 ( 1)  0.212
 765 L   0.19135 0.18133 0.17407 0.16662 0.15567 0.13097 ( 1)  0.251
 766 D   0.21570 0.19984 0.18857 0.17722 0.16091 0.05776 ( 1)  0.187
 767 I   0.22241 0.20428 0.19152 0.17874 0.16055 0.04251 ( 1)  0.174
 768 S   0.22650 0.20687 0.19312 0.17941 0.16000 0.03410 ( 1)  0.167
 769 F   0.21063 0.19626 0.18600 0.17562 0.16061 0.07087 ( 1)  0.199
 770 P   0.20572 0.19257 0.18315 0.17358 0.15969 0.08530 ( 1)  0.212
 771 G   0.20214 0.18990 0.18109 0.17212 0.15905 0.09569 ( 1)  0.221
 772 L   0.20393 0.19124 0.18214 0.17288 0.15940 0.09041 ( 1)  0.216
 773 E   0.21211 0.19728 0.18672 0.17604 0.16065 0.06719 ( 1)  0.196
 774 D   0.21567 0.19982 0.18856 0.17721 0.16092 0.05782 ( 1)  0.187
 775 E   0.22257 0.20440 0.19161 0.17880 0.16057 0.04204 ( 1)  0.174
 776 N   0.22649 0.20683 0.19306 0.17933 0.15992 0.03437 ( 1)  0.167
 777 L   0.18525 0.17631 0.16981 0.16312 0.15325 0.15226 ( 1)  0.270
 778 G   0.21167 0.19697 0.18649 0.17590 0.16061 0.06836 ( 1)  0.197
 779 T   0.21690 0.20060 0.18905 0.17742 0.16076 0.05526 ( 1)  0.185
 780 D   0.22657 0.20691 0.19314 0.17942 0.15999 0.03397 ( 1)  0.166
 781 I   0.20973 0.19558 0.18547 0.17524 0.16043 0.07355 ( 1)  0.201
 782 S   0.21576 0.19987 0.18860 0.17723 0.16091 0.05763 ( 1)  0.187
 783 W   0.18547 0.17656 0.17008 0.16341 0.15355 0.15093 ( 1)  0.269
 784 S   0.20454 0.19170 0.18250 0.17314 0.15953 0.08859 ( 1)  0.214
 785 Q   0.01547 0.02147 0.02639 0.03191 0.04087 0.86388 ( 6)  0.884
 786 L   0.02573 0.03517 0.04273 0.05105 0.06415 0.78118 ( 6)  0.814
 787 -   0.08870 0.08870 0.08870 0.08870 0.08870 0.55652 ( 6)  0.619
 788 P   0.09405 0.10703 0.11557 0.12357 0.13387 0.42591 ( 6)  0.508
 789 E   0.21970 0.20251 0.19036 0.17817 0.16075 0.04851 ( 1)  0.179
 790 M   0.06506 0.07531 0.08238 0.08930 0.09884 0.58910 ( 6)  0.648
 791 K   0.21247 0.19753 0.18689 0.17614 0.16064 0.06634 ( 1)  0.195

Positively selected sites

	Prob(w>1)  mean w



lnL = -15668.667497

