

TREE # 1

  0  0.0000  16872.265720  x:  0.09299   0.07716   0.09217   0.07942   0.07368   0.05841   0.01371   0.06512   0.04690   0.06882   0.06509   0.09938   0.10171   0.03280   0.07021   0.10070   0.08174   0.03048   0.06806   0.05842   0.09735   0.04489   0.06314   0.05494   0.06851   0.09015   0.08696   0.06526   0.07814   0.05687   0.03816   0.10714   0.09059   0.08552   0.04302   0.09041   0.06494   0.05376   0.05395   0.08886   0.06778   0.03872   0.07781   0.03309   0.06527   0.09009   0.10153   0.09782   0.04901   0.02494   0.05694   0.03205   0.02552   2.00000   0.90000   0.40369   1.32331  
  1 99.0000  16558.925189  x:  0.08196   0.07374   0.08845   0.06802   0.06838   0.05886   0.00000   0.09771   0.06731   0.06696   0.10361   0.08948   0.09956   0.04410   0.06777   0.10443   0.08295   0.03713   0.07745   0.04641   0.09444   0.04005   0.06184   0.05310   0.08170   0.09974   0.07418   0.08606   0.06608   0.04536   0.04905   0.10778   0.08783   0.08948   0.04422   0.08932   0.06010   0.04000   0.04172   0.08235   0.05824   0.03796   0.06404   0.02826   0.05471   0.08194   0.09236   0.09063   0.03941   0.01956   0.04781   0.04069   0.03805   2.00396   0.88403   0.41346   1.32070  
  2 4459.0232  16255.710898  x:  0.05141   0.06729   0.08057   0.03374   0.05398   0.06227   0.00000   0.09503   0.05388   0.05376   0.09742   0.05653   0.09123   0.04275   0.06286   0.11053   0.08392   0.03546   0.08899   0.01032   0.08870   0.03160   0.06099   0.04982   0.09637   0.11739   0.03262   0.09822   0.02735   0.01227   0.04826   0.10808   0.08232   0.09664   0.04594   0.08774   0.05131   0.00000   0.00920   0.06701   0.03207   0.03939   0.02305   0.02570   0.02795   0.06182   0.06831   0.07338   0.01964   0.02256   0.02706   0.03276   0.01661   2.01619   0.84727   0.43497   1.31466  
  3 3631.5508  16209.121805  x:  0.04284   0.06550   0.07840   0.02378   0.04994   0.06348   0.00000   0.09419   0.04993   0.04971   0.09542   0.04690   0.08884   0.04231   0.06150   0.11207   0.08409   0.03492   0.09193   0.00000   0.08710   0.02943   0.06078   0.04892   0.10005   0.12210   0.02030   0.10113   0.01601   0.00336   0.04794   0.10808   0.08083   0.09845   0.04632   0.08725   0.04907   0.00576   0.00151   0.06278   0.02471   0.03982   0.01112   0.02521   0.02080   0.05622   0.06155   0.06861   0.01488   0.02326   0.02205   0.03105   0.01369   2.01982   0.83743   0.44050   1.31309  
  4 12591.6848  16209.121805  x:  0.04284   0.06550   0.07840   0.02378   0.04994   0.06348   0.00000   0.09419   0.04993   0.04971   0.09542   0.04690   0.08884   0.04231   0.06150   0.11207   0.08409   0.03492   0.09193   0.00000   0.08710   0.02943   0.06078   0.04892   0.10005   0.12210   0.02030   0.10113   0.01601   0.00336   0.04794   0.10808   0.08083   0.09845   0.04632   0.08725   0.04907   0.00576   0.00151   0.06278   0.02471   0.03982   0.01112   0.02521   0.02080   0.05622   0.06155   0.06861   0.01488   0.02326   0.02205   0.03105   0.01369   2.01982   0.83743   0.44050   1.31309  
  5 7814.1485  16106.828335  x:  0.03619   0.06378   0.07644   0.01517   0.04706   0.06582   0.00000   0.11395   0.06156   0.04597   0.11754   0.03837   0.08726   0.04898   0.06013   0.11309   0.08410   0.03909   0.09572   0.00191   0.08561   0.02846   0.06022   0.04794   0.10508   0.12626   0.00842   0.11047   0.00657   0.01003   0.05444   0.10807   0.07973   0.09939   0.04636   0.08628   0.04772   0.00000   0.05162   0.05980   0.01977   0.03956   0.00179   0.02406   0.01948   0.05201   0.05629   0.06514   0.01738   0.01895   0.02275   0.04043   0.04698   2.02366   0.83112   0.44274   1.31239  
  6 4194.0728  16089.818507  x:  0.03453   0.06342   0.07601   0.01300   0.04634   0.06653   0.00000   0.11882   0.06400   0.04483   0.12298   0.03593   0.08681   0.05056   0.05980   0.11338   0.08410   0.04000   0.09673   0.00126   0.08522   0.02823   0.06011   0.04769   0.10648   0.12745   0.00517   0.11298   0.00419   0.01008   0.05593   0.10803   0.07942   0.09968   0.04640   0.08603   0.04741   0.00841   0.05457   0.05897   0.01863   0.03956   0.00000   0.02406   0.01930   0.05090   0.05495   0.06419   0.01768   0.01814   0.02274   0.04206   0.05036   2.02481   0.82920   0.44348   1.31217  
  7 4584.7528  16065.695354  x:  0.03232   0.06307   0.07553   0.01046   0.04547   0.06760   0.00000   0.12492   0.06659   0.04315   0.12974   0.03255   0.08617   0.05245   0.05937   0.11376   0.08412   0.04103   0.09808   0.00000   0.08471   0.02798   0.05999   0.04740   0.10838   0.12910   0.00111   0.11634   0.00150   0.00905   0.05771   0.10797   0.07902   0.10008   0.04650   0.08572   0.04701   0.00773   0.05148   0.05792   0.01737   0.03965   0.00022   0.02433   0.01932   0.04947   0.05325   0.06276   0.01780   0.01748   0.02238   0.04346   0.05102   2.02649   0.82641   0.44458   1.31184  
  8 3251.3639  16060.641435  x:  0.03181   0.06302   0.07547   0.01028   0.04530   0.06799   0.00000   0.12651   0.06708   0.04260   0.13148   0.03158   0.08597   0.05289   0.05923   0.11386   0.08413   0.04130   0.09847   0.00104   0.08460   0.02798   0.05998   0.04733   0.10891   0.12960   0.00165   0.11729   0.00166   0.00919   0.05817   0.10794   0.07893   0.10018   0.04656   0.08562   0.04695   0.00764   0.05063   0.05764   0.01718   0.03969   0.00000   0.02436   0.01934   0.04912   0.05282   0.06240   0.01782   0.01744   0.02236   0.04374   0.05123   2.02704   0.82557   0.44490   1.31174  
  9 3799.9435  16052.884819  x:  0.03109   0.06300   0.07546   0.01089   0.04505   0.06907   0.00000   0.12952   0.06744   0.04114   0.13466   0.02957   0.08555   0.05359   0.05895   0.11405   0.08412   0.04157   0.09920   0.00000   0.08435   0.02794   0.05998   0.04721   0.10998   0.13069   0.00383   0.11921   0.00313   0.01009   0.05893   0.10788   0.07878   0.10040   0.04670   0.08542   0.04695   0.00774   0.04963   0.05719   0.01723   0.03984   0.00180   0.02433   0.01947   0.04857   0.05209   0.06176   0.01786   0.01766   0.02250   0.04410   0.05208   2.02840   0.82362   0.44562   1.31152  
 10 3445.5361  16052.884819  x:  0.03109   0.06300   0.07546   0.01089   0.04505   0.06907   0.00000   0.12952   0.06744   0.04114   0.13466   0.02957   0.08555   0.05359   0.05895   0.11405   0.08412   0.04157   0.09920   0.00000   0.08435   0.02794   0.05998   0.04721   0.10998   0.13069   0.00383   0.11921   0.00313   0.01009   0.05893   0.10788   0.07878   0.10040   0.04670   0.08542   0.04695   0.00774   0.04963   0.05719   0.01723   0.03984   0.00180   0.02433   0.01947   0.04857   0.05209   0.06176   0.01786   0.01766   0.02250   0.04410   0.05208   2.02840   0.82362   0.44562   1.31152  
 11 1631.2821  16032.597914  x:  0.02932   0.06277   0.07511   0.00897   0.04435   0.07022   0.00000   0.13466   0.06908   0.03936   0.14026   0.02653   0.08496   0.05508   0.05862   0.11440   0.08415   0.04239   0.10042   0.00050   0.08396   0.02784   0.05993   0.04699   0.11169   0.13222   0.00030   0.12212   0.00091   0.00879   0.06028   0.10783   0.07845   0.10078   0.04680   0.08517   0.04669   0.00405   0.04459   0.05627   0.01639   0.03995   0.00000   0.02457   0.01948   0.04744   0.05069   0.06054   0.01785   0.01730   0.02215   0.04493   0.05145   2.03011   0.82090   0.44671   1.31120  
 12 1655.9156  16020.284579  x:  0.02817   0.06264   0.07494   0.00826   0.04391   0.07123   0.00000   0.13854   0.07014   0.03789   0.14447   0.02423   0.08450   0.05615   0.05833   0.11465   0.08416   0.04293   0.10133   0.00000   0.08366   0.02775   0.05989   0.04682   0.11299   0.13343   0.00094   0.12438   0.00033   0.00837   0.06130   0.10778   0.07821   0.10106   0.04691   0.08496   0.04655   0.00258   0.04070   0.05565   0.01591   0.04008   0.00219   0.02476   0.01963   0.04662   0.04969   0.05965   0.01785   0.01712   0.02201   0.04552   0.05098   2.03151   0.81876   0.44754   1.31095  
 13 5375.0228  15988.559460  x:  0.02542   0.06233   0.07465   0.00873   0.04266   0.07529   0.00000   0.15134   0.07239   0.03229   0.15812   0.01695   0.08292   0.05938   0.05728   0.11548   0.08419   0.04450   0.10436   0.00020   0.08272   0.02763   0.05985   0.04633   0.11734   0.13769   0.00550   0.13204   0.00250   0.00909   0.06447   0.10761   0.07754   0.10198   0.04733   0.08425   0.04647   0.00873   0.02686   0.05358   0.01522   0.04050   0.00000   0.02492   0.01977   0.04435   0.04666   0.05714   0.01793   0.01708   0.02228   0.04715   0.04960   2.03681   0.81113   0.45043   1.31008  
 14 5106.2893  15976.808532  x:  0.02594   0.06228   0.07461   0.01024   0.04222   0.07859   0.00000   0.15743   0.07072   0.02796   0.16405   0.01520   0.08222   0.06031   0.05704   0.11590   0.08426   0.04471   0.10579   0.00218   0.08249   0.02790   0.06002   0.04628   0.11951   0.14003   0.00000   0.13544   0.00324   0.01003   0.06513   0.10769   0.07740   0.10253   0.04753   0.08415   0.04701   0.01536   0.01988   0.05304   0.01646   0.04084   0.00409   0.02448   0.02009   0.04425   0.04618   0.05678   0.01808   0.01776   0.02295   0.04724   0.04949   2.04077   0.80616   0.45227   1.30954  
 15 2298.4655  15976.808532  x:  0.02594   0.06228   0.07461   0.01024   0.04222   0.07859   0.00000   0.15743   0.07072   0.02796   0.16405   0.01520   0.08222   0.06031   0.05704   0.11590   0.08426   0.04471   0.10579   0.00218   0.08249   0.02790   0.06002   0.04628   0.11951   0.14003   0.00000   0.13544   0.00324   0.01003   0.06513   0.10769   0.07740   0.10253   0.04753   0.08415   0.04701   0.01536   0.01988   0.05304   0.01646   0.04084   0.00409   0.02448   0.02009   0.04425   0.04618   0.05678   0.01808   0.01776   0.02295   0.04724   0.04949   2.04077   0.80616   0.45227   1.30954  
 16 1135.8270  15964.823528  x:  0.02490   0.06219   0.07447   0.00883   0.04188   0.07983   0.00000   0.16107   0.07103   0.02613   0.16778   0.01373   0.08187   0.06121   0.05696   0.11616   0.08432   0.04506   0.10657   0.00000   0.08226   0.02779   0.06001   0.04619   0.12072   0.14116   0.00096   0.13735   0.00086   0.00885   0.06585   0.10770   0.07722   0.10284   0.04760   0.08405   0.04689   0.01071   0.01681   0.05255   0.01592   0.04095   0.00136   0.02456   0.02012   0.04374   0.04549   0.05617   0.01807   0.01743   0.02260   0.04767   0.04923   2.04246   0.80381   0.45320   1.30927  
 17 1279.4235  15959.755216  x:  0.02450   0.06215   0.07439   0.00837   0.04167   0.08058   0.00000   0.16308   0.07109   0.02508   0.16984   0.01306   0.08167   0.06167   0.05687   0.11630   0.08435   0.04529   0.10703   0.00058   0.08217   0.02780   0.06003   0.04614   0.12138   0.14180   0.00000   0.13843   0.00013   0.00852   0.06624   0.10771   0.07714   0.10300   0.04765   0.08399   0.04687   0.00841   0.01548   0.05234   0.01572   0.04102   0.00187   0.02465   0.02027   0.04348   0.04518   0.05587   0.01807   0.01733   0.02250   0.04790   0.04907   2.04346   0.80250   0.45371   1.30912  
 18 3467.3679  15947.675401  x:  0.02367   0.06207   0.07438   0.00876   0.04104   0.08423   0.00000   0.17175   0.07079   0.02037   0.17854   0.01103   0.08090   0.06352   0.05636   0.11686   0.08446   0.04625   0.10898   0.00401   0.08182   0.02793   0.06014   0.04597   0.12416   0.14463   0.00453   0.14316   0.00080   0.00884   0.06790   0.10775   0.07688   0.10367   0.04790   0.08373   0.04698   0.00091   0.01181   0.05158   0.01537   0.04135   0.00619   0.02498   0.02100   0.04253   0.04411   0.05487   0.01810   0.01727   0.02259   0.04882   0.04846   2.04806   0.79671   0.45586   1.30849  
 19 3964.0930  15924.325783  x:  0.02192   0.06167   0.07422   0.00922   0.03886   0.09655   0.00000   0.20032   0.06898   0.00466   0.20703   0.00538   0.07851   0.06942   0.05485   0.11875   0.08487   0.04890   0.11516   0.00781   0.08066   0.02814   0.06047   0.04548   0.13328   0.15394   0.00996   0.15852   0.00146   0.00921   0.07308   0.10796   0.07614   0.10589   0.04875   0.08305   0.04767   0.00936   0.00305   0.04920   0.01459   0.04247   0.01286   0.02556   0.02248   0.03996   0.04080   0.05213   0.01829   0.01723   0.02359   0.05171   0.04667   2.06370   0.77723   0.46313   1.30636  
 20 2781.3442  15915.309912  x:  0.02164   0.06156   0.07422   0.00940   0.03815   0.10160   0.00000   0.21142   0.06760   0.00048   0.21794   0.00484   0.07778   0.07153   0.05441   0.11951   0.08507   0.04971   0.11745   0.00775   0.08031   0.02822   0.06064   0.04537   0.13677   0.15754   0.01063   0.16432   0.00134   0.00924   0.07487   0.10813   0.07597   0.10679   0.04909   0.08292   0.04804   0.01038   0.00838   0.04854   0.01465   0.04294   0.01406   0.02556   0.02273   0.03940   0.03987   0.05150   0.01841   0.01737   0.02404   0.05267   0.04621   2.07020   0.76933   0.46610   1.30550  
 21 4091.8596  15893.412023  x:  0.02142   0.06131   0.07449   0.01134   0.03516   0.12582   0.00000   0.26349   0.06001   0.01359   0.26884   0.00653   0.07478   0.08107   0.05252   0.12311   0.08608   0.05323   0.12803   0.00735   0.07889   0.02876   0.06159   0.04505   0.15297   0.17447   0.01362   0.19132   0.00203   0.01012   0.08289   0.10908   0.07539   0.11100   0.05075   0.08254   0.04998   0.01566   0.02368   0.04585   0.01563   0.04522   0.01999   0.02544   0.02351   0.03758   0.03635   0.04918   0.01905   0.01838   0.02628   0.05683   0.04455   2.10166   0.73159   0.48025   1.30139  
 22 6437.3005  15878.851740  x:  0.03598   0.06611   0.07959   0.02130   0.04090   0.13613   0.00000   0.28394   0.05020   0.01129   0.28668   0.01100   0.08113   0.07633   0.05646   0.12583   0.08885   0.04999   0.12990   0.00000   0.08393   0.03164   0.06479   0.04864   0.15787   0.18197   0.00853   0.19910   0.00760   0.01454   0.07976   0.11298   0.08031   0.11381   0.05271   0.08737   0.05346   0.01284   0.02011   0.05363   0.02390   0.04726   0.01915   0.02526   0.01757   0.05199   0.05200   0.06033   0.02048   0.02210   0.02674   0.05298   0.05392   2.13302   0.70076   0.49247   1.29801  
 23 778.9770  15869.802845  x:  0.03794   0.07089   0.08520   0.02209   0.04371   0.14047   0.00000   0.29262   0.04903   0.01258   0.29117   0.00544   0.09017   0.06808   0.06146   0.12928   0.09350   0.04866   0.12957   0.01686   0.09153   0.03327   0.06827   0.05270   0.15825   0.18593   0.01003   0.19858   0.00944   0.01091   0.07384   0.11862   0.08635   0.11698   0.05406   0.09382   0.05468   0.01410   0.02188   0.06027   0.02018   0.04724   0.00549   0.02680   0.02407   0.05794   0.05875   0.06941   0.01923   0.01827   0.02681   0.05048   0.05956   2.17370   0.66545   0.50702   1.29410  
 24 707.4117  15851.354842  x:  0.02575   0.07619   0.09253   0.01385   0.04062   0.14125   0.00000   0.29231   0.06149   0.01204   0.28062   0.01435   0.10589   0.06190   0.06739   0.13696   0.10249   0.04826   0.12559   0.00929   0.10250   0.02887   0.07159   0.05724   0.15373   0.18916   0.01016   0.18690   0.01558   0.01568   0.06934   0.13109   0.09632   0.12344   0.05543   0.10391   0.05382   0.01466   0.02179   0.06727   0.01094   0.04553   0.01340   0.03144   0.02598   0.04877   0.05390   0.07304   0.02553   0.02859   0.02813   0.05660   0.05761   2.27972   0.58647   0.53900   1.28582  
 25 722.6658  15840.428654  x:  0.02492   0.07633   0.09396   0.01131   0.04123   0.13843   0.00000   0.28643   0.06652   0.01309   0.26893   0.00884   0.10994   0.06793   0.06856   0.14140   0.10621   0.05140   0.12533   0.00465   0.10538   0.02994   0.07284   0.05758   0.15152   0.19037   0.01033   0.17897   0.01885   0.01304   0.07317   0.13678   0.09860   0.12696   0.05544   0.10647   0.05531   0.01485   0.02272   0.06708   0.03104   0.04654   0.01871   0.02814   0.02351   0.04407   0.04760   0.06961   0.01824   0.01941   0.02901   0.05961   0.05463   2.36157   0.53650   0.55809   1.28126  
 26 1275.2256  15827.518058  x:  0.03849   0.07081   0.08886   0.01731   0.04775   0.13142   0.00000   0.27262   0.06100   0.01372   0.25339   0.00462   0.10087   0.08483   0.06492   0.14364   0.10415   0.05712   0.13121   0.00548   0.09909   0.03597   0.07175   0.05332   0.15308   0.19069   0.01027   0.17530   0.01786   0.00797   0.08577   0.13611   0.09239   0.12820   0.05475   0.10075   0.05920   0.01466   0.02333   0.05587   0.02160   0.04864   0.01836   0.02418   0.02161   0.05272   0.04649   0.05948   0.02834   0.01927   0.02852   0.05834   0.05383   2.47390   0.49437   0.57134   1.27934  
 27 831.0125  15819.843701  x:  0.03849   0.06802   0.08476   0.01776   0.04872   0.12805   0.00000   0.26398   0.05663   0.01197   0.24739   0.01582   0.09187   0.08988   0.06227   0.14317   0.10039   0.05776   0.13615   0.00837   0.09310   0.03636   0.07009   0.05107   0.15610   0.19054   0.01011   0.17811   0.01478   0.01468   0.09059   0.13243   0.08732   0.12727   0.05540   0.09579   0.05895   0.01437   0.02174   0.05197   0.01847   0.05113   0.01454   0.02935   0.02570   0.05573   0.05002   0.05806   0.01599   0.01936   0.02859   0.05655   0.05568   2.55179   0.48113   0.57308   1.28058  
 28 987.4824  15802.548044  x:  0.02427   0.06757   0.07922   0.01640   0.04372   0.12423   0.00000   0.24696   0.05829   0.01259   0.24388   0.01327   0.07135   0.08257   0.05888   0.13813   0.08964   0.05086   0.14590   0.01270   0.08119   0.03007   0.06643   0.05034   0.16572   0.18937   0.01111   0.19462   0.01041   0.01849   0.08832   0.11806   0.07800   0.12188   0.05836   0.08731   0.05392   0.01488   0.02220   0.05784   0.03020   0.05629   0.01149   0.03285   0.02618   0.05243   0.06040   0.06933   0.02887   0.02501   0.03047   0.05370   0.06137   2.75202   0.48333   0.56076   1.28956  
 29 1033.7832  15775.852207  x:  0.03064   0.07264   0.08146   0.01865   0.03907   0.12487   0.00000   0.23283   0.06604   0.01405   0.24900   0.00531   0.07155   0.06703   0.06005   0.13082   0.08455   0.04543   0.15055   0.00454   0.08060   0.03139   0.06780   0.05327   0.17497   0.18692   0.01117   0.21552   0.00980   0.00851   0.07718   0.10436   0.07752   0.11533   0.05861   0.08721   0.05393   0.01488   0.02345   0.06155   0.01434   0.05143   0.02045   0.02207   0.01615   0.04495   0.05801   0.07540   0.01475   0.01628   0.02759   0.05591   0.05918   3.04451   0.51483   0.52936   1.30734  
 30 1740.6620  15751.397968  x:  0.04082   0.07536   0.08718   0.01799   0.04090   0.12787   0.00000   0.22872   0.06539   0.01188   0.25882   0.01578   0.09273   0.06493   0.06274   0.12546   0.09079   0.05296   0.14637   0.00302   0.09138   0.03832   0.07131   0.05501   0.17666   0.18323   0.01054   0.22723   0.00525   0.00724   0.07030   0.10464   0.08576   0.11205   0.05432   0.09387   0.05683   0.01404   0.02114   0.05850   0.02343   0.04180   0.01835   0.02583   0.03350   0.04643   0.04118   0.06654   0.02406   0.01588   0.02447   0.05740   0.04986   3.36905   0.56618   0.48616   1.33002  
 31 2768.1358  15740.812833  x:  0.03575   0.07277   0.08887   0.01625   0.04237   0.12932   0.00000   0.23583   0.06118   0.01290   0.26302   0.00509   0.10198   0.07133   0.06225   0.12610   0.09678   0.05575   0.13769   0.00658   0.09692   0.03473   0.07012   0.05358   0.16988   0.18135   0.00949   0.22152   0.00549   0.01911   0.07405   0.11476   0.09078   0.11419   0.05227   0.09743   0.05542   0.01354   0.02184   0.05664   0.02393   0.04247   0.01314   0.02586   0.02402   0.04945   0.04103   0.05872   0.02024   0.02617   0.02919   0.05627   0.04937   3.50646   0.59216   0.46536   1.34077  
 32 1798.4121  15734.741914  x:  0.02743   0.06876   0.08805   0.01558   0.04240   0.13077   0.00000   0.24755   0.05501   0.01205   0.26549   0.00892   0.10366   0.07595   0.06062   0.12849   0.09989   0.05363   0.12806   0.00717   0.09790   0.02889   0.06755   0.05122   0.16024   0.18007   0.00974   0.20884   0.00863   0.01281   0.07768   0.12374   0.09168   0.11747   0.05138   0.09799   0.05307   0.01372   0.02105   0.05610   0.02150   0.04613   0.01388   0.02695   0.01864   0.04982   0.04785   0.05626   0.02260   0.01758   0.02875   0.05434   0.05205   3.58135   0.60769   0.45309   1.34744  
 33 1041.1857  15732.443565  x:  0.02752   0.06680   0.08605   0.01555   0.04197   0.13145   0.00000   0.25667   0.05331   0.01230   0.26632   0.00591   0.10036   0.07550   0.05958   0.13019   0.09955   0.05069   0.12274   0.00460   0.09596   0.02912   0.06668   0.04999   0.15344   0.17949   0.00951   0.19766   0.01070   0.00852   0.07829   0.12706   0.09006   0.11894   0.05147   0.09651   0.05283   0.01358   0.02108   0.05570   0.02120   0.04715   0.01575   0.02685   0.02537   0.04897   0.04937   0.05838   0.02010   0.02094   0.02685   0.05322   0.05317   3.61123   0.61389   0.44808   1.35067  
 34 546.2424  15731.037797  x:  0.03059   0.06661   0.08368   0.01478   0.04141   0.13207   0.00000   0.26603   0.05438   0.01194   0.26694   0.00675   0.09531   0.07214   0.05948   0.13145   0.09767   0.04918   0.12001   0.00538   0.09302   0.03235   0.06696   0.04980   0.14771   0.17908   0.00901   0.18583   0.01151   0.01236   0.07675   0.12741   0.08763   0.11905   0.05175   0.09432   0.05351   0.01314   0.02056   0.05518   0.02109   0.04582   0.01402   0.02556   0.02431   0.04727   0.04573   0.06105   0.02137   0.01920   0.02653   0.05314   0.05233   3.62971   0.61742   0.44511   1.35339  
 35 315.5186  15730.797003  x:  0.03061   0.06730   0.08353   0.01527   0.04189   0.13199   0.00000   0.26852   0.05444   0.01182   0.26679   0.00735   0.09437   0.07128   0.06012   0.13136   0.09693   0.05026   0.12070   0.00596   0.09240   0.03180   0.06694   0.05016   0.14702   0.17889   0.00907   0.18249   0.01171   0.01068   0.07539   0.12588   0.08706   0.11833   0.05143   0.09394   0.05352   0.01313   0.02045   0.05528   0.02162   0.04493   0.01365   0.02683   0.02279   0.04802   0.04496   0.06030   0.02090   0.02045   0.02737   0.05353   0.05146   3.63284   0.61785   0.44466   1.35442  
 36 109.3831  15730.697038  x:  0.02999   0.06792   0.08376   0.01546   0.04215   0.13173   0.00000   0.27015   0.05417   0.01189   0.26640   0.00674   0.09438   0.07115   0.06065   0.13093   0.09638   0.05124   0.12189   0.00542   0.09231   0.03090   0.06690   0.05050   0.14717   0.17867   0.00890   0.18036   0.01199   0.01148   0.07459   0.12414   0.08709   0.11743   0.05126   0.09394   0.05335   0.01310   0.02051   0.05548   0.02139   0.04453   0.01385   0.02670   0.02350   0.04879   0.04554   0.05921   0.02098   0.01974   0.02726   0.05370   0.05112   3.63412   0.61791   0.44449   1.35556  
 37 61.0285  15730.663399  x:  0.02989   0.06793   0.08401   0.01500   0.04192   0.13146   0.00000   0.27101   0.05395   0.01184   0.26597   0.00704   0.09487   0.07158   0.06067   0.13048   0.09617   0.05122   0.12267   0.00561   0.09260   0.03121   0.06704   0.05054   0.14759   0.17847   0.00897   0.17948   0.01213   0.01139   0.07472   0.12310   0.08734   0.11693   0.05133   0.09407   0.05330   0.01312   0.02047   0.05561   0.02146   0.04486   0.01375   0.02591   0.02344   0.04840   0.04576   0.05905   0.02098   0.02011   0.02692   0.05350   0.05149   3.63451   0.61783   0.44443   1.35682  
 38 29.4028  15730.637699  x:  0.03011   0.06768   0.08420   0.01481   0.04183   0.13122   0.00000   0.27176   0.05396   0.01188   0.26541   0.00678   0.09538   0.07187   0.06052   0.12999   0.09610   0.05081   0.12318   0.00550   0.09289   0.03147   0.06707   0.05043   0.14813   0.17825   0.00895   0.17901   0.01226   0.01142   0.07513   0.12238   0.08757   0.11662   0.05146   0.09421   0.05331   0.01311   0.02050   0.05560   0.02136   0.04514   0.01379   0.02681   0.02334   0.04804   0.04568   0.05936   0.02103   0.01995   0.02713   0.05334   0.05178   3.63478   0.61763   0.44439   1.35875  
 39 27.9288  15730.565858  x:  0.02989   0.06679   0.08423   0.01557   0.04244   0.13090   0.00000   0.27344   0.05453   0.01181   0.26373   0.00703   0.09596   0.07153   0.06010   0.12906   0.09647   0.05003   0.12333   0.00557   0.09312   0.03055   0.06659   0.04998   0.14953   0.17773   0.00876   0.17909   0.01232   0.01139   0.07600   0.12205   0.08767   0.11662   0.05159   0.09443   0.05329   0.01301   0.02039   0.05505   0.02141   0.04484   0.01352   0.02618   0.02355   0.04843   0.04516   0.06047   0.02098   0.01995   0.02768   0.05360   0.05122   3.63535   0.61645   0.44445   1.36723  
 40 26.2438  15730.218984  x:  0.02950   0.06614   0.08355   0.01493   0.04176   0.13049   0.00000   0.27841   0.05423   0.01187   0.25762   0.00674   0.09570   0.06955   0.05949   0.12754   0.09806   0.05096   0.12197   0.00564   0.09287   0.03160   0.06667   0.04986   0.15308   0.17601   0.00904   0.18133   0.01173   0.01151   0.07578   0.12325   0.08688   0.11763   0.05118   0.09476   0.05357   0.01315   0.02049   0.05498   0.02163   0.04417   0.01378   0.02693   0.02273   0.04928   0.04597   0.06010   0.02093   0.02012   0.02467   0.05427   0.05016   3.63787   0.60991   0.44494   1.41208  
 41 93.2701  15729.492822  x:  0.03029   0.06764   0.08292   0.01379   0.04052   0.13063   0.00000   0.28536   0.05315   0.01169   0.24840   0.00697   0.09458   0.06870   0.05993   0.12660   0.09936   0.05245   0.11969   0.00512   0.09213   0.03275   0.06730   0.05064   0.15662   0.17372   0.00919   0.18527   0.01041   0.01119   0.07372   0.12550   0.08580   0.11903   0.05082   0.09490   0.05359   0.01295   0.02019   0.05629   0.02122   0.04454   0.01415   0.02589   0.02378   0.04820   0.04650   0.05800   0.02106   0.01972   0.02971   0.05402   0.05163   3.64324   0.59555   0.44611   1.51104  
 42 519.4422  15726.336253  x:  0.03099   0.07453   0.08450   0.01926   0.04289   0.13401   0.00000   0.29771   0.05487   0.01123   0.23101   0.00710   0.09307   0.07525   0.06418   0.12920   0.09678   0.05125   0.11810   0.00522   0.09142   0.02810   0.06801   0.05324   0.15646   0.17129   0.00785   0.19337   0.00853   0.01170   0.06991   0.12873   0.08671   0.11998   0.05229   0.09416   0.05247   0.01231   0.01955   0.05901   0.02025   0.04647   0.01187   0.02667   0.02392   0.04322   0.04145   0.05701   0.02100   0.02000   0.02521   0.05109   0.05483   3.66451   0.53719   0.45159   1.91055  
 43 952.6491  15721.288680  x:  0.02844   0.07709   0.08649   0.01619   0.04028   0.13682   0.00000   0.30752   0.05888   0.01094   0.21726   0.00737   0.09385   0.07682   0.06486   0.13372   0.09446   0.05093   0.12053   0.00457   0.09282   0.03206   0.06990   0.05408   0.15266   0.17091   0.00761   0.19794   0.00652   0.01078   0.07265   0.12999   0.08907   0.12018   0.05293   0.09362   0.05283   0.01182   0.01905   0.05814   0.01962   0.04466   0.01103   0.02663   0.02413   0.04739   0.04489   0.06011   0.02086   0.01975   0.02716   0.05568   0.05129   3.69787   0.44550   0.46140   2.53912  
 44 3612.7842  15720.060458  x:  0.03046   0.07384   0.08548   0.01541   0.04268   0.13430   0.00000   0.30693   0.05818   0.01091   0.21886   0.00744   0.09338   0.07140   0.06408   0.13339   0.09923   0.05498   0.12192   0.00429   0.09259   0.02883   0.06898   0.05355   0.15681   0.17232   0.00756   0.19449   0.00590   0.01098   0.07378   0.13074   0.08756   0.12266   0.05339   0.09558   0.05514   0.01167   0.01897   0.05975   0.01944   0.04705   0.01086   0.02658   0.02425   0.04381   0.04410   0.05876   0.02104   0.01990   0.02668   0.05538   0.05433   3.70673   0.42269   0.46643   2.70320  
 45 1228.0653  15719.722255  x:  0.02857   0.07398   0.08487   0.01672   0.04328   0.13219   0.00000   0.30597   0.05915   0.01091   0.22079   0.00755   0.09224   0.07284   0.06489   0.13240   0.10147   0.05387   0.12154   0.00383   0.09203   0.03118   0.06995   0.05429   0.16203   0.17337   0.00704   0.19165   0.00751   0.01093   0.07231   0.13203   0.08623   0.12495   0.05389   0.09690   0.05384   0.01153   0.01895   0.06060   0.01910   0.04710   0.01050   0.02655   0.02439   0.04456   0.04311   0.05824   0.02089   0.01974   0.02680   0.05436   0.05457   3.70944   0.41815   0.47098   2.74881  
 46 309.2921  15719.554828  x:  0.03022   0.07544   0.08470   0.01536   0.04221   0.13112   0.00000   0.30561   0.05984   0.01094   0.22160   0.00770   0.09162   0.07480   0.06568   0.13199   0.10170   0.05277   0.12089   0.00426   0.09174   0.02952   0.06998   0.05478   0.16545   0.17397   0.00727   0.18990   0.00758   0.01097   0.07175   0.13327   0.08599   0.12620   0.05366   0.09711   0.05392   0.01158   0.01902   0.06044   0.01922   0.04638   0.01046   0.02665   0.02443   0.04464   0.04402   0.05868   0.02094   0.01980   0.02663   0.05496   0.05390   3.71100   0.41758   0.47632   2.77061  
 47 161.5451  15719.065176  x:  0.02881   0.07910   0.08534   0.01675   0.04338   0.13128   0.00000   0.30623   0.05807   0.01092   0.22083   0.00754   0.09135   0.07413   0.06622   0.13275   0.09770   0.05445   0.11962   0.00409   0.09255   0.03055   0.07026   0.05470   0.17079   0.17533   0.00720   0.18772   0.00666   0.01079   0.07437   0.13646   0.08842   0.12670   0.05212   0.09429   0.05561   0.01158   0.01897   0.05966   0.01908   0.04702   0.01054   0.02670   0.02446   0.04300   0.04418   0.06009   0.02097   0.01985   0.02674   0.05718   0.05431   3.71660   0.42340   0.50723   2.83167  
 48 98.9456  15717.679406  x:  0.02971   0.07769   0.08578   0.01460   0.04105   0.13449   0.00000   0.31042   0.05977   0.01085   0.21758   0.00755   0.09212   0.07239   0.06283   0.13466   0.09391   0.05559   0.11963   0.00354   0.09305   0.02925   0.06908   0.05336   0.17448   0.17684   0.00729   0.18763   0.00741   0.01022   0.07426   0.14009   0.09046   0.12601   0.05516   0.09104   0.05373   0.01151   0.01889   0.05975   0.01919   0.04921   0.01112   0.02650   0.02426   0.04742   0.04130   0.05736   0.02079   0.01968   0.02666   0.05163   0.05551   3.73303   0.44275   0.60366   3.00283  
 49 449.4768  15715.704181  x:  0.03103   0.07158   0.08478   0.01738   0.04349   0.13713   0.00000   0.31774   0.05963   0.01069   0.21330   0.00732   0.09262   0.07616   0.06199   0.13509   0.09916   0.05383   0.12108   0.00379   0.09163   0.03054   0.06915   0.05338   0.17080   0.17591   0.00702   0.19093   0.00579   0.01099   0.07051   0.13918   0.08642   0.12469   0.05474   0.09461   0.05224   0.01128   0.01867   0.05930   0.01968   0.04680   0.01025   0.02688   0.02417   0.04217   0.04609   0.05533   0.02096   0.02006   0.02729   0.05403   0.05436   3.75677   0.47136   0.74456   3.24649  
 50 1143.7829  15715.125755  x:  0.03001   0.07316   0.08407   0.01617   0.04262   0.13519   0.00000   0.32004   0.05635   0.01064   0.21289   0.00701   0.09148   0.07751   0.06411   0.13326   0.10293   0.05330   0.12034   0.00350   0.09075   0.02977   0.06959   0.05424   0.16732   0.17350   0.00702   0.19330   0.00659   0.01112   0.07238   0.13643   0.08438   0.12530   0.05286   0.09729   0.05440   0.01121   0.01850   0.06022   0.01925   0.04748   0.01059   0.02669   0.02408   0.04417   0.04296   0.05729   0.02084   0.01994   0.02716   0.05508   0.05522   3.76365   0.47951   0.78542   3.31624  
 51 642.8655  15715.018090  x:  0.03018   0.07470   0.08377   0.01638   0.04303   0.13304   0.00000   0.32090   0.05744   0.01071   0.21391   0.00721   0.09100   0.07704   0.06504   0.13148   0.10336   0.05366   0.11904   0.00353   0.09094   0.02993   0.06963   0.05406   0.16587   0.17164   0.00702   0.19426   0.00659   0.01112   0.07382   0.13518   0.08504   0.12650   0.05337   0.09715   0.05405   0.01128   0.01865   0.05947   0.01937   0.04762   0.01059   0.02679   0.02409   0.04381   0.04378   0.05669   0.02086   0.02000   0.02723   0.05376   0.05474   3.76496   0.48068   0.79281   3.32852  
 52 103.5306  15714.990799  x:  0.03029   0.07433   0.08380   0.01647   0.04303   0.13180   0.00000   0.32111   0.05724   0.01074   0.21459   0.00718   0.09117   0.07717   0.06467   0.13064   0.10275   0.05366   0.11861   0.00356   0.09118   0.02991   0.06947   0.05379   0.16544   0.17058   0.00704   0.19457   0.00654   0.01118   0.07295   0.13508   0.08548   0.12703   0.05330   0.09649   0.05360   0.01129   0.01868   0.05935   0.01941   0.04773   0.01059   0.02677   0.02407   0.04396   0.04356   0.05659   0.02086   0.01999   0.02716   0.05456   0.05523   3.76530   0.48069   0.79422   3.33073  
 53 20.6985  15714.952306  x:  0.03005   0.07361   0.08409   0.01642   0.04306   0.13103   0.00000   0.32121   0.05696   0.01073   0.21521   0.00714   0.09155   0.07748   0.06451   0.13036   0.10188   0.05387   0.11889   0.00348   0.09116   0.02986   0.06948   0.05396   0.16532   0.16934   0.00699   0.19476   0.00669   0.01121   0.07241   0.13569   0.08515   0.12712   0.05260   0.09606   0.05458   0.01126   0.01866   0.05983   0.01931   0.04742   0.01059   0.02674   0.02403   0.04367   0.04363   0.05696   0.02085   0.01998   0.02729   0.05349   0.05444   3.76583   0.48059   0.79478   3.33158  
 54  6.8739  15714.537032  x:  0.03042   0.07264   0.08532   0.01601   0.04371   0.13041   0.00000   0.32155   0.05894   0.01075   0.21748   0.00740   0.09214   0.07716   0.06664   0.13151   0.09944   0.05408   0.12227   0.00341   0.08989   0.02999   0.07012   0.05560   0.16564   0.16277   0.00680   0.19507   0.00746   0.01093   0.07526   0.13995   0.08220   0.12575   0.05456   0.09699   0.05454   0.01120   0.01871   0.06168   0.01922   0.04682   0.01021   0.02682   0.02429   0.04418   0.04386   0.05613   0.02079   0.01995   0.02706   0.05545   0.05590   3.77170   0.48079   0.79621   3.33417  
 55  9.5794  15710.619699  x:  0.03124   0.07741   0.08363   0.01612   0.04166   0.13379   0.00000   0.31948   0.05095   0.01026   0.22889   0.00634   0.08826   0.07451   0.06506   0.13830   0.10272   0.05354   0.13114   0.00190   0.09037   0.03024   0.06868   0.05190   0.16815   0.14857   0.00644   0.19411   0.00335   0.01063   0.07356   0.14501   0.08557   0.11850   0.05486   0.10349   0.04478   0.01036   0.01781   0.05226   0.01902   0.04967   0.00980   0.02674   0.02366   0.04254   0.04296   0.06045   0.02094   0.01995   0.02741   0.05288   0.05141   3.82543   0.47904   0.80597   3.35115  
 56 45.3187  15697.669265  x:  0.02814   0.08040   0.07858   0.01730   0.03994   0.14231   0.00000   0.31775   0.06022   0.00924   0.25022   0.00692   0.08321   0.07717   0.05630   0.14436   0.10785   0.05031   0.13434   0.00019   0.09189   0.03155   0.06682   0.04667   0.16971   0.14630   0.00359   0.19574   0.00000   0.01038   0.07172   0.13930   0.09285   0.11372   0.05183   0.10368   0.05938   0.00780   0.01620   0.04977   0.01793   0.05361   0.00384   0.02743   0.02400   0.04553   0.04608   0.05739   0.02064   0.02015   0.02751   0.05615   0.05519   3.95908   0.47686   0.82874   3.39201  
 57 446.0569  15696.159486  x:  0.02830   0.07999   0.07872   0.01660   0.04027   0.14246   0.00000   0.31765   0.05975   0.00913   0.25118   0.00686   0.08335   0.07719   0.05645   0.14440   0.10759   0.05068   0.13417   0.00000   0.09178   0.03148   0.06688   0.04696   0.16962   0.14748   0.00313   0.19623   0.00000   0.01032   0.07223   0.13868   0.09271   0.11406   0.05195   0.10306   0.05867   0.00752   0.01600   0.05003   0.01779   0.05315   0.00309   0.02748   0.02403   0.04518   0.04613   0.05753   0.02064   0.02018   0.02754   0.05637   0.05481   3.96717   0.47676   0.83009   3.39447  
 58 966.4134  15690.430982  x:  0.02539   0.07425   0.08025   0.00679   0.05298   0.14050   0.00000   0.31906   0.06342   0.00919   0.26945   0.00662   0.08649   0.07970   0.06478   0.14536   0.10365   0.04983   0.13703   0.00000   0.09258   0.03363   0.06826   0.04715   0.16645   0.16737   0.00708   0.19940   0.00000   0.01093   0.07339   0.13353   0.08842   0.11750   0.05134   0.10009   0.05732   0.00810   0.01617   0.04862   0.01654   0.05009   0.00903   0.02704   0.02232   0.05149   0.04659   0.06309   0.02001   0.01987   0.02737   0.05271   0.06064   4.10769   0.47549   0.85349   3.43712  
 59 814.8607  15687.824421  x:  0.02533   0.07145   0.08334   0.01550   0.04240   0.13610   0.00000   0.31975   0.06361   0.00894   0.28108   0.00676   0.08980   0.07948   0.06534   0.14394   0.10075   0.04897   0.13964   0.00000   0.09288   0.03385   0.06972   0.04945   0.16277   0.18141   0.00853   0.19948   0.00000   0.01153   0.07803   0.13163   0.08484   0.12030   0.05398   0.10121   0.05736   0.00786   0.01579   0.05357   0.01578   0.05190   0.00981   0.02696   0.02198   0.05425   0.04691   0.06304   0.01972   0.01985   0.02762   0.05268   0.05873   4.19561   0.47439   0.86829   3.46379  
 60 742.0882  15687.728374  x:  0.02519   0.07251   0.08463   0.01499   0.04348   0.13624   0.00000   0.31962   0.06278   0.00891   0.28144   0.00675   0.08927   0.07923   0.06333   0.14162   0.10016   0.04785   0.14016   0.00000   0.09204   0.03398   0.06947   0.04997   0.16203   0.18248   0.00861   0.19941   0.00000   0.01146   0.07808   0.13261   0.08502   0.12020   0.05524   0.10248   0.05800   0.00786   0.01576   0.05397   0.01576   0.05186   0.00990   0.02694   0.02197   0.05424   0.04679   0.06226   0.01973   0.01986   0.02764   0.05291   0.05797   4.19868   0.47427   0.86883   3.46475  
 61 45.0283  15687.712542  x:  0.02524   0.07258   0.08476   0.01506   0.04327   0.13664   0.00000   0.31954   0.06316   0.00891   0.28138   0.00677   0.08904   0.07940   0.06323   0.14008   0.10002   0.04853   0.14046   0.00000   0.09178   0.03400   0.06943   0.04988   0.16167   0.18290   0.00856   0.19933   0.00000   0.01140   0.07810   0.13333   0.08507   0.11990   0.05473   0.10290   0.05770   0.00784   0.01575   0.05381   0.01574   0.05176   0.00986   0.02695   0.02199   0.05422   0.04682   0.06263   0.01971   0.01984   0.02761   0.05281   0.05833   4.19857   0.47425   0.86882   3.46475  
 62 13.2130  15687.704201  x:  0.02522   0.07235   0.08426   0.01505   0.04313   0.13705   0.00000   0.31941   0.06295   0.00889   0.28135   0.00674   0.08903   0.07926   0.06402   0.13918   0.09994   0.04825   0.14066   0.00000   0.09196   0.03398   0.06947   0.04968   0.16154   0.18303   0.00855   0.19927   0.00000   0.01138   0.07800   0.13371   0.08519   0.11971   0.05487   0.10271   0.05786   0.00782   0.01572   0.05371   0.01575   0.05194   0.00983   0.02695   0.02199   0.05419   0.04681   0.06241   0.01973   0.01984   0.02762   0.05286   0.05817   4.19852   0.47420   0.86883   3.46482  
 63  5.2735  15687.566790  x:  0.02509   0.07319   0.08296   0.01508   0.04332   0.13998   0.00000   0.31861   0.06282   0.00883   0.28234   0.00656   0.08976   0.08007   0.06266   0.13738   0.10172   0.04894   0.14065   0.00000   0.09334   0.03389   0.06954   0.05131   0.16157   0.18163   0.00866   0.19843   0.00000   0.01129   0.07836   0.13319   0.08408   0.12005   0.05603   0.09961   0.05762   0.00778   0.01561   0.05474   0.01558   0.05165   0.01000   0.02691   0.02193   0.05425   0.04686   0.06325   0.01967   0.01980   0.02761   0.05299   0.05795   4.20462   0.47398   0.87011   3.46892  
 64  2.4459  15686.177955  x:  0.02506   0.07242   0.09043   0.01463   0.04104   0.14899   0.00000   0.31586   0.06118   0.00831   0.28673   0.00592   0.09124   0.07770   0.06287   0.13408   0.10208   0.04495   0.13732   0.00000   0.09045   0.03343   0.07000   0.04917   0.16341   0.17789   0.00781   0.19654   0.00000   0.01101   0.08133   0.12824   0.08168   0.12395   0.05000   0.09555   0.05550   0.00697   0.01480   0.05455   0.01626   0.04839   0.00921   0.02709   0.02199   0.05335   0.04650   0.05877   0.01987   0.01987   0.02719   0.05242   0.05937   4.23866   0.47260   0.87815   3.50211  
 65 33.4973  15680.643802  x:  0.02497   0.06498   0.09792   0.00982   0.03721   0.15515   0.00000   0.31393   0.05946   0.00688   0.29613   0.00473   0.08953   0.08121   0.06723   0.13238   0.09615   0.05691   0.12943   0.00000   0.08340   0.03328   0.06969   0.04569   0.16722   0.17777   0.00415   0.19769   0.00000   0.00798   0.08079   0.11867   0.08548   0.13071   0.06016   0.09959   0.05683   0.00385   0.01214   0.05487   0.01602   0.05329   0.00613   0.02763   0.02273   0.04999   0.04741   0.06190   0.02022   0.01952   0.02715   0.05777   0.05220   4.35233   0.47237   0.90471   3.62692  
 66 297.9780  15676.039436  x:  0.02603   0.06611   0.08711   0.00606   0.03584   0.14361   0.00000   0.31685   0.05877   0.00606   0.30189   0.00439   0.08928   0.07827   0.06270   0.13413   0.09214   0.05565   0.13304   0.00000   0.09011   0.03143   0.06888   0.05323   0.16650   0.18678   0.00083   0.20271   0.00000   0.00498   0.08465   0.12027   0.08523   0.12662   0.05431   0.09939   0.05230   0.00147   0.01057   0.05503   0.01688   0.05054   0.00324   0.02815   0.02350   0.04617   0.04717   0.05743   0.02062   0.01921   0.02639   0.05966   0.05084   4.43373   0.47252   0.92429   3.72490  
 67 598.8815  15675.811296  x:  0.02606   0.06762   0.08732   0.00588   0.03582   0.14132   0.00000   0.31740   0.05865   0.00606   0.30220   0.00436   0.09038   0.07847   0.06273   0.13447   0.09470   0.05562   0.13448   0.00000   0.08776   0.03149   0.06942   0.04957   0.16615   0.18790   0.00067   0.20319   0.00000   0.00472   0.08478   0.12155   0.08601   0.12473   0.05484   0.09655   0.05204   0.00139   0.01055   0.05706   0.01677   0.04925   0.00312   0.02812   0.02353   0.04588   0.04715   0.05761   0.02058   0.01914   0.02631   0.05984   0.05064   4.43783   0.47261   0.92525   3.72984  
 68 73.6300  15675.804190  x:  0.02604   0.06746   0.08786   0.00589   0.03575   0.14107   0.00000   0.31746   0.05872   0.00606   0.30220   0.00437   0.09032   0.07840   0.06288   0.13446   0.09518   0.05556   0.13451   0.00000   0.08744   0.03149   0.06943   0.05018   0.16614   0.18801   0.00065   0.20324   0.00000   0.00471   0.08469   0.12172   0.08620   0.12435   0.05484   0.09602   0.05212   0.00139   0.01055   0.05663   0.01680   0.04955   0.00311   0.02813   0.02353   0.04589   0.04717   0.05763   0.02059   0.01914   0.02632   0.05986   0.05063   4.43787   0.47262   0.92526   3.72999  
 69  9.7153  15675.798420  x:  0.02612   0.06735   0.08829   0.00585   0.03585   0.14097   0.00000   0.31748   0.05878   0.00606   0.30231   0.00440   0.08983   0.07848   0.06296   0.13442   0.09530   0.05557   0.13415   0.00000   0.08805   0.03153   0.06930   0.05001   0.16621   0.18804   0.00065   0.20327   0.00000   0.00472   0.08474   0.12174   0.08602   0.12373   0.05479   0.09595   0.05205   0.00140   0.01056   0.05693   0.01676   0.04966   0.00310   0.02813   0.02355   0.04592   0.04716   0.05759   0.02058   0.01914   0.02631   0.05991   0.05048   4.43818   0.47257   0.92536   3.73038  
 70  1.1576  15675.749970  x:  0.02576   0.06727   0.08835   0.00607   0.03549   0.14056   0.00000   0.31745   0.05834   0.00606   0.30274   0.00433   0.08982   0.07855   0.06291   0.13433   0.09519   0.05570   0.13295   0.00000   0.08846   0.03137   0.06945   0.04998   0.16649   0.18820   0.00063   0.20335   0.00000   0.00474   0.08475   0.12169   0.08551   0.12214   0.05582   0.09607   0.05251   0.00141   0.01056   0.05617   0.01688   0.04811   0.00306   0.02815   0.02347   0.04573   0.04709   0.05759   0.02059   0.01915   0.02628   0.05956   0.05135   4.43973   0.47226   0.92597   3.73353  
 71  3.9799  15675.205495  x:  0.02585   0.06813   0.08454   0.00652   0.03785   0.13910   0.00000   0.31795   0.05947   0.00611   0.30592   0.00425   0.09334   0.07869   0.06183   0.13449   0.09410   0.05522   0.12874   0.00000   0.08517   0.03108   0.07083   0.05087   0.16785   0.18920   0.00088   0.20430   0.00000   0.00524   0.08505   0.12132   0.08457   0.11639   0.05443   0.09662   0.05168   0.00183   0.01071   0.05669   0.01694   0.05041   0.00239   0.02822   0.02354   0.04620   0.04722   0.05748   0.02060   0.01914   0.02607   0.05961   0.05085   4.45945   0.47028   0.93280   3.77002  
 72 36.0583  15673.698357  x:  0.02524   0.07007   0.08429   0.00806   0.04071   0.13497   0.00000   0.32066   0.06132   0.00617   0.30870   0.00434   0.08996   0.07940   0.06249   0.13717   0.09629   0.05465   0.13701   0.00000   0.08904   0.03169   0.06797   0.05141   0.16767   0.19278   0.00086   0.20736   0.00000   0.00615   0.08481   0.12356   0.08691   0.12200   0.05409   0.09395   0.05255   0.00266   0.01098   0.05668   0.01725   0.04857   0.00060   0.02849   0.02398   0.04615   0.04711   0.05815   0.02062   0.01898   0.02545   0.05932   0.05256   4.50547   0.46821   0.94863   3.86244  
 73 200.2867  15673.678556  x:  0.02527   0.06960   0.08418   0.00809   0.04086   0.13500   0.00000   0.32069   0.06133   0.00617   0.30879   0.00436   0.08925   0.07946   0.06226   0.13723   0.09640   0.05461   0.13717   0.00000   0.08914   0.03130   0.06965   0.05157   0.16769   0.19269   0.00090   0.20738   0.00000   0.00613   0.08503   0.12356   0.08782   0.12207   0.05400   0.09396   0.05249   0.00268   0.01097   0.05698   0.01723   0.04826   0.00063   0.02848   0.02400   0.04620   0.04707   0.05814   0.02061   0.01897   0.02545   0.05929   0.05260   4.50667   0.46820   0.94894   3.86394  
 74 23.6315  15673.673879  x:  0.02525   0.06979   0.08435   0.00808   0.04090   0.13492   0.00000   0.32072   0.06138   0.00617   0.30872   0.00436   0.08937   0.07939   0.06217   0.13722   0.09636   0.05464   0.13727   0.00000   0.08937   0.03116   0.07018   0.05133   0.16763   0.19280   0.00087   0.20742   0.00000   0.00615   0.08489   0.12363   0.08727   0.12221   0.05407   0.09388   0.05254   0.00268   0.01098   0.05663   0.01725   0.04856   0.00061   0.02849   0.02400   0.04619   0.04710   0.05818   0.02062   0.01897   0.02545   0.05933   0.05256   4.50659   0.46822   0.94898   3.86440  
 75  0.5223  15673.248601  x:  0.02510   0.07157   0.08444   0.00827   0.04258   0.13274   0.00000   0.32169   0.06218   0.00616   0.31102   0.00450   0.08976   0.07950   0.06220   0.13850   0.09716   0.05450   0.14020   0.00000   0.09136   0.03125   0.06926   0.05120   0.16738   0.19617   0.00102   0.20880   0.00000   0.00657   0.08451   0.12494   0.08545   0.12435   0.05452   0.09261   0.05311   0.00306   0.01108   0.05516   0.01699   0.04872   0.00198   0.02849   0.02397   0.04606   0.04704   0.05885   0.02068   0.01902   0.02540   0.05930   0.05309   4.53728   0.46699   0.96023   3.92604  
 76  5.2937  15672.823561  x:  0.02549   0.07059   0.08374   0.00798   0.04531   0.13527   0.00000   0.32142   0.06348   0.00568   0.31768   0.00500   0.08937   0.08088   0.06254   0.13926   0.09735   0.05409   0.13827   0.00000   0.09108   0.03152   0.06923   0.05222   0.16933   0.19770   0.00015   0.20882   0.00000   0.00751   0.08492   0.12481   0.08657   0.12465   0.05514   0.09497   0.05429   0.00285   0.01068   0.05599   0.01597   0.04856   0.00186   0.02844   0.02410   0.04662   0.04675   0.06014   0.02050   0.01920   0.02591   0.05835   0.05387   4.61786   0.46445   0.99636   4.12064  
 77  0.2411  15672.609043  x:  0.02540   0.07034   0.08377   0.00720   0.04421   0.13565   0.00000   0.32155   0.06362   0.00568   0.32191   0.00472   0.08961   0.08086   0.06207   0.13958   0.09813   0.05334   0.13813   0.00000   0.09114   0.03166   0.06942   0.05245   0.16906   0.19925   0.00082   0.20789   0.00000   0.00648   0.08533   0.12536   0.08685   0.12458   0.05530   0.09559   0.05495   0.00342   0.01107   0.05661   0.01640   0.04878   0.00169   0.02838   0.02381   0.04713   0.04703   0.06030   0.02050   0.01927   0.02630   0.05785   0.05396   4.67523   0.46325   1.03142   4.32481  
 78  0.2066  15672.311238  x:  0.02574   0.07016   0.08443   0.00872   0.04214   0.13629   0.00000   0.32077   0.06214   0.00558   0.32204   0.00444   0.08974   0.07975   0.06224   0.13895   0.09771   0.05367   0.13750   0.00000   0.09099   0.03154   0.06944   0.05139   0.16763   0.19867   0.00000   0.20709   0.00000   0.00644   0.08518   0.12503   0.08687   0.12415   0.05401   0.09430   0.05344   0.00377   0.01163   0.05664   0.01678   0.04920   0.00157   0.02845   0.02402   0.04653   0.04732   0.05913   0.02065   0.01930   0.02607   0.05848   0.05246   4.71906   0.46197   1.09730   4.75359  
 79  0.2265  15671.827973  x:  0.02525   0.07044   0.08587   0.00817   0.04332   0.13611   0.00000   0.31852   0.06018   0.00490   0.31651   0.00599   0.09016   0.07924   0.06248   0.13748   0.09646   0.05406   0.13762   0.00000   0.08932   0.03163   0.06937   0.05038   0.16671   0.19390   0.00024   0.20680   0.00000   0.00824   0.08372   0.12360   0.08576   0.12313   0.05498   0.09323   0.05364   0.00358   0.01191   0.05468   0.01696   0.04848   0.00138   0.02849   0.02420   0.04672   0.04710   0.05907   0.02062   0.01910   0.02554   0.05841   0.05342   4.74135   0.45954   1.24569   5.74325  
 80  0.3873  15671.232107  x:  0.02554   0.07058   0.08366   0.00833   0.04570   0.13515   0.00000   0.31690   0.06127   0.00496   0.31173   0.00389   0.08886   0.07993   0.06202   0.13849   0.09662   0.05388   0.13775   0.00000   0.09086   0.03127   0.06852   0.05142   0.16812   0.19193   0.00046   0.20665   0.00000   0.00666   0.08328   0.12431   0.08591   0.12279   0.05466   0.09526   0.05391   0.00317   0.01264   0.05483   0.01617   0.04911   0.00152   0.02821   0.02339   0.04666   0.04716   0.06043   0.02076   0.01949   0.02606   0.05822   0.05440   4.70782   0.46060   1.43578   6.96070  
 81  0.6275  15670.703244  x:  0.02621   0.07036   0.08119   0.00743   0.04260   0.13277   0.00000   0.31471   0.06304   0.00456   0.31265   0.00596   0.08952   0.07982   0.06085   0.13958   0.09781   0.05357   0.13863   0.00000   0.09212   0.03123   0.06884   0.05258   0.16864   0.19625   0.00069   0.20710   0.00000   0.00623   0.08507   0.12511   0.08696   0.12318   0.05414   0.09597   0.05384   0.00321   0.01282   0.05659   0.01676   0.04865   0.00166   0.02850   0.02397   0.04611   0.04723   0.05991   0.02047   0.01916   0.02634   0.05829   0.05311   4.65779   0.45682   1.68994   8.57679  
 82  0.8952  15670.182466  x:  0.02538   0.06992   0.08563   0.00760   0.04241   0.13683   0.00000   0.31641   0.06262   0.00432   0.31955   0.00448   0.08980   0.08000   0.06229   0.13899   0.09780   0.05360   0.13810   0.00000   0.09054   0.03174   0.06951   0.05134   0.16710   0.19955   0.00057   0.20755   0.00000   0.00748   0.08563   0.12458   0.08737   0.12395   0.05475   0.09317   0.05398   0.00280   0.01269   0.05707   0.01712   0.04864   0.00180   0.02841   0.02394   0.04694   0.04734   0.05920   0.02044   0.01921   0.02589   0.05796   0.05247   4.62982   0.44813   2.07378  10.98940  
 83  1.2669  15669.889903  x:  0.02545   0.06985   0.08552   0.00809   0.04428   0.13674   0.00000   0.31839   0.06163   0.00435   0.32280   0.00500   0.08972   0.07985   0.06251   0.13837   0.09703   0.05391   0.13755   0.00000   0.09018   0.03165   0.06915   0.05089   0.16713   0.19916   0.00014   0.20671   0.00000   0.00595   0.08506   0.12414   0.08649   0.12422   0.05486   0.09344   0.05387   0.00305   0.01263   0.05521   0.01618   0.04843   0.00176   0.02850   0.02389   0.04683   0.04713   0.05909   0.02078   0.01910   0.02565   0.05807   0.05332   4.60067   0.45348   2.41791  13.03228  
 84  1.4949  15669.604038  x:  0.02567   0.07034   0.08250   0.00745   0.04370   0.13391   0.00000   0.32118   0.06147   0.00478   0.32491   0.00450   0.08981   0.07996   0.06166   0.13860   0.09692   0.05372   0.13831   0.00000   0.09107   0.03129   0.06895   0.05194   0.16758   0.19743   0.00044   0.20637   0.00000   0.00747   0.08473   0.12475   0.08590   0.12387   0.05463   0.09564   0.05380   0.00333   0.01251   0.05512   0.01633   0.04855   0.00161   0.02842   0.02366   0.04663   0.04699   0.06007   0.02065   0.01950   0.02616   0.05847   0.05409   4.57774   0.45074   2.97160  16.43387  
 85  1.9220  15669.400674  x:  0.02532   0.07055   0.08342   0.00858   0.04373   0.13564   0.00000   0.32157   0.06235   0.00484   0.32507   0.00515   0.08965   0.08071   0.06185   0.13911   0.09728   0.05364   0.13839   0.00000   0.09140   0.03152   0.06903   0.05168   0.16789   0.19577   0.00075   0.20726   0.00000   0.00678   0.08463   0.12457   0.08646   0.12353   0.05457   0.09515   0.05411   0.00329   0.01175   0.05613   0.01691   0.04933   0.00152   0.02848   0.02390   0.04709   0.04711   0.06039   0.02044   0.01926   0.02614   0.05833   0.05355   4.59242   0.44219   3.56300  20.13772  
 86  2.3109  15669.164572  x:  0.02545   0.06986   0.08533   0.00798   0.04333   0.13667   0.00000   0.31857   0.06239   0.00546   0.32325   0.00475   0.08968   0.08003   0.06178   0.13901   0.09764   0.05397   0.13814   0.00000   0.09079   0.03162   0.06918   0.05107   0.16847   0.19526   0.00034   0.20703   0.00000   0.00684   0.08505   0.12473   0.08747   0.12338   0.05477   0.09359   0.05411   0.00357   0.01116   0.05639   0.01690   0.04893   0.00150   0.02851   0.02415   0.04663   0.04731   0.05902   0.02055   0.01914   0.02586   0.05819   0.05250   4.61197   0.45053   4.48350  25.70529  
 87  3.2407  15669.035712  x:  0.02570   0.06984   0.08408   0.00762   0.04361   0.13481   0.00000   0.31767   0.06225   0.00589   0.32031   0.00458   0.08965   0.07980   0.06191   0.13855   0.09712   0.05382   0.13801   0.00000   0.09053   0.03154   0.06914   0.05137   0.16733   0.19635   0.00030   0.20702   0.00000   0.00671   0.08500   0.12439   0.08640   0.12356   0.05467   0.09428   0.05375   0.00349   0.01088   0.05547   0.01614   0.04845   0.00161   0.02842   0.02395   0.04660   0.04715   0.05910   0.02072   0.01923   0.02586   0.05819   0.05312   4.62692   0.44400   5.36337  31.19213  
 88  3.6641  15668.968151  x:  0.02549   0.07012   0.08331   0.00802   0.04363   0.13452   0.00000   0.31717   0.06221   0.00609   0.31951   0.00474   0.08955   0.07972   0.06191   0.13846   0.09696   0.05367   0.13796   0.00000   0.09071   0.03145   0.06899   0.05148   0.16736   0.19742   0.00057   0.20670   0.00000   0.00686   0.08477   0.12427   0.08599   0.12353   0.05453   0.09485   0.05376   0.00319   0.01072   0.05548   0.01662   0.04871   0.00170   0.02836   0.02381   0.04682   0.04709   0.05996   0.02062   0.01930   0.02608   0.05821   0.05362   4.63232   0.44741   6.11188  35.74548  
 89  3.8027  15668.886877  x:  0.02539   0.07043   0.08451   0.00769   0.04342   0.13599   0.00000   0.31743   0.06191   0.00651   0.31956   0.00471   0.08965   0.08005   0.06192   0.13916   0.09734   0.05381   0.13794   0.00000   0.09117   0.03143   0.06905   0.05165   0.16787   0.19766   0.00030   0.20677   0.00000   0.00679   0.08475   0.12472   0.08734   0.12388   0.05482   0.09448   0.05423   0.00323   0.01131   0.05626   0.01699   0.04877   0.00176   0.02845   0.02390   0.04658   0.04723   0.06000   0.02044   0.01923   0.02605   0.05833   0.05326   4.62864   0.44460   7.82904  46.30128  
 90  3.5982  15668.814072  x:  0.02608   0.06979   0.08421   0.00795   0.04346   0.13545   0.00000   0.31854   0.06166   0.00632   0.32134   0.00480   0.08983   0.07998   0.06174   0.13891   0.09743   0.05369   0.13821   0.00000   0.09078   0.03165   0.06920   0.05138   0.16760   0.19755   0.00056   0.20665   0.00000   0.00683   0.08509   0.12459   0.08669   0.12360   0.05465   0.09379   0.05399   0.00309   0.01148   0.05588   0.01597   0.04860   0.00168   0.02839   0.02389   0.04697   0.04718   0.05915   0.02070   0.01923   0.02590   0.05814   0.05306   4.63322   0.44498   9.82859  58.56137  
 91  5.4350  15668.730996  x:  0.02513   0.06984   0.08341   0.00783   0.04386   0.13473   0.00000   0.31954   0.06211   0.00574   0.32206   0.00477   0.08944   0.07966   0.06197   0.13838   0.09714   0.05376   0.13820   0.00000   0.09056   0.03148   0.06909   0.05141   0.16728   0.19651   0.00038   0.20676   0.00000   0.00672   0.08485   0.12440   0.08573   0.12359   0.05445   0.09476   0.05345   0.00312   0.01147   0.05541   0.01698   0.04867   0.00162   0.02835   0.02383   0.04676   0.04718   0.05965   0.02070   0.01933   0.02598   0.05811   0.05352   4.62908   0.44456  13.06110  78.40293  
 92  9.0187  15668.675009  x:  0.02569   0.07046   0.08410   0.00783   0.04332   0.13560   0.00000   0.31866   0.06211   0.00535   0.32097   0.00476   0.08962   0.08004   0.06196   0.13875   0.09722   0.05382   0.13822   0.00000   0.09089   0.03145   0.06904   0.05145   0.16784   0.19645   0.00043   0.20712   0.00000   0.00680   0.08482   0.12460   0.08678   0.12374   0.05472   0.09468   0.05400   0.00323   0.01148   0.05573   0.01661   0.04879   0.00163   0.02846   0.02392   0.04657   0.04714   0.05977   0.02055   0.01928   0.02602   0.05833   0.05330   4.62286   0.44398  16.41543  99.00000  
 93 11.6632  15668.672146  x:  0.02568   0.07044   0.08408   0.00783   0.04333   0.13557   0.00000   0.31869   0.06211   0.00536   0.32100   0.00476   0.08961   0.08003   0.06196   0.13874   0.09722   0.05382   0.13822   0.00000   0.09088   0.03145   0.06904   0.05145   0.16782   0.19645   0.00043   0.20711   0.00000   0.00679   0.08482   0.12460   0.08675   0.12373   0.05472   0.09468   0.05398   0.00322   0.01148   0.05572   0.01662   0.04879   0.00163   0.02846   0.02392   0.04657   0.04714   0.05976   0.02055   0.01928   0.02602   0.05832   0.05331   4.62305   0.44400  16.26316  99.00000  
 94 86.6518  15668.668154  x:  0.02558   0.07011   0.08407   0.00786   0.04347   0.13538   0.00000   0.31812   0.06203   0.00546   0.32049   0.00476   0.08969   0.07995   0.06185   0.13882   0.09726   0.05379   0.13809   0.00000   0.09088   0.03150   0.06906   0.05145   0.16772   0.19696   0.00044   0.20687   0.00000   0.00681   0.08488   0.12458   0.08673   0.12369   0.05469   0.09439   0.05399   0.00324   0.01145   0.05584   0.01652   0.04870   0.00166   0.02844   0.02391   0.04670   0.04715   0.05960   0.02059   0.01924   0.02600   0.05826   0.05324   4.62626   0.44332  16.22714  99.00000  
 95  0.0292  15668.667633  x:  0.02560   0.07015   0.08402   0.00786   0.04353   0.13536   0.00000   0.31816   0.06207   0.00550   0.32044   0.00476   0.08966   0.07994   0.06191   0.13875   0.09721   0.05376   0.13803   0.00000   0.09082   0.03150   0.06909   0.05147   0.16762   0.19706   0.00043   0.20688   0.00000   0.00681   0.08487   0.12449   0.08657   0.12365   0.05467   0.09446   0.05392   0.00326   0.01143   0.05579   0.01658   0.04870   0.00166   0.02843   0.02389   0.04673   0.04715   0.05964   0.02059   0.01926   0.02598   0.05823   0.05331   4.62633   0.44333  16.23042  99.00000  
 96  0.0020  15668.667512  x:  0.02553   0.07012   0.08399   0.00787   0.04355   0.13532   0.00000   0.31823   0.06206   0.00552   0.32054   0.00476   0.08966   0.07993   0.06189   0.13875   0.09721   0.05377   0.13805   0.00000   0.09082   0.03150   0.06908   0.05147   0.16763   0.19703   0.00043   0.20686   0.00000   0.00681   0.08488   0.12451   0.08656   0.12364   0.05466   0.09447   0.05392   0.00326   0.01143   0.05578   0.01658   0.04871   0.00166   0.02842   0.02389   0.04673   0.04716   0.05964   0.02060   0.01925   0.02599   0.05823   0.05330   4.62600   0.44348  16.23876  99.00000  
 97  0.0055  15668.667499  x:  0.02555   0.07010   0.08399   0.00786   0.04355   0.13532   0.00000   0.31824   0.06206   0.00552   0.32058   0.00476   0.08966   0.07993   0.06189   0.13875   0.09722   0.05377   0.13805   0.00000   0.09082   0.03150   0.06908   0.05146   0.16763   0.19701   0.00043   0.20686   0.00000   0.00681   0.08488   0.12451   0.08656   0.12365   0.05466   0.09446   0.05391   0.00325   0.01143   0.05578   0.01659   0.04870   0.00166   0.02842   0.02389   0.04673   0.04716   0.05963   0.02060   0.01925   0.02599   0.05823   0.05330   4.62608   0.44349  16.23927  99.00000  
 98  0.0004  15668.667497  x:  0.02555   0.07011   0.08399   0.00786   0.04355   0.13532   0.00000   0.31824   0.06206   0.00552   0.32058   0.00476   0.08966   0.07993   0.06189   0.13875   0.09722   0.05377   0.13805   0.00000   0.09082   0.03150   0.06908   0.05146   0.16763   0.19701   0.00043   0.20686   0.00000   0.00681   0.08488   0.12451   0.08656   0.12365   0.05466   0.09446   0.05391   0.00325   0.01143   0.05578   0.01658   0.04870   0.00166   0.02842   0.02389   0.04673   0.04716   0.05963   0.02060   0.01926   0.02599   0.05823   0.05330   4.62616   0.44348  16.23893  99.00000  
 99  0.0003  15668.667497  x:  0.02555   0.07011   0.08399   0.00786   0.04355   0.13532   0.00000   0.31824   0.06206   0.00552   0.32058   0.00476   0.08966   0.07993   0.06189   0.13875   0.09722   0.05377   0.13805   0.00000   0.09082   0.03150   0.06908   0.05146   0.16763   0.19701   0.00043   0.20686   0.00000   0.00681   0.08487   0.12451   0.08656   0.12365   0.05466   0.09446   0.05391   0.00325   0.01143   0.05578   0.01658   0.04870   0.00166   0.02842   0.02389   0.04673   0.04716   0.05963   0.02060   0.01925   0.02599   0.05823   0.05330   4.62618   0.44348  16.23888  99.00000  