Supplemental results for CODEML (seqf: ccnb1.fasta  treef: ccnb1_tree.txt)


Model 0: one-ratio

Model 1: NearlyNeutral

MLEs of dN/dS (w) for site classes (K=2)

p:   0.52619  0.47381
w:   0.09344  1.00000

Naive Empirical Bayes (NEB) probabilities for 2 classes & postmean_w
(amino acids refer to 1st sequence: Gallus_gallus)

   1 P   0.07441 0.92559 ( 2)  0.933
   2 D   0.00000 1.00000 ( 2)  1.000
   3 I   0.00029 0.99971 ( 2)  1.000
   4 A   0.00429 0.99571 ( 2)  0.996
   5 D   0.99994 0.00006 ( 1)  0.093
   6 F   0.99975 0.00025 ( 1)  0.094
   7 V   0.00057 0.99943 ( 2)  0.999
   8 Y   0.04159 0.95841 ( 2)  0.962
   9 I   0.33557 0.66443 ( 2)  0.696
  10 T   0.99984 0.00016 ( 1)  0.094
  11 D   0.09082 0.90918 ( 2)  0.918
  12 N   0.00010 0.99990 ( 2)  1.000
  13 A   0.00001 0.99999 ( 2)  1.000
  14 Y   0.99698 0.00302 ( 1)  0.096
  15 N   0.65923 0.34077 ( 1)  0.402
  16 S   0.00000 1.00000 ( 2)  1.000
  17 A   0.00000 1.00000 ( 2)  1.000
  18 -   0.52619 0.47381 ( 1)  0.523
  19 V   0.88806 0.11194 ( 1)  0.195
  20 R   0.00000 1.00000 ( 2)  1.000
  21 E   0.00081 0.99919 ( 2)  0.999
  22 M   1.00000 0.00000 ( 1)  0.093
  23 E   0.99974 0.00026 ( 1)  0.094
  24 I   0.00022 0.99978 ( 2)  1.000
  25 T   0.02398 0.97602 ( 2)  0.978
  26 I   0.99989 0.00011 ( 1)  0.094
  27 L   0.99727 0.00273 ( 1)  0.096
  28 K   0.00013 0.99987 ( 2)  1.000
  29 E   0.16341 0.83659 ( 2)  0.852
  30 L   0.99532 0.00468 ( 1)  0.098
  31 N   0.00926 0.99074 ( 2)  0.992
  32 F   0.99997 0.00003 ( 1)  0.093
  33 D   0.00000 1.00000 ( 2)  1.000
  34 L   0.67008 0.32992 ( 1)  0.393
  35 G   0.16924 0.83076 ( 2)  0.847
  36 R   0.06630 0.93370 ( 2)  0.940
  37 P   0.99984 0.00016 ( 1)  0.094
  38 L   0.96079 0.03921 ( 1)  0.129
  39 P   0.97849 0.02151 ( 1)  0.113
  40 L   0.00977 0.99023 ( 2)  0.991
  41 H   0.99931 0.00069 ( 1)  0.094
  42 F   0.99996 0.00004 ( 1)  0.093
  43 L   0.99768 0.00232 ( 1)  0.096
  44 R   0.05733 0.94267 ( 2)  0.948
  45 R   0.99781 0.00219 ( 1)  0.095
  46 A   0.06862 0.93138 ( 2)  0.938
  47 S   0.90975 0.09025 ( 1)  0.175
  48 K   0.81485 0.18515 ( 1)  0.261
  49 A   0.00000 1.00000 ( 2)  1.000
  50 G   0.00900 0.99100 ( 2)  0.992
  51 E   0.71521 0.28479 ( 1)  0.352
  52 D   0.48364 0.51636 ( 2)  0.562
  53 A   0.00000 1.00000 ( 2)  1.000
  54 E   0.10500 0.89500 ( 2)  0.905
  55 Q   0.99040 0.00960 ( 1)  0.102
  56 H   0.49899 0.50101 ( 2)  0.548
  57 T   0.00000 1.00000 ( 2)  1.000
  58 L   0.99568 0.00432 ( 1)  0.097
  59 A   0.99634 0.00366 ( 1)  0.097
  60 K   0.99821 0.00179 ( 1)  0.095
  61 Y   0.99971 0.00029 ( 1)  0.094
  62 L   0.99536 0.00464 ( 1)  0.098
  63 M   0.99920 0.00080 ( 1)  0.094
  64 E   0.96870 0.03130 ( 1)  0.122
  65 L   0.99754 0.00246 ( 1)  0.096
  66 T   0.09385 0.90615 ( 2)  0.915
  67 L   0.01586 0.98414 ( 2)  0.986
  68 I   0.00086 0.99914 ( 2)  0.999
  69 D   0.99993 0.00007 ( 1)  0.094
  70 Y   0.99985 0.00015 ( 1)  0.094
  71 D   0.99941 0.00059 ( 1)  0.094
  72 M   0.99996 0.00004 ( 1)  0.093
  73 V   0.99812 0.00188 ( 1)  0.095
  74 H   0.99935 0.00065 ( 1)  0.094
  75 Y   0.00003 0.99997 ( 2)  1.000
  76 H   0.08432 0.91568 ( 2)  0.924
  77 P   0.98019 0.01981 ( 1)  0.111
  78 S   0.99963 0.00037 ( 1)  0.094
  79 E   0.03807 0.96193 ( 2)  0.965
  80 I   0.00248 0.99752 ( 2)  0.998
  81 A   0.99820 0.00180 ( 1)  0.095
  82 A   0.99973 0.00027 ( 1)  0.094
  83 A   0.99984 0.00016 ( 1)  0.094
  84 A   0.99981 0.00019 ( 1)  0.094
  85 L   0.00000 1.00000 ( 2)  1.000
  86 C   0.99989 0.00011 ( 1)  0.094
  87 L   0.99803 0.00197 ( 1)  0.095
  88 S   0.01030 0.98970 ( 2)  0.991
  89 Q   0.01256 0.98744 ( 2)  0.989
  90 K   0.39160 0.60840 ( 2)  0.645
  91 V   0.00137 0.99863 ( 2)  0.999


lnL = -2768.569208


Model 2: PositiveSelection

MLEs of dN/dS (w) for site classes (K=3)

p:   0.52619  0.47381  0.00000
w:   0.09344  1.00000  1.66447
(note that p[2] is zero)


Naive Empirical Bayes (NEB) probabilities for 3 classes & postmean_w & P(w>1)
(amino acids refer to 1st sequence: Gallus_gallus)

   1 P   0.07441 0.92559 0.00000 ( 2)  0.933  0.000
   2 D   0.00000 1.00000 0.00000 ( 2)  1.000  0.000
   3 I   0.00029 0.99971 0.00000 ( 2)  1.000  0.000
   4 A   0.00429 0.99571 0.00000 ( 2)  0.996  0.000
   5 D   0.99994 0.00006 0.00000 ( 1)  0.093  0.000
   6 F   0.99975 0.00025 0.00000 ( 1)  0.094  0.000
   7 V   0.00057 0.99943 0.00000 ( 2)  0.999  0.000
   8 Y   0.04159 0.95841 0.00000 ( 2)  0.962  0.000
   9 I   0.33557 0.66443 0.00000 ( 2)  0.696  0.000
  10 T   0.99984 0.00016 0.00000 ( 1)  0.094  0.000
  11 D   0.09082 0.90918 0.00000 ( 2)  0.918  0.000
  12 N   0.00010 0.99990 0.00000 ( 2)  1.000  0.000
  13 A   0.00001 0.99999 0.00000 ( 2)  1.000  0.000
  14 Y   0.99698 0.00302 0.00000 ( 1)  0.096  0.000
  15 N   0.65923 0.34077 0.00000 ( 1)  0.402  0.000
  16 S   0.00000 1.00000 0.00000 ( 2)  1.000  0.000
  17 A   0.00000 1.00000 0.00000 ( 2)  1.000  0.000
  18 -   0.52619 0.47381 0.00000 ( 1)  0.523  0.000
  19 V   0.88806 0.11194 0.00000 ( 1)  0.195  0.000
  20 R   0.00000 1.00000 0.00000 ( 2)  1.000  0.000
  21 E   0.00081 0.99919 0.00000 ( 2)  0.999  0.000
  22 M   1.00000 0.00000 0.00000 ( 1)  0.093  0.000
  23 E   0.99974 0.00026 0.00000 ( 1)  0.094  0.000
  24 I   0.00022 0.99978 0.00000 ( 2)  1.000  0.000
  25 T   0.02398 0.97602 0.00000 ( 2)  0.978  0.000
  26 I   0.99989 0.00011 0.00000 ( 1)  0.094  0.000
  27 L   0.99727 0.00273 0.00000 ( 1)  0.096  0.000
  28 K   0.00013 0.99987 0.00000 ( 2)  1.000  0.000
  29 E   0.16341 0.83659 0.00000 ( 2)  0.852  0.000
  30 L   0.99532 0.00468 0.00000 ( 1)  0.098  0.000
  31 N   0.00926 0.99074 0.00000 ( 2)  0.992  0.000
  32 F   0.99997 0.00003 0.00000 ( 1)  0.093  0.000
  33 D   0.00000 1.00000 0.00000 ( 2)  1.000  0.000
  34 L   0.67008 0.32992 0.00000 ( 1)  0.393  0.000
  35 G   0.16924 0.83076 0.00000 ( 2)  0.847  0.000
  36 R   0.06630 0.93370 0.00000 ( 2)  0.940  0.000
  37 P   0.99984 0.00016 0.00000 ( 1)  0.094  0.000
  38 L   0.96079 0.03921 0.00000 ( 1)  0.129  0.000
  39 P   0.97849 0.02151 0.00000 ( 1)  0.113  0.000
  40 L   0.00977 0.99023 0.00000 ( 2)  0.991  0.000
  41 H   0.99931 0.00069 0.00000 ( 1)  0.094  0.000
  42 F   0.99996 0.00004 0.00000 ( 1)  0.093  0.000
  43 L   0.99768 0.00232 0.00000 ( 1)  0.096  0.000
  44 R   0.05733 0.94267 0.00000 ( 2)  0.948  0.000
  45 R   0.99781 0.00219 0.00000 ( 1)  0.095  0.000
  46 A   0.06862 0.93138 0.00000 ( 2)  0.938  0.000
  47 S   0.90975 0.09025 0.00000 ( 1)  0.175  0.000
  48 K   0.81485 0.18515 0.00000 ( 1)  0.261  0.000
  49 A   0.00000 1.00000 0.00000 ( 2)  1.000  0.000
  50 G   0.00900 0.99100 0.00000 ( 2)  0.992  0.000
  51 E   0.71521 0.28479 0.00000 ( 1)  0.352  0.000
  52 D   0.48364 0.51636 0.00000 ( 2)  0.562  0.000
  53 A   0.00000 1.00000 0.00000 ( 2)  1.000  0.000
  54 E   0.10500 0.89500 0.00000 ( 2)  0.905  0.000
  55 Q   0.99040 0.00960 0.00000 ( 1)  0.102  0.000
  56 H   0.49899 0.50101 0.00000 ( 2)  0.548  0.000
  57 T   0.00000 1.00000 0.00000 ( 2)  1.000  0.000
  58 L   0.99568 0.00432 0.00000 ( 1)  0.097  0.000
  59 A   0.99634 0.00366 0.00000 ( 1)  0.097  0.000
  60 K   0.99821 0.00179 0.00000 ( 1)  0.095  0.000
  61 Y   0.99971 0.00029 0.00000 ( 1)  0.094  0.000
  62 L   0.99536 0.00464 0.00000 ( 1)  0.098  0.000
  63 M   0.99920 0.00080 0.00000 ( 1)  0.094  0.000
  64 E   0.96870 0.03130 0.00000 ( 1)  0.122  0.000
  65 L   0.99754 0.00246 0.00000 ( 1)  0.096  0.000
  66 T   0.09385 0.90615 0.00000 ( 2)  0.915  0.000
  67 L   0.01586 0.98414 0.00000 ( 2)  0.986  0.000
  68 I   0.00086 0.99914 0.00000 ( 2)  0.999  0.000
  69 D   0.99993 0.00007 0.00000 ( 1)  0.094  0.000
  70 Y   0.99985 0.00015 0.00000 ( 1)  0.094  0.000
  71 D   0.99941 0.00059 0.00000 ( 1)  0.094  0.000
  72 M   0.99996 0.00004 0.00000 ( 1)  0.093  0.000
  73 V   0.99812 0.00188 0.00000 ( 1)  0.095  0.000
  74 H   0.99935 0.00065 0.00000 ( 1)  0.094  0.000
  75 Y   0.00003 0.99997 0.00000 ( 2)  1.000  0.000
  76 H   0.08432 0.91568 0.00000 ( 2)  0.924  0.000
  77 P   0.98019 0.01981 0.00000 ( 1)  0.111  0.000
  78 S   0.99963 0.00037 0.00000 ( 1)  0.094  0.000
  79 E   0.03807 0.96193 0.00000 ( 2)  0.965  0.000
  80 I   0.00248 0.99752 0.00000 ( 2)  0.998  0.000
  81 A   0.99820 0.00180 0.00000 ( 1)  0.095  0.000
  82 A   0.99973 0.00027 0.00000 ( 1)  0.094  0.000
  83 A   0.99984 0.00016 0.00000 ( 1)  0.094  0.000
  84 A   0.99981 0.00019 0.00000 ( 1)  0.094  0.000
  85 L   0.00000 1.00000 0.00000 ( 2)  1.000  0.000
  86 C   0.99989 0.00011 0.00000 ( 1)  0.094  0.000
  87 L   0.99803 0.00197 0.00000 ( 1)  0.095  0.000
  88 S   0.01030 0.98970 0.00000 ( 2)  0.991  0.000
  89 Q   0.01256 0.98744 0.00000 ( 2)  0.989  0.000
  90 K   0.39160 0.60840 0.00000 ( 2)  0.645  0.000
  91 V   0.00137 0.99863 0.00000 ( 2)  0.999  0.000

Positively selected sites

	Prob(w>1)  mean w



lnL = -2768.569208

Bayes Empirical Bayes (BEB) probabilities for 3 classes (class) & postmean_w
(amino acids refer to 1st sequence: Gallus_gallus)

   1 P   0.22431 0.76661 0.00908 ( 2)  0.814 +-  0.361
   2 D   0.00000 0.63000 0.37000 ( 2)  1.435 +-  0.741
   3 I   0.00447 0.97553 0.02000 ( 2)  1.007 +-  0.098
   4 A   0.02865 0.95253 0.01882 ( 2)  0.986 +-  0.162
   5 D   0.99992 0.00008 0.00000 ( 1)  0.120 +-  0.047
   6 F   0.99973 0.00027 0.00000 ( 1)  0.120 +-  0.048
   7 V   0.00617 0.97050 0.02333 ( 2)  1.007 +-  0.109
   8 Y   0.18460 0.80873 0.00667 ( 2)  0.846 +-  0.334
   9 I   0.50793 0.48882 0.00326 ( 1)  0.568 +-  0.430
  10 T   0.99981 0.00019 0.00000 ( 1)  0.120 +-  0.048
  11 D   0.30620 0.69004 0.00376 ( 2)  0.741 +-  0.395
  12 N   0.00161 0.96042 0.03797 ( 2)  1.021 +-  0.130
  13 A   0.00025 0.95838 0.04137 ( 2)  1.024 +-  0.130
  14 Y   0.99698 0.00302 0.00001 ( 1)  0.122 +-  0.067
  15 N   0.68687 0.31182 0.00131 ( 1)  0.408 +-  0.402
  16 S   0.00000 0.90669 0.09330 ( 2)  1.062 +-  0.226
  17 A   0.00002 0.89564 0.10434 ( 2)  1.082 +-  0.291
  18 -   0.54684 0.41165 0.04151 ( 1)  0.598 +-  0.775
  19 V   0.85809 0.14162 0.00029 ( 1)  0.252 +-  0.307
  20 R   0.00000 0.85275 0.14725 ( 2)  1.123 +-  0.361
  21 E   0.00842 0.97063 0.02095 ( 2)  1.004 +-  0.112
  22 M   0.99999 0.00001 0.00000 ( 1)  0.120 +-  0.046
  23 E   0.99971 0.00029 0.00000 ( 1)  0.120 +-  0.048
  24 I   0.00461 0.98271 0.01268 ( 2)  1.003 +-  0.083
  25 T   0.10896 0.88145 0.00959 ( 2)  0.912 +-  0.272
  26 I   0.99987 0.00013 0.00000 ( 1)  0.120 +-  0.047
  27 L   0.99717 0.00282 0.00001 ( 1)  0.122 +-  0.066
  28 K   0.00203 0.97118 0.02679 ( 2)  1.013 +-  0.106
  29 E   0.32585 0.66815 0.00600 ( 2)  0.725 +-  0.404
  30 L   0.99524 0.00474 0.00002 ( 1)  0.124 +-  0.076
  31 N   0.07532 0.91834 0.00634 ( 2)  0.939 +-  0.229
  32 F   0.99997 0.00003 0.00000 ( 1)  0.120 +-  0.046
  33 D   0.00001 0.92401 0.07598 ( 2)  1.049 +-  0.200
  34 L   0.69913 0.29829 0.00258 ( 1)  0.395 +-  0.402
  35 G   0.37147 0.62383 0.00470 ( 2)  0.686 +-  0.415
  36 R   0.20818 0.78207 0.00975 ( 2)  0.828 +-  0.352
  37 P   0.99982 0.00018 0.00000 ( 1)  0.120 +-  0.048
  38 L   0.95563 0.04425 0.00012 ( 1)  0.160 +-  0.187
  39 P   0.97541 0.02453 0.00006 ( 1)  0.142 +-  0.144
  40 L   0.05824 0.92665 0.01511 ( 2)  0.959 +-  0.212
  41 H   0.99929 0.00071 0.00000 ( 1)  0.120 +-  0.052
  42 F   0.99994 0.00006 0.00000 ( 1)  0.120 +-  0.046
  43 L   0.99757 0.00242 0.00001 ( 1)  0.122 +-  0.063
  44 R   0.20365 0.78902 0.00732 ( 2)  0.830 +-  0.347
  45 R   0.99779 0.00221 0.00000 ( 1)  0.122 +-  0.062
  46 A   0.21788 0.77430 0.00781 ( 2)  0.819 +-  0.357
  47 S   0.90211 0.09748 0.00041 ( 1)  0.210 +-  0.265
  48 K   0.79345 0.20589 0.00066 ( 1)  0.311 +-  0.354
  49 A   0.00002 0.95846 0.04152 ( 2)  1.023 +-  0.119
  50 G   0.05546 0.93219 0.01235 ( 2)  0.959 +-  0.205
  51 E   0.72231 0.27682 0.00087 ( 1)  0.376 +-  0.389
  52 D   0.59877 0.39989 0.00134 ( 1)  0.489 +-  0.421
  53 A   0.00000 0.57778 0.42222 ( 2)  1.504 +-  0.785
  54 E   0.28157 0.71259 0.00584 ( 2)  0.763 +-  0.387
  55 Q   0.99053 0.00945 0.00002 ( 1)  0.128 +-  0.097
  56 H   0.60590 0.39274 0.00136 ( 1)  0.482 +-  0.420
  57 T   0.00002 0.87730 0.12269 ( 2)  1.106 +-  0.352
  58 L   0.99560 0.00438 0.00002 ( 1)  0.123 +-  0.074
  59 A   0.99634 0.00365 0.00001 ( 1)  0.123 +-  0.070
  60 K   0.99819 0.00181 0.00000 ( 1)  0.121 +-  0.059
  61 Y   0.99967 0.00033 0.00000 ( 1)  0.120 +-  0.049
  62 L   0.99529 0.00469 0.00002 ( 1)  0.124 +-  0.076
  63 M   0.99910 0.00090 0.00000 ( 1)  0.120 +-  0.053
  64 E   0.96432 0.03560 0.00008 ( 1)  0.152 +-  0.169
  65 L   0.99744 0.00255 0.00001 ( 1)  0.122 +-  0.064
  66 T   0.26257 0.73040 0.00703 ( 2)  0.780 +-  0.379
  67 L   0.07854 0.91107 0.01039 ( 2)  0.939 +-  0.236
  68 I   0.00929 0.97343 0.01728 ( 2)  1.001 +-  0.108
  69 D   0.99991 0.00009 0.00000 ( 1)  0.120 +-  0.047
  70 Y   0.99983 0.00017 0.00000 ( 1)  0.120 +-  0.047
  71 D   0.99939 0.00061 0.00000 ( 1)  0.120 +-  0.051
  72 M   0.99995 0.00005 0.00000 ( 1)  0.120 +-  0.046
  73 V   0.99810 0.00190 0.00000 ( 1)  0.121 +-  0.060
  74 H   0.99933 0.00067 0.00000 ( 1)  0.120 +-  0.051
  75 Y   0.00072 0.97519 0.02409 ( 2)  1.012 +-  0.088
  76 H   0.24087 0.75104 0.00809 ( 2)  0.799 +-  0.369
  77 P   0.97733 0.02262 0.00005 ( 1)  0.140 +-  0.139
  78 S   0.99958 0.00041 0.00000 ( 1)  0.120 +-  0.049
  79 E   0.17628 0.81825 0.00547 ( 2)  0.853 +-  0.328
  80 I   0.02400 0.96391 0.01209 ( 2)  0.986 +-  0.143
  81 A   0.99819 0.00181 0.00000 ( 1)  0.121 +-  0.059
  82 A   0.99969 0.00031 0.00000 ( 1)  0.120 +-  0.049
  83 A   0.99981 0.00019 0.00000 ( 1)  0.120 +-  0.048
  84 A   0.99978 0.00022 0.00000 ( 1)  0.120 +-  0.048
  85 L   0.00000 0.83484 0.16516 ( 2)  1.142 +-  0.395
  86 C   0.99987 0.00013 0.00000 ( 1)  0.120 +-  0.047
  87 L   0.99794 0.00206 0.00001 ( 1)  0.121 +-  0.061
  88 S   0.06081 0.92500 0.01419 ( 2)  0.956 +-  0.215
  89 Q   0.05528 0.92448 0.02024 ( 2)  0.964 +-  0.213
  90 K   0.54855 0.44947 0.00198 ( 1)  0.533 +-  0.427
  91 V   0.01371 0.96936 0.01692 ( 2)  0.997 +-  0.122

Positively selected sites

	Prob(w>1)  mean w



Model 7: beta

MLEs of dN/dS (w) for site classes (K=10)

p:   0.10000  0.10000  0.10000  0.10000  0.10000  0.10000  0.10000  0.10000  0.10000  0.10000
w:   0.00198  0.01965  0.05704  0.11502  0.19408  0.29447  0.41624  0.55920  0.72270  0.90487

Naive Empirical Bayes (NEB) probabilities for 10 classes & postmean_w
(amino acids refer to 1st sequence: Gallus_gallus)

   1 P   0.00000 0.00009 0.00400 0.03466 0.11848 0.21593 0.24703 0.19790 0.12097 0.06094 ( 7)  0.447
   2 D   0.00000 0.00000 0.00000 0.00000 0.00000 0.00021 0.00455 0.04391 0.22687 0.72446 (10)  0.846
   3 I   0.00000 0.00000 0.00002 0.00114 0.01555 0.07879 0.19404 0.27619 0.25813 0.17615 ( 8)  0.608
   4 A   0.00000 0.00000 0.00033 0.00624 0.03931 0.12003 0.21517 0.25528 0.21858 0.14506 ( 8)  0.565
   5 D   0.41150 0.31255 0.17534 0.07234 0.02211 0.00510 0.00091 0.00013 0.00002 0.00000 ( 1)  0.032
   6 F   0.03143 0.22721 0.34076 0.25056 0.11019 0.03200 0.00663 0.00106 0.00014 0.00002 ( 3)  0.087
   7 V   0.00000 0.00000 0.00005 0.00169 0.01719 0.07530 0.17837 0.26260 0.26530 0.19951 ( 9)  0.619
   8 Y   0.00000 0.00001 0.00150 0.02245 0.10502 0.22498 0.27075 0.20956 0.11575 0.04998 ( 7)  0.448
   9 I   0.00000 0.00031 0.01237 0.08464 0.21408 0.27577 0.21838 0.12172 0.05306 0.01968 ( 6)  0.348
  10 T   0.39453 0.30681 0.18100 0.08084 0.02759 0.00734 0.00157 0.00028 0.00004 0.00001 ( 1)  0.035
  11 D   0.00000 0.00002 0.00245 0.03385 0.14237 0.26638 0.27251 0.17526 0.07925 0.02792 ( 7)  0.404
  12 N   0.00000 0.00000 0.00001 0.00050 0.00753 0.04378 0.12957 0.23506 0.29711 0.28644 ( 9)  0.674
  13 A   0.00000 0.00000 0.00000 0.00009 0.00240 0.02197 0.09304 0.21870 0.32502 0.33878 (10)  0.709
  14 Y   0.02030 0.15902 0.28208 0.26800 0.16564 0.07278 0.02414 0.00637 0.00140 0.00027 ( 3)  0.119
  15 N   0.00000 0.00212 0.03270 0.13208 0.24519 0.26275 0.18448 0.09282 0.03612 0.01174 ( 6)  0.307
  16 S   0.00000 0.00000 0.00000 0.00000 0.00014 0.00282 0.02522 0.11733 0.31591 0.53858 (10)  0.793
  17 A   0.00000 0.00000 0.00000 0.00001 0.00047 0.00667 0.04202 0.14500 0.31697 0.48885 (10)  0.772
  18 -   0.10000 0.10000 0.10000 0.10000 0.10000 0.10000 0.10000 0.10000 0.10000 0.10000 ( 7)  0.329
  19 V   0.00000 0.00367 0.05188 0.18420 0.28911 0.25335 0.14160 0.05554 0.01658 0.00408 ( 5)  0.261
  20 R   0.00000 0.00000 0.00000 0.00000 0.00010 0.00215 0.02041 0.10119 0.29805 0.57810 (10)  0.804
  21 E   0.00000 0.00000 0.00006 0.00213 0.02076 0.08648 0.19349 0.26753 0.25265 0.17690 ( 8)  0.603
  22 M   0.46357 0.32394 0.15248 0.04806 0.01025 0.00151 0.00016 0.00001 0.00000 0.00000 ( 1)  0.024
  23 E   0.37931 0.30140 0.18584 0.08852 0.03273 0.00950 0.00221 0.00042 0.00007 0.00001 ( 1)  0.038
  24 I   0.00000 0.00000 0.00001 0.00091 0.01663 0.09465 0.23069 0.29549 0.23271 0.12891 ( 8)  0.577
  25 T   0.00000 0.00003 0.00157 0.01818 0.08142 0.18668 0.25556 0.23151 0.15019 0.07486 ( 7)  0.485
  26 I   0.41005 0.31165 0.17542 0.07314 0.02292 0.00554 0.00108 0.00018 0.00003 0.00000 ( 1)  0.032
  27 L   0.32947 0.27765 0.19392 0.11211 0.05401 0.02196 0.00768 0.00236 0.00066 0.00017 ( 1)  0.052
  28 K   0.00000 0.00000 0.00001 0.00062 0.00950 0.05512 0.15794 0.26328 0.28730 0.22623 ( 9)  0.643
  29 E   0.00000 0.00059 0.01092 0.05734 0.14742 0.22822 0.23645 0.17563 0.09887 0.04457 ( 7)  0.411
  30 L   0.31549 0.26993 0.19458 0.11799 0.06052 0.02655 0.01013 0.00344 0.00106 0.00031 ( 1)  0.057
  31 N   0.00000 0.00000 0.00032 0.00918 0.06694 0.19483 0.28607 0.24628 0.13923 0.05714 ( 7)  0.481
  32 F   0.43513 0.31858 0.16559 0.06095 0.01609 0.00313 0.00047 0.00006 0.00001 0.00000 ( 1)  0.028
  33 D   0.00000 0.00000 0.00000 0.00000 0.00024 0.00467 0.03636 0.14204 0.32546 0.49123 (10)  0.776
  34 L   0.00012 0.01013 0.06144 0.15102 0.21941 0.21985 0.16562 0.09965 0.05034 0.02241 ( 6)  0.310
  35 G   0.00000 0.00014 0.00607 0.04944 0.15485 0.25178 0.24983 0.16871 0.08474 0.03443 ( 6)  0.401
  36 R   0.00000 0.00008 0.00358 0.03193 0.11265 0.21177 0.24873 0.20294 0.12519 0.06313 ( 7)  0.453
  37 P   0.39172 0.30595 0.18205 0.08225 0.02842 0.00764 0.00164 0.00029 0.00004 0.00001 ( 1)  0.035
  38 L   0.00031 0.02451 0.12796 0.25052 0.26931 0.18686 0.09216 0.03477 0.01071 0.00288 ( 5)  0.212
  39 P   0.00038 0.02912 0.14678 0.27206 0.27133 0.17124 0.07551 0.02515 0.00681 0.00161 ( 4)  0.195
  40 L   0.00000 0.00000 0.00057 0.00985 0.05565 0.15026 0.23648 0.24658 0.18758 0.11304 ( 8)  0.530
  41 H   0.02641 0.19780 0.31940 0.26256 0.13355 0.04609 0.01155 0.00224 0.00036 0.00005 ( 3)  0.098
  42 F   0.42265 0.31562 0.17092 0.06688 0.01909 0.00407 0.00067 0.00009 0.00001 0.00000 ( 1)  0.030
  43 L   0.33619 0.28119 0.19330 0.10910 0.05092 0.01994 0.00670 0.00198 0.00053 0.00014 ( 1)  0.050
  44 R   0.00000 0.00005 0.00277 0.02855 0.11181 0.22141 0.26065 0.20440 0.11708 0.05328 ( 7)  0.446
  45 R   0.02165 0.16772 0.29102 0.26753 0.15849 0.06627 0.02083 0.00520 0.00109 0.00020 ( 3)  0.114
  46 A   0.00000 0.00007 0.00359 0.03264 0.11689 0.22026 0.25474 0.20049 0.11678 0.05454 ( 7)  0.443
  47 S   0.00023 0.01814 0.10012 0.21357 0.25766 0.20642 0.12070 0.05522 0.02096 0.00699 ( 5)  0.244
  48 K   0.00000 0.00315 0.04546 0.16659 0.27397 0.25617 0.15608 0.06839 0.02341 0.00677 ( 5)  0.277
  49 A   0.00000 0.00000 0.00000 0.00001 0.00052 0.00900 0.05970 0.19112 0.34476 0.39489 (10)  0.741
  50 G   0.00000 0.00000 0.00051 0.00906 0.05340 0.14984 0.24204 0.25322 0.18699 0.10494 ( 8)  0.528
  51 E   0.00000 0.00225 0.03446 0.13757 0.25153 0.26432 0.18072 0.08748 0.03211 0.00956 ( 6)  0.300
  52 D   0.00000 0.00033 0.01337 0.09223 0.23251 0.29124 0.21518 0.10576 0.03821 0.01115 ( 6)  0.329
  53 A   0.00000 0.00000 0.00000 0.00000 0.00001 0.00030 0.00482 0.04192 0.21851 0.73444 (10)  0.848
  54 E   0.00000 0.00013 0.00561 0.04572 0.14492 0.24201 0.25026 0.17780 0.09392 0.03962 ( 7)  0.412
  55 Q   0.01616 0.13100 0.24958 0.26392 0.18738 0.09701 0.03859 0.01231 0.00328 0.00077 ( 4)  0.138
  56 H   0.00000 0.00035 0.01407 0.09560 0.23664 0.29077 0.21132 0.10293 0.03727 0.01105 ( 6)  0.326
  57 T   0.00000 0.00000 0.00000 0.00001 0.00033 0.00506 0.03465 0.13035 0.31025 0.51935 (10)  0.783
  58 L   0.31595 0.27024 0.19466 0.11788 0.06031 0.02634 0.00998 0.00334 0.00102 0.00029 ( 1)  0.057
  59 A   0.01896 0.15025 0.27289 0.26825 0.17285 0.07949 0.02760 0.00760 0.00174 0.00036 ( 3)  0.124
  60 K   0.02327 0.17806 0.30094 0.26603 0.14990 0.05918 0.01751 0.00413 0.00083 0.00015 ( 3)  0.108
  61 Y   0.38112 0.30184 0.18501 0.08757 0.03228 0.00942 0.00223 0.00044 0.00008 0.00001 ( 1)  0.038
  62 L   0.31386 0.26904 0.19469 0.11872 0.06131 0.02708 0.01038 0.00352 0.00108 0.00031 ( 1)  0.058
  63 M   0.00090 0.06291 0.25753 0.34669 0.22505 0.08341 0.01974 0.00330 0.00043 0.00005 ( 4)  0.134
  64 E   0.00033 0.02600 0.13455 0.25945 0.27219 0.18204 0.08518 0.02989 0.00837 0.00200 ( 5)  0.204
  65 L   0.33263 0.27943 0.19382 0.11080 0.05251 0.02089 0.00710 0.00211 0.00057 0.00014 ( 1)  0.051
  66 T   0.00000 0.00009 0.00428 0.03701 0.12560 0.22566 0.25164 0.19337 0.11106 0.05130 ( 7)  0.435
  67 L   0.00000 0.00002 0.00137 0.01596 0.07432 0.17904 0.25597 0.23853 0.15663 0.07816 ( 7)  0.493
  68 I   0.00000 0.00000 0.00006 0.00217 0.02162 0.09113 0.20267 0.27305 0.24658 0.16273 ( 8)  0.594
  69 D   0.40697 0.31124 0.17709 0.07458 0.02339 0.00554 0.00102 0.00015 0.00002 0.00000 ( 1)  0.032
  70 Y   0.39744 0.30776 0.18001 0.07939 0.02668 0.00697 0.00146 0.00025 0.00004 0.00001 ( 1)  0.034
  71 D   0.02686 0.20057 0.32179 0.26186 0.13130 0.04443 0.01083 0.00202 0.00031 0.00004 ( 3)  0.097
  72 M   0.03791 0.26297 0.36119 0.23141 0.08413 0.01911 0.00293 0.00033 0.00003 0.00000 ( 3)  0.076
  73 V   0.02177 0.16874 0.29266 0.26828 0.15771 0.06495 0.01993 0.00482 0.00097 0.00018 ( 3)  0.112
  74 H   0.02647 0.19825 0.31992 0.26258 0.13316 0.04571 0.01135 0.00217 0.00034 0.00005 ( 3)  0.098
  75 Y   0.00000 0.00000 0.00000 0.00022 0.00512 0.03984 0.13939 0.26362 0.30706 0.24475 ( 9)  0.662
  76 H   0.00000 0.00009 0.00395 0.03385 0.11522 0.21163 0.24659 0.20175 0.12476 0.06215 ( 7)  0.451
  77 P   0.00039 0.02960 0.14881 0.27452 0.27172 0.16956 0.07359 0.02401 0.00634 0.00146 ( 4)  0.193
  78 S   0.37459 0.29934 0.18686 0.09083 0.03461 0.01050 0.00260 0.00054 0.00010 0.00002 ( 1)  0.039
  79 E   0.00000 0.00001 0.00137 0.02108 0.10216 0.22584 0.27691 0.21346 0.11368 0.04549 ( 7)  0.447
  80 I   0.00000 0.00000 0.00013 0.00431 0.03708 0.13179 0.24351 0.27064 0.20174 0.11080 ( 8)  0.545
  81 A   0.02154 0.16729 0.29141 0.26873 0.15900 0.06583 0.02022 0.00485 0.00096 0.00017 ( 3)  0.113
  82 A   0.37873 0.30109 0.18589 0.08879 0.03300 0.00967 0.00228 0.00045 0.00008 0.00001 ( 1)  0.038
  83 A   0.38883 0.30499 0.18305 0.08371 0.02934 0.00799 0.00173 0.00031 0.00005 0.00001 ( 1)  0.036
  84 A   0.38619 0.30399 0.18381 0.08504 0.03028 0.00842 0.00187 0.00034 0.00005 0.00001 ( 1)  0.036
  85 L   0.00000 0.00000 0.00000 0.00000 0.00005 0.00132 0.01486 0.08531 0.28516 0.61330 (10)  0.815
  86 C   0.39907 0.30859 0.17975 0.07854 0.02592 0.00657 0.00131 0.00021 0.00003 0.00000 ( 1)  0.034
  87 L   0.33640 0.28149 0.19361 0.10920 0.05077 0.01967 0.00646 0.00184 0.00046 0.00011 ( 1)  0.050
  88 S   0.00000 0.00000 0.00061 0.01045 0.05829 0.15515 0.24036 0.24610 0.18273 0.10630 ( 8)  0.524
  89 Q   0.00000 0.00002 0.00116 0.01220 0.05357 0.13185 0.21095 0.24015 0.20724 0.14286 ( 8)  0.552
  90 K   0.00000 0.00029 0.01177 0.08294 0.21606 0.28364 0.22331 0.11906 0.04745 0.01547 ( 6)  0.343
  91 V   0.00000 0.00000 0.00008 0.00279 0.02587 0.10143 0.21139 0.27037 0.23554 0.15252 ( 8)  0.583


lnL = -2749.531152


Model 8: beta&w>1

MLEs of dN/dS (w) for site classes (K=11)

p:   0.09647  0.09647  0.09647  0.09647  0.09647  0.09647  0.09647  0.09647  0.09647  0.09647  0.03530
w:   0.00260  0.02131  0.05684  0.10894  0.17791  0.26463  0.37065  0.49880  0.65462  0.85335  1.37714

Naive Empirical Bayes (NEB) probabilities for 11 classes & postmean_w & P(w>1)
(amino acids refer to 1st sequence: Gallus_gallus)

   1 P   0.00000 0.00011 0.00369 0.02805 0.09449 0.18451 0.23871 0.22042 0.15094 0.07568 0.00338 ( 7)  0.435  0.003
   2 D   0.00000 0.00000 0.00000 0.00000 0.00000 0.00004 0.00087 0.01001 0.06692 0.30094 0.62122 (11)  1.161  0.621
   3 I   0.00000 0.00000 0.00002 0.00081 0.01023 0.05419 0.15260 0.26054 0.29078 0.21581 0.01503 ( 9)  0.598  0.015
   4 A   0.00000 0.00000 0.00032 0.00490 0.02912 0.09248 0.18447 0.25269 0.24882 0.17499 0.01221 ( 8)  0.554  0.012
   5 D   0.40316 0.30233 0.17563 0.07993 0.02866 0.00812 0.00181 0.00031 0.00004 0.00000 0.00000 ( 1)  0.034  0.000
   6 F   0.03718 0.21896 0.31413 0.24547 0.12512 0.04479 0.01171 0.00228 0.00033 0.00003 0.00000 ( 3)  0.089  0.000
   7 V   0.00000 0.00000 0.00004 0.00128 0.01196 0.05386 0.14199 0.24390 0.28903 0.23738 0.02055 ( 9)  0.611  0.021
   8 Y   0.00000 0.00002 0.00137 0.01729 0.07933 0.18489 0.25882 0.23879 0.15214 0.06563 0.00173 ( 7)  0.438  0.002
   9 I   0.00000 0.00038 0.01121 0.06883 0.17767 0.25485 0.23517 0.15260 0.07321 0.02552 0.00056 ( 6)  0.341  0.001
  10 T   0.38572 0.29641 0.18046 0.08806 0.03469 0.01108 0.00287 0.00060 0.00010 0.00001 0.00000 ( 1)  0.038  0.000
  11 D   0.00000 0.00003 0.00219 0.02586 0.10826 0.22484 0.27357 0.21378 0.11225 0.03859 0.00064 ( 7)  0.397  0.001
  12 N   0.00000 0.00000 0.00001 0.00035 0.00489 0.02910 0.09558 0.20074 0.29569 0.31851 0.05512 (10)  0.685  0.055
  13 A   0.00000 0.00000 0.00000 0.00006 0.00145 0.01326 0.06212 0.17247 0.31002 0.37542 0.06520 (10)  0.726  0.065
  14 Y   0.02401 0.15371 0.25811 0.25324 0.17328 0.08868 0.03509 0.01086 0.00259 0.00044 0.00000 ( 3)  0.120  0.000
  15 N   0.00001 0.00238 0.02929 0.10991 0.21047 0.25113 0.20573 0.12173 0.05294 0.01617 0.00025 ( 6)  0.303  0.000
  16 S   0.00000 0.00000 0.00000 0.00000 0.00007 0.00128 0.01205 0.06578 0.22348 0.49245 0.20489 (10)  0.886  0.205
  17 A   0.00000 0.00000 0.00000 0.00001 0.00023 0.00323 0.02203 0.08854 0.23463 0.44267 0.20866 (10)  0.872  0.209
  18 -   0.09647 0.09647 0.09647 0.09647 0.09647 0.09647 0.09647 0.09647 0.09647 0.09647 0.03530 ( 8)  0.339  0.035
  19 V   0.00001 0.00407 0.04620 0.15444 0.25531 0.25551 0.17094 0.08044 0.02699 0.00605 0.00004 ( 6)  0.259  0.000
  20 R   0.00000 0.00000 0.00000 0.00000 0.00004 0.00084 0.00844 0.04898 0.18048 0.45449 0.30674 (10)  0.956  0.307
  21 E   0.00000 0.00000 0.00006 0.00160 0.01445 0.06231 0.15626 0.25367 0.28189 0.21438 0.01538 ( 9)  0.592  0.015
  22 M   0.45763 0.31440 0.15480 0.05540 0.01452 0.00280 0.00040 0.00004 0.00000 0.00000 0.00000 ( 1)  0.026  0.000
  23 E   0.36991 0.29079 0.18459 0.09545 0.04035 0.01394 0.00392 0.00088 0.00015 0.00002 0.00000 ( 1)  0.041  0.000
  24 I   0.00000 0.00000 0.00001 0.00062 0.01039 0.06310 0.18209 0.29050 0.28005 0.16660 0.00664 ( 8)  0.566  0.007
  25 T   0.00000 0.00003 0.00145 0.01435 0.06209 0.15113 0.23489 0.24979 0.18723 0.09584 0.00318 ( 8)  0.473  0.003
  26 I   0.40171 0.30141 0.17561 0.08061 0.02947 0.00866 0.00206 0.00040 0.00006 0.00001 0.00000 ( 1)  0.035  0.000
  27 L   0.31881 0.26654 0.19025 0.11686 0.06209 0.02862 0.01145 0.00395 0.00115 0.00026 0.00000 ( 1)  0.056  0.000
  28 K   0.00000 0.00000 0.00001 0.00045 0.00618 0.03681 0.11866 0.23506 0.30730 0.26975 0.02579 ( 9)  0.639  0.026
  29 E   0.00000 0.00068 0.00998 0.04746 0.12114 0.20026 0.23364 0.20036 0.12747 0.05737 0.00164 ( 7)  0.401  0.002
  30 L   0.30450 0.25870 0.19028 0.12201 0.06848 0.03373 0.01457 0.00549 0.00178 0.00046 0.00001 ( 1)  0.061  0.000
  31 N   0.00000 0.00000 0.00029 0.00675 0.04726 0.14941 0.25908 0.27356 0.18470 0.07750 0.00145 ( 8)  0.470  0.001
  32 F   0.42768 0.30865 0.16693 0.06863 0.02166 0.00528 0.00100 0.00015 0.00002 0.00000 0.00000 ( 1)  0.030  0.000
  33 D   0.00000 0.00000 0.00000 0.00000 0.00012 0.00219 0.01867 0.08707 0.24945 0.47142 0.17109 (10)  0.852  0.171
  34 L   0.00019 0.01073 0.05607 0.13168 0.19628 0.21244 0.17830 0.12001 0.06543 0.02784 0.00104 ( 6)  0.303  0.001
  35 G   0.00000 0.00017 0.00552 0.03966 0.12387 0.21951 0.25147 0.19978 0.11371 0.04516 0.00115 ( 7)  0.392  0.001
  36 R   0.00000 0.00009 0.00325 0.02538 0.08833 0.17841 0.23816 0.22569 0.15743 0.07972 0.00354 ( 7)  0.443  0.004
  37 P   0.38288 0.29554 0.18136 0.08940 0.03560 0.01148 0.00300 0.00063 0.00010 0.00001 0.00000 ( 1)  0.038  0.000
  38 L   0.00048 0.02537 0.11511 0.22056 0.25285 0.19896 0.11500 0.05053 0.01698 0.00411 0.00004 ( 5)  0.211  0.000
  39 P   0.00058 0.03005 0.13190 0.24069 0.25858 0.18756 0.09829 0.03855 0.01140 0.00239 0.00002 ( 5)  0.195  0.000
  40 L   0.00000 0.00001 0.00054 0.00771 0.04166 0.11862 0.21010 0.25415 0.22087 0.13781 0.00855 ( 8)  0.518  0.009
  41 H   0.03122 0.19077 0.29336 0.25316 0.14644 0.06092 0.01886 0.00441 0.00077 0.00009 0.00000 ( 3)  0.100  0.000
  42 F   0.41470 0.30553 0.17172 0.07456 0.02520 0.00666 0.00138 0.00022 0.00003 0.00000 0.00000 ( 1)  0.032  0.000
  43 L   0.32552 0.27006 0.18997 0.11426 0.05909 0.02637 0.01018 0.00338 0.00095 0.00021 0.00000 ( 1)  0.054  0.000
  44 R   0.00000 0.00006 0.00253 0.02259 0.08669 0.18501 0.25017 0.23094 0.15115 0.06872 0.00214 ( 7)  0.435  0.002
  45 R   0.02560 0.16208 0.26656 0.25394 0.16743 0.08203 0.03091 0.00908 0.00205 0.00033 0.00000 ( 3)  0.115  0.000
  46 A   0.00000 0.00009 0.00312 0.02511 0.08951 0.18337 0.24472 0.22760 0.15225 0.07167 0.00255 ( 7)  0.436  0.003
  47 S   0.00035 0.01897 0.09066 0.18736 0.23714 0.21091 0.14117 0.07370 0.03028 0.00930 0.00017 ( 5)  0.241  0.000
  48 K   0.00001 0.00351 0.04054 0.13943 0.23996 0.25367 0.18256 0.09457 0.03602 0.00961 0.00012 ( 6)  0.274  0.000
  49 A   0.00000 0.00000 0.00000 0.00001 0.00028 0.00472 0.03510 0.13710 0.31325 0.43813 0.07141 (10)  0.760  0.071
  50 G   0.00000 0.00001 0.00048 0.00706 0.03965 0.11707 0.21341 0.26147 0.22391 0.13123 0.00571 ( 8)  0.515  0.006
  51 E   0.00001 0.00253 0.03089 0.11466 0.21652 0.25387 0.20328 0.11644 0.04816 0.01349 0.00015 ( 6)  0.297  0.000
  52 D   0.00000 0.00040 0.01187 0.07361 0.19052 0.26951 0.23819 0.14146 0.05828 0.01598 0.00018 ( 6)  0.325  0.000
  53 A   0.00000 0.00000 0.00000 0.00000 0.00000 0.00006 0.00094 0.00921 0.06006 0.28409 0.64564 (11)  1.176  0.646
  54 E   0.00000 0.00016 0.00522 0.03734 0.11703 0.21062 0.24841 0.20574 0.12301 0.05118 0.00129 ( 7)  0.402  0.001
  55 Q   0.01905 0.12651 0.22742 0.24580 0.19011 0.11248 0.05242 0.01941 0.00562 0.00117 0.00001 ( 4)  0.140  0.000
  56 H   0.00000 0.00043 0.01248 0.07636 0.19450 0.27041 0.23514 0.13803 0.05672 0.01575 0.00019 ( 6)  0.322  0.000
  57 T   0.00000 0.00000 0.00000 0.00000 0.00015 0.00228 0.01681 0.07337 0.21211 0.43996 0.25531 (10)  0.909  0.255
  58 L   0.30498 0.25902 0.19037 0.12191 0.06828 0.03351 0.01439 0.00538 0.00171 0.00043 0.00001 ( 1)  0.061  0.000
  59 A   0.02245 0.14545 0.24965 0.25239 0.17903 0.09535 0.03931 0.01267 0.00315 0.00055 0.00000 ( 4)  0.125  0.000
  60 K   0.02750 0.17183 0.27581 0.25385 0.16032 0.07474 0.02669 0.00743 0.00160 0.00024 0.00000 ( 3)  0.110  0.000
  61 Y   0.37184 0.29126 0.18383 0.09448 0.03979 0.01378 0.00392 0.00091 0.00017 0.00002 0.00000 ( 1)  0.041  0.000
  62 L   0.30291 0.25784 0.19031 0.12262 0.06923 0.03430 0.01489 0.00563 0.00181 0.00046 0.00001 ( 1)  0.062  0.000
  63 M   0.00137 0.06415 0.23159 0.31806 0.23570 0.10818 0.03295 0.00691 0.00100 0.00009 0.00000 ( 4)  0.136  0.000
  64 E   0.00051 0.02683 0.12079 0.22846 0.25673 0.19614 0.10866 0.04498 0.01390 0.00298 0.00002 ( 5)  0.204  0.000
  65 L   0.32183 0.26825 0.19031 0.11581 0.06072 0.02750 0.01075 0.00360 0.00101 0.00022 0.00000 ( 1)  0.055  0.000
  66 T   0.00000 0.00012 0.00392 0.02973 0.09964 0.19264 0.24470 0.21900 0.14249 0.06562 0.00214 ( 7)  0.424  0.002
  67 L   0.00000 0.00003 0.00126 0.01259 0.05627 0.14318 0.23237 0.25544 0.19511 0.10038 0.00336 ( 8)  0.481  0.003
  68 I   0.00000 0.00000 0.00006 0.00163 0.01502 0.06559 0.16433 0.26184 0.27984 0.19970 0.01198 ( 9)  0.582  0.012
  69 D   0.39845 0.30096 0.17718 0.08213 0.03012 0.00874 0.00200 0.00036 0.00005 0.00000 0.00000 ( 1)  0.035  0.000
  70 Y   0.38869 0.29738 0.17961 0.08668 0.03369 0.01060 0.00270 0.00055 0.00009 0.00001 0.00000 ( 1)  0.037  0.000
  71 D   0.03176 0.19345 0.29566 0.25285 0.14446 0.05911 0.01790 0.00405 0.00068 0.00007 0.00000 ( 3)  0.099  0.000
  72 M   0.04498 0.25355 0.33466 0.23119 0.09990 0.02898 0.00583 0.00083 0.00008 0.00000 0.00000 ( 3)  0.078  0.000
  73 V   0.02577 0.16314 0.26815 0.25476 0.16689 0.08078 0.02985 0.00853 0.00186 0.00029 0.00000 ( 3)  0.114  0.000
  74 H   0.03130 0.19122 0.29385 0.25325 0.14612 0.06053 0.01861 0.00430 0.00074 0.00009 0.00000 ( 3)  0.100  0.000
  75 Y   0.00000 0.00000 0.00000 0.00015 0.00314 0.02505 0.09951 0.22772 0.32525 0.29499 0.02419 ( 9)  0.656  0.024
  76 H   0.00000 0.00011 0.00365 0.02741 0.09185 0.18022 0.23669 0.22325 0.15576 0.07809 0.00297 ( 7)  0.439  0.003
  77 P   0.00059 0.03053 0.13369 0.24295 0.25936 0.18638 0.09642 0.03715 0.01073 0.00219 0.00002 ( 5)  0.193  0.000
  78 S   0.36523 0.28874 0.18534 0.09750 0.04226 0.01513 0.00447 0.00109 0.00021 0.00003 0.00000 ( 1)  0.042  0.000
  79 E   0.00000 0.00001 0.00124 0.01617 0.07657 0.18391 0.26319 0.24425 0.15224 0.06129 0.00114 ( 7)  0.437  0.001
  80 I   0.00000 0.00000 0.00012 0.00322 0.02603 0.09783 0.20744 0.27598 0.24320 0.14057 0.00561 ( 8)  0.532  0.006
  81 A   0.02550 0.16179 0.26699 0.25499 0.16800 0.08172 0.03027 0.00862 0.00186 0.00028 0.00000 ( 3)  0.115  0.000
  82 A   0.36947 0.29053 0.18458 0.09562 0.04057 0.01411 0.00401 0.00092 0.00017 0.00002 0.00000 ( 1)  0.041  0.000
  83 A   0.37989 0.29455 0.18222 0.09081 0.03662 0.01196 0.00316 0.00066 0.00011 0.00001 0.00000 ( 1)  0.039  0.000
  84 A   0.37715 0.29351 0.18286 0.09207 0.03765 0.01252 0.00337 0.00073 0.00012 0.00001 0.00000 ( 1)  0.039  0.000
  85 L   0.00000 0.00000 0.00000 0.00000 0.00002 0.00048 0.00564 0.03762 0.15752 0.44610 0.35262 (10)  0.990  0.353
  86 C   0.39035 0.29823 0.17945 0.08592 0.03291 0.01010 0.00248 0.00048 0.00007 0.00001 0.00000 ( 1)  0.037  0.000
  87 L   0.32565 0.27032 0.19028 0.11442 0.05902 0.02615 0.00993 0.00320 0.00086 0.00017 0.00000 ( 1)  0.053  0.000
  88 S   0.00000 0.00001 0.00057 0.00815 0.04356 0.12252 0.21419 0.25525 0.21748 0.13130 0.00698 ( 8)  0.512  0.007
  89 Q   0.00000 0.00003 0.00111 0.00999 0.04193 0.10655 0.18618 0.23916 0.23275 0.16878 0.01351 ( 8)  0.540  0.014
  90 K   0.00000 0.00035 0.01049 0.06626 0.17636 0.25943 0.24177 0.15403 0.06951 0.02148 0.00033 ( 6)  0.339  0.000
  91 V   0.00000 0.00000 0.00008 0.00210 0.01811 0.07403 0.17429 0.26315 0.26964 0.18724 0.01135 ( 9)  0.571  0.011

Positively selected sites

	Prob(w>1)  mean w

     2 D      0.621         1.161
    53 A      0.646         1.176


lnL = -2749.159451

Bayes Empirical Bayes (BEB) probabilities for 11 classes (class) & postmean_w
(amino acids refer to 1st sequence: Gallus_gallus)

   1 P   0.00857 0.09501 0.18976 0.21119 0.17857 0.12934 0.08500 0.05217 0.03027 0.01725 0.00287 ( 4)  0.428 +-  0.202
   2 D   0.00000 0.00000 0.00002 0.00036 0.00255 0.00998 0.02637 0.05255 0.08395 0.11164 0.71259 (11)  1.373 +-  0.436
   3 I   0.00003 0.00689 0.05093 0.12448 0.17945 0.19084 0.16679 0.12682 0.08616 0.05372 0.01389 ( 6)  0.592 +-  0.215
   4 A   0.00065 0.02474 0.09150 0.15618 0.18352 0.17328 0.14159 0.10398 0.06971 0.04376 0.01108 ( 5)  0.547 +-  0.222
   5 D   0.89382 0.08700 0.01532 0.00303 0.00064 0.00014 0.00003 0.00001 0.00000 0.00000 0.00000 ( 1)  0.063 +-  0.042
   6 F   0.76393 0.17941 0.04342 0.01011 0.00237 0.00057 0.00014 0.00004 0.00001 0.00000 0.00000 ( 1)  0.081 +-  0.064
   7 V   0.00008 0.00887 0.05171 0.11688 0.16691 0.18189 0.16568 0.13227 0.09448 0.06163 0.01959 ( 6)  0.606 +-  0.229
   8 Y   0.00286 0.07247 0.18665 0.22756 0.19550 0.13799 0.08611 0.04935 0.02643 0.01381 0.00128 ( 4)  0.432 +-  0.186
   9 I   0.02627 0.19410 0.26958 0.21693 0.13779 0.07771 0.04106 0.02083 0.01024 0.00509 0.00040 ( 3)  0.335 +-  0.170
  10 T   0.87680 0.09751 0.01971 0.00449 0.00110 0.00029 0.00008 0.00002 0.00001 0.00000 0.00000 ( 1)  0.066 +-  0.047
  11 D   0.00459 0.10167 0.22931 0.24502 0.18489 0.11502 0.06357 0.03246 0.01561 0.00743 0.00043 ( 4)  0.392 +-  0.172
  12 N   0.00001 0.00322 0.02721 0.07666 0.12906 0.16230 0.16926 0.15420 0.12529 0.09161 0.06119 ( 7)  0.693 +-  0.278
  13 A   0.00000 0.00081 0.01186 0.04779 0.10285 0.15317 0.17891 0.17514 0.14811 0.10933 0.07202 ( 7)  0.736 +-  0.274
  14 Y   0.64124 0.23024 0.08436 0.02914 0.00991 0.00337 0.00115 0.00039 0.00013 0.00005 0.00000 ( 1)  0.105 +-  0.092
  15 N   0.07443 0.24742 0.26615 0.18936 0.11123 0.05883 0.02920 0.01388 0.00638 0.00295 0.00017 ( 3)  0.294 +-  0.165
  16 S   0.00000 0.00003 0.00101 0.00809 0.03053 0.07242 0.12469 0.16876 0.18669 0.16951 0.23828 (11)  0.943 +-  0.345
  17 A   0.00000 0.00010 0.00258 0.01507 0.04392 0.08532 0.12708 0.15611 0.16347 0.14653 0.25982 (11)  0.946 +-  0.377
  18 -   0.32567 0.13783 0.10414 0.08501 0.07156 0.06099 0.05206 0.04404 0.03640 0.02948 0.05284 ( 1)  0.379 +-  0.504
  19 V   0.11650 0.31194 0.27343 0.16048 0.07861 0.03500 0.01474 0.00598 0.00236 0.00094 0.00002 ( 2)  0.249 +-  0.145
  20 R   0.00000 0.00002 0.00061 0.00519 0.02062 0.05139 0.09358 0.13521 0.16139 0.16046 0.37155 (11)  1.059 +-  0.391
  21 E   0.00011 0.01081 0.05994 0.12922 0.17650 0.18442 0.16141 0.12405 0.08548 0.05408 0.01399 ( 6)  0.586 +-  0.220
  22 M   0.93486 0.05767 0.00650 0.00084 0.00012 0.00002 0.00000 0.00000 0.00000 0.00000 0.00000 ( 1)  0.057 +-  0.030
  23 E   0.86166 0.10671 0.02369 0.00584 0.00152 0.00042 0.00012 0.00003 0.00001 0.00000 0.00000 ( 1)  0.068 +-  0.051
  24 I   0.00001 0.00636 0.05796 0.14760 0.20528 0.20237 0.16057 0.10977 0.06691 0.03776 0.00542 ( 5)  0.558 +-  0.193
  25 T   0.00325 0.05762 0.15215 0.20366 0.19517 0.15355 0.10600 0.06647 0.03844 0.02128 0.00241 ( 4)  0.466 +-  0.199
  26 I   0.89095 0.08844 0.01619 0.00339 0.00077 0.00019 0.00005 0.00001 0.00000 0.00000 0.00000 ( 1)  0.064 +-  0.043
  27 L   0.79771 0.13687 0.04232 0.01453 0.00529 0.00201 0.00078 0.00031 0.00012 0.00005 0.00000 ( 1)  0.080 +-  0.073
  28 K   0.00001 0.00405 0.03436 0.09552 0.15503 0.18364 0.17686 0.14659 0.10736 0.07089 0.02568 ( 6)  0.636 +-  0.232
  29 E   0.02539 0.13142 0.20787 0.20766 0.16471 0.11363 0.07132 0.04167 0.02287 0.01227 0.00120 ( 3)  0.393 +-  0.197
  30 L   0.77761 0.14454 0.04826 0.01783 0.00696 0.00282 0.00118 0.00050 0.00021 0.00009 0.00001 ( 1)  0.085 +-  0.080
  31 N   0.00054 0.03774 0.14599 0.22219 0.21679 0.16382 0.10505 0.06002 0.03129 0.01559 0.00097 ( 4)  0.464 +-  0.180
  32 F   0.91342 0.07347 0.01086 0.00183 0.00034 0.00007 0.00001 0.00000 0.00000 0.00000 0.00000 ( 1)  0.060 +-  0.036
  33 D   0.00000 0.00005 0.00175 0.01286 0.04296 0.09038 0.14011 0.17396 0.17993 0.15585 0.20214 (11)  0.902 +-  0.339
  34 L   0.15178 0.24036 0.21953 0.15702 0.10026 0.06011 0.03462 0.01934 0.01048 0.00570 0.00079 ( 2)  0.284 +-  0.191
  35 G   0.01282 0.12716 0.22729 0.22577 0.17002 0.10955 0.06404 0.03501 0.01815 0.00933 0.00085 ( 3)  0.386 +-  0.184
  36 R   0.00752 0.08787 0.18288 0.20994 0.18158 0.13362 0.08873 0.05480 0.03189 0.01817 0.00301 ( 4)  0.436 +-  0.203
  37 P   0.87450 0.09904 0.02027 0.00464 0.00114 0.00029 0.00008 0.00002 0.00001 0.00000 0.00000 ( 1)  0.066 +-  0.048
  38 L   0.29500 0.32041 0.20234 0.10164 0.04631 0.02012 0.00853 0.00356 0.00146 0.00061 0.00002 ( 2)  0.191 +-  0.139
  39 P   0.33298 0.33035 0.19000 0.08701 0.03623 0.01444 0.00564 0.00218 0.00083 0.00032 0.00001 ( 1)  0.175 +-  0.128
  40 L   0.00112 0.03635 0.11817 0.17996 0.19125 0.16539 0.12528 0.08632 0.05499 0.03341 0.00776 ( 5)  0.511 +-  0.215
  41 H   0.71698 0.20258 0.05843 0.01600 0.00435 0.00120 0.00033 0.00010 0.00003 0.00001 0.00000 ( 1)  0.089 +-  0.074
  42 F   0.90342 0.08050 0.01307 0.00240 0.00048 0.00010 0.00002 0.00001 0.00000 0.00000 0.00000 ( 1)  0.062 +-  0.039
  43 L   0.80675 0.13307 0.03963 0.01314 0.00464 0.00171 0.00065 0.00026 0.00010 0.00004 0.00000 ( 1)  0.079 +-  0.070
  44 R   0.00573 0.08344 0.18836 0.22045 0.18821 0.13421 0.08537 0.05013 0.02760 0.01485 0.00165 ( 4)  0.429 +-  0.192
  45 R   0.65945 0.22425 0.07808 0.02574 0.00839 0.00275 0.00091 0.00030 0.00010 0.00003 0.00000 ( 1)  0.101 +-  0.087
  46 A   0.00720 0.08821 0.18747 0.21575 0.18459 0.13306 0.08589 0.05128 0.02874 0.01575 0.00206 ( 4)  0.429 +-  0.196
  47 S   0.23761 0.29687 0.21587 0.12455 0.06498 0.03222 0.01552 0.00732 0.00338 0.00158 0.00010 ( 2)  0.221 +-  0.158
  48 K   0.10266 0.29026 0.27060 0.16993 0.08955 0.04310 0.01970 0.00872 0.00376 0.00164 0.00007 ( 2)  0.264 +-  0.154
  49 A   0.00000 0.00012 0.00398 0.02568 0.07486 0.13670 0.18314 0.19589 0.17425 0.13029 0.07509 ( 8)  0.770 +-  0.262
  50 G   0.00099 0.03412 0.11605 0.18207 0.19641 0.17002 0.12721 0.08550 0.05252 0.03047 0.00464 ( 5)  0.507 +-  0.205
  51 E   0.07844 0.25537 0.26925 0.18758 0.10759 0.05533 0.02656 0.01214 0.00532 0.00234 0.00009 ( 3)  0.287 +-  0.161
  52 D   0.02772 0.20754 0.28525 0.22143 0.13236 0.06870 0.03280 0.01484 0.00644 0.00282 0.00011 ( 3)  0.319 +-  0.158
  53 A   0.00000 0.00000 0.00003 0.00041 0.00246 0.00909 0.02390 0.04867 0.08023 0.11043 0.72479 (11)  1.378 +-  0.422
  54 E   0.01215 0.12010 0.21784 0.22208 0.17260 0.11491 0.06926 0.03887 0.02055 0.01069 0.00094 ( 4)  0.395 +-  0.187
  55 Q   0.57518 0.24682 0.10711 0.04327 0.01699 0.00660 0.00254 0.00098 0.00037 0.00014 0.00000 ( 1)  0.122 +-  0.108
  56 H   0.02916 0.21304 0.28677 0.21904 0.12950 0.06684 0.03190 0.01449 0.00634 0.00281 0.00012 ( 3)  0.317 +-  0.158
  57 T   0.00000 0.00006 0.00174 0.01096 0.03416 0.07051 0.11097 0.14338 0.15733 0.14745 0.32344 (11)  1.009 +-  0.404
  58 L   0.77851 0.14434 0.04802 0.01765 0.00685 0.00275 0.00113 0.00047 0.00020 0.00008 0.00000 ( 1)  0.085 +-  0.080
  59 A   0.62285 0.23618 0.09074 0.03262 0.01147 0.00401 0.00141 0.00049 0.00017 0.00006 0.00000 ( 1)  0.110 +-  0.096
  60 K   0.67948 0.21685 0.07121 0.02229 0.00695 0.00219 0.00070 0.00023 0.00007 0.00002 0.00000 ( 1)  0.097 +-  0.083
  61 Y   0.86269 0.10579 0.02349 0.00585 0.00156 0.00044 0.00013 0.00004 0.00001 0.00000 0.00000 ( 1)  0.068 +-  0.051
  62 L   0.77548 0.14543 0.04892 0.01817 0.00712 0.00289 0.00120 0.00050 0.00021 0.00009 0.00001 ( 1)  0.085 +-  0.081
  63 M   0.53832 0.31548 0.10701 0.02931 0.00743 0.00184 0.00046 0.00011 0.00003 0.00001 0.00000 ( 1)  0.116 +-  0.087
  64 E   0.30781 0.32606 0.19934 0.09632 0.04196 0.01734 0.00696 0.00273 0.00105 0.00041 0.00001 ( 2)  0.184 +-  0.134
  65 L   0.80225 0.13519 0.04097 0.01376 0.00490 0.00182 0.00069 0.00027 0.00010 0.00004 0.00000 ( 1)  0.079 +-  0.071
  66 T   0.00909 0.10019 0.19807 0.21691 0.17941 0.12637 0.08029 0.04739 0.02631 0.01430 0.00166 ( 4)  0.417 +-  0.195
  67 L   0.00284 0.05158 0.14343 0.20041 0.19788 0.15859 0.11057 0.06961 0.04027 0.02223 0.00258 ( 4)  0.473 +-  0.199
  68 I   0.00010 0.01113 0.06285 0.13572 0.18338 0.18786 0.16022 0.11952 0.07978 0.04896 0.01048 ( 6)  0.575 +-  0.212
  69 D   0.88988 0.08964 0.01626 0.00330 0.00071 0.00016 0.00004 0.00001 0.00000 0.00000 0.00000 ( 1)  0.064 +-  0.043
  70 Y   0.87951 0.09582 0.01902 0.00426 0.00103 0.00026 0.00007 0.00002 0.00001 0.00000 0.00000 ( 1)  0.065 +-  0.046
  71 D   0.72195 0.20053 0.05677 0.01522 0.00405 0.00108 0.00029 0.00008 0.00002 0.00001 0.00000 ( 1)  0.088 +-  0.072
  72 M   0.81357 0.15125 0.02876 0.00524 0.00096 0.00018 0.00003 0.00001 0.00000 0.00000 0.00000 ( 1)  0.073 +-  0.053
  73 V   0.66248 0.22391 0.07697 0.02493 0.00796 0.00255 0.00082 0.00027 0.00009 0.00003 0.00000 ( 1)  0.100 +-  0.086
  74 H   0.71795 0.20229 0.05808 0.01580 0.00426 0.00116 0.00032 0.00009 0.00003 0.00001 0.00000 ( 1)  0.089 +-  0.073
  75 Y   0.00000 0.00182 0.02274 0.07836 0.14500 0.18636 0.18840 0.16004 0.11788 0.07685 0.02256 ( 7)  0.651 +-  0.220
  76 H   0.00849 0.09254 0.18530 0.20893 0.17962 0.13211 0.08775 0.05408 0.03125 0.01757 0.00236 ( 4)  0.432 +-  0.201
  77 P   0.33692 0.33160 0.18877 0.08542 0.03510 0.01379 0.00531 0.00202 0.00076 0.00029 0.00001 ( 1)  0.173 +-  0.127
  78 S   0.85599 0.10962 0.02531 0.00653 0.00180 0.00052 0.00016 0.00005 0.00002 0.00000 0.00000 ( 1)  0.069 +-  0.053
  79 E   0.00259 0.06911 0.18484 0.23068 0.20004 0.14061 0.08629 0.04805 0.02473 0.01231 0.00076 ( 4)  0.431 +-  0.182
  80 I   0.00023 0.01997 0.09454 0.17408 0.20364 0.18305 0.13865 0.09291 0.05636 0.03207 0.00451 ( 5)  0.525 +-  0.199
  81 A   0.65986 0.22513 0.07789 0.02530 0.00806 0.00257 0.00082 0.00026 0.00008 0.00003 0.00000 ( 1)  0.101 +-  0.086
  82 A   0.86089 0.10704 0.02393 0.00596 0.00158 0.00044 0.00013 0.00004 0.00001 0.00000 0.00000 ( 1)  0.068 +-  0.052
  83 A   0.87185 0.10074 0.02094 0.00485 0.00120 0.00031 0.00008 0.00002 0.00001 0.00000 0.00000 ( 1)  0.066 +-  0.048
  84 A   0.86897 0.10240 0.02172 0.00514 0.00130 0.00034 0.00009 0.00003 0.00001 0.00000 0.00000 ( 1)  0.067 +-  0.049
  85 L   0.00000 0.00001 0.00033 0.00330 0.01474 0.04039 0.07959 0.12283 0.15490 0.16139 0.42252 (11)  1.107 +-  0.399
  86 C   0.88204 0.09452 0.01828 0.00396 0.00092 0.00022 0.00006 0.00001 0.00000 0.00000 0.00000 ( 1)  0.065 +-  0.045
  87 L   0.80775 0.13307 0.03934 0.01287 0.00445 0.00160 0.00059 0.00022 0.00008 0.00003 0.00000 ( 1)  0.078 +-  0.069
  88 S   0.00119 0.03812 0.12215 0.18371 0.19298 0.16496 0.12337 0.08377 0.05246 0.03127 0.00602 ( 5)  0.505 +-  0.211
  89 Q   0.00256 0.03969 0.10785 0.15973 0.17571 0.16175 0.13189 0.09800 0.06703 0.04319 0.01259 ( 5)  0.533 +-  0.233
  90 K   0.02449 0.19048 0.27351 0.22299 0.14059 0.07721 0.03908 0.01876 0.00865 0.00401 0.00022 ( 3)  0.333 +-  0.165
  91 V   0.00014 0.01370 0.07136 0.14491 0.18697 0.18513 0.15410 0.11310 0.07478 0.04580 0.01001 ( 5)  0.564 +-  0.213

Positively selected sites

	Prob(w>1)  mean w

     2 D      0.713         1.373 +- 0.436
    53 A      0.725         1.378 +- 0.422

